7 6
10 10 16 1 18 4 10 
U 3 6
U 1 5
U 3 6
U 3 5
Q 5 7
Q 1 3
7 5
13 19 24 23 1 1 27 
Q 3 6
U 3 6
U 3 7
U 2 3
Q 4 5
7 2
9 27 29 6 4 25 22 
U 3 6
Q 3 7
7 7
21 8 10 3 12 5 2 
Q 5 6
Q 3 6
Q 4 6
Q 3 7
U 5 6
Q 2 6
Q 5 6
7 6
4 23 24 18 3 9 8 
U 2 3
U 3 5
U 5 6
U 5 7
U 1 5
Q 6 7
7 6
5 3 1 6 18 8 8 
U 3 7
U 2 3
U 4 6
U 1 3
U 2 5
Q 2 6
7 5
6 12 8 25 3 8 8 
U 2 3
U 1 6
U 2 3
U 2 7
Q 2 6
7 5
7 1 7 20 6 24 25 
U 2 5
U 5 7
U 2 6
Q 2 7
Q 2 6
7 5
29 4 23 22 11 1 3 
U 2 7
U 2 3
U 2 4
U 2 5
Q 1 2
7 6
22 7 8 24 16 8 10 
U 4 6
Q 2 7
U 3 5
U 2 7
U 2 6
Q 2 4
