8 5
10 27 20 9 19 1 15 3 
U 1 3
Q 1 3
Q 1 3
U 2 5
Q 1 4
13 8
29 11 22 27 28 14 25 26 30 11 16 10 10 
U 6 8
Q 2 3
U 2 11
Q 11 12
Q 3 13
U 10 12
U 3 13
Q 3 8
13 5
17 2 4 20 24 2 14 3 26 12 29 28 26 
Q 3 10
U 9 13
U 3 4
Q 4 8
Q 3 11
13 7
13 5 13 30 3 17 30 15 22 22 4 11 19 
Q 7 13
U 1 8
U 3 13
Q 1 11
Q 8 11
U 5 9
Q 3 10
13 10
13 18 7 25 5 29 13 27 21 13 18 10 7 
U 3 13
Q 8 11
Q 3 8
U 3 10
U 3 8
Q 2 5
Q 1 6
U 5 13
U 6 12
Q 5 13
13 2
10 11 15 30 17 1 17 12 24 5 5 9 11 
U 6 9
Q 3 4
13 3
24 7 9 17 12 15 1 25 23 12 17 20 14 
Q 3 6
Q 3 12
Q 12 13
13 8
14 17 18 1 9 7 3 11 10 24 4 9 4 
U 8 11
Q 3 4
Q 3 5
U 7 8
U 3 9
Q 4 6
Q 3 12
Q 3 7
13 7
15 15 24 14 27 23 20 29 27 22 17 21 11 
U 4 12
U 12 13
Q 6 11
Q 8 13
U 10 11
U 5 9
Q 4 10
13 2
7 12 5 16 30 24 23 9 8 27 26 21 30 
U 6 9
Q 4 13
