7 9
8 5 23 26 13 7 19 
Q 3 4
U 5 7
Q 1 2
U 3 6
Q 1 4
U 4 6
U 2 4
U 2 3
Q 2 7
12 8
30 13 18 13 10 16 6 8 23 22 2 29 
Q 2 4
U 9 10
Q 7 11
Q 4 8
U 4 11
Q 2 8
Q 3 10
Q 9 12
12 7
3 2 2 20 9 14 6 11 12 24 5 19 
Q 2 11
U 2 12
Q 5 12
Q 3 9
U 2 8
U 9 11
Q 6 7
12 2
25 29 12 21 12 16 9 20 23 29 13 19 
U 6 7
Q 4 11
12 2
16 12 20 1 6 10 4 6 10 21 1 28 
U 4 10
Q 2 7
12 10
15 11 11 4 28 14 8 23 16 28 23 7 
U 1 2
U 6 7
Q 6 10
Q 2 11
U 2 8
U 2 8
Q 3 12
Q 3 11
U 7 10
Q 2 9
12 9
27 6 17 26 7 5 30 12 26 19 20 4 
U 4 8
U 4 7
Q 4 8
U 2 10
U 3 8
Q 1 3
U 5 7
U 2 11
Q 9 10
12 2
17 2 2 15 3 15 19 17 13 11 24 24 
U 2 7
Q 2 11
12 4
1 28 25 1 28 29 4 30 12 19 6 5 
U 5 9
Q 6 9
Q 2 6
Q 2 8
12 7
10 19 20 9 17 30 5 11 26 21 22 3 
Q 1 3
U 7 9
U 2 5
Q 7 9
Q 2 6
Q 7 8
Q 2 12
