19 8
22 27 11 3 12 15 28 8 14 13 6 11 22 23 10 23 7 16 16 
Q 5 16
U 1 6
U 3 19
Q 13 16
U 15 16
Q 6 12
Q 13 16
Q 4 10
7 3
30 14 3 21 6 27 24 
Q 2 4
Q 4 7
Q 1 4
7 3
22 27 10 1 30 21 18 
U 3 5
U 5 6
Q 2 3
7 7
20 1 28 8 16 3 30 
U 2 3
U 3 5
U 5 7
U 2 6
Q 1 3
Q 1 3
Q 2 3
7 4
7 3 11 5 10 5 3 
U 3 6
U 1 3
U 6 7
Q 1 3
7 7
14 13 20 28 6 9 8 
U 1 6
U 3 7
U 4 5
U 6 7
U 3 5
Q 2 3
Q 4 5
7 3
8 1 17 19 28 20 20 
U 2 3
U 2 3
Q 3 6
7 6
7 5 4 26 15 2 2 
U 3 4
U 4 6
U 5 6
U 3 7
Q 3 6
Q 3 7
7 5
15 1 25 7 28 11 12 
U 3 7
U 3 6
U 1 3
Q 4 7
Q 3 4
7 10
20 15 5 21 12 3 11 
U 2 3
U 1 6
Q 2 3
Q 1 4
Q 6 7
Q 1 4
U 2 3
U 4 5
U 3 4
Q 3 7
