7 7
26 20 10 13 6 3 12 
Q 3 4
Q 2 5
U 2 3
U 5 7
Q 3 6
U 1 5
Q 2 7
11 8
6 24 17 28 22 28 4 15 21 2 28 
Q 8 9
Q 2 10
U 2 10
Q 2 11
U 10 11
U 6 10
Q 5 11
Q 2 10
11 9
14 2 2 5 7 19 26 15 19 23 18 
Q 2 9
Q 5 6
U 3 5
Q 4 5
U 1 10
U 2 5
Q 1 8
U 6 8
Q 2 5
11 5
13 18 21 20 14 28 8 10 25 14 28 
Q 2 3
U 4 10
U 2 7
Q 6 11
Q 2 9
11 10
6 5 9 14 28 13 24 4 8 24 26 
U 2 8
U 6 9
U 1 7
Q 4 8
U 2 4
Q 3 4
Q 3 6
U 7 8
Q 3 8
Q 6 9
11 10
3 17 16 15 13 1 15 20 19 28 25 
U 4 7
Q 2 9
Q 1 8
U 2 7
U 2 7
Q 4 10
U 8 11
Q 2 9
Q 1 9
Q 9 11
11 8
15 1 22 3 26 9 25 11 7 30 3 
Q 4 8
U 3 9
U 4 9
Q 2 9
Q 2 9
U 8 10
U 2 7
Q 2 7
11 10
24 30 20 24 9 5 2 21 8 10 16 
Q 8 10
U 5 9
U 8 9
Q 3 4
U 2 11
U 9 11
U 9 11
Q 7 9
Q 9 10
Q 5 9
11 6
20 27 24 3 15 15 14 14 25 29 23 
U 2 5
Q 5 6
Q 2 5
U 2 10
U 2 5
Q 5 6
11 10
2 28 5 26 27 12 12 23 13 11 18 
Q 2 10
U 2 6
U 6 10
Q 7 11
Q 5 11
Q 2 11
U 2 6
Q 2 8
Q 6 7
Q 2 6
