16 10
19 29 4 13 19 17 8 18 21 27 5 12 30 25 5 5 
Q 4 16
U 6 13
Q 10 12
U 10 11
U 1 9
U 1 14
U 7 13
Q 7 13
U 6 11
Q 1 16
20 10
18 24 24 13 29 10 3 3 15 29 18 20 10 23 21 28 17 4 12 4 
Q 1 7
U 6 8
Q 3 16
U 5 10
U 1 8
Q 3 12
U 1 10
U 1 2
Q 2 3
Q 10 16
20 9
22 22 16 7 14 9 3 22 14 16 21 5 25 30 13 4 16 23 24 9 
Q 7 20
U 11 13
Q 1 18
Q 1 14
U 5 15
Q 12 18
Q 5 6
U 1 5
Q 8 17
20 7
24 9 21 17 6 11 8 12 9 24 16 3 15 23 12 8 11 9 15 16 
U 8 13
U 14 18
Q 7 10
U 7 16
Q 8 19
Q 13 18
Q 1 18
20 8
21 2 29 22 18 13 11 27 12 16 3 2 19 20 17 4 14 30 15 15 
Q 3 10
Q 3 17
U 4 11
U 15 17
Q 10 17
U 15 17
U 1 17
Q 16 17
20 3
2 22 22 25 4 1 7 15 9 19 12 16 10 13 5 4 9 11 14 7 
U 9 13
Q 9 19
Q 2 17
20 9
28 30 27 9 7 25 2 6 18 28 7 24 26 12 14 19 18 24 30 16 
Q 9 11
U 1 17
Q 1 18
Q 10 17
U 1 8
Q 11 17
Q 4 9
U 16 18
Q 2 14
20 5
15 20 1 5 26 16 25 29 21 5 12 20 12 3 3 22 20 6 26 11 
U 8 17
Q 3 6
U 1 19
U 10 14
Q 2 3
20 3
15 28 29 26 3 19 30 3 6 27 6 24 6 23 15 13 5 7 13 6 
Q 1 20
Q 15 16
Q 10 19
20 9
11 6 4 10 6 13 25 24 15 6 1 2 22 22 23 28 14 19 30 15 
Q 3 10
U 11 14
U 19 20
Q 3 15
U 12 20
U 4 16
Q 12 18
Q 11 17
Q 2 9
