20 8
7 6 2 9 18 22 6 30 10 27 4 13 20 27 6 24 8 24 1 21 
U 2 13
Q 17 19
U 5 20
Q 1 8
Q 11 19
U 10 17
U 14 20
Q 5 6
8 5
6 29 20 27 9 5 23 20 
Q 1 3
Q 2 5
U 2 8
U 5 8
Q 2 5
8 2
5 6 10 21 8 12 1 11 
U 6 7
Q 2 5
8 10
24 28 1 11 12 26 16 30 
U 3 5
U 2 7
U 2 8
Q 4 6
Q 6 7
Q 2 4
Q 2 5
U 2 6
U 5 8
Q 2 5
8 2
5 6 1 28 23 29 22 30 
U 2 8
Q 2 5
8 9
23 28 22 18 28 14 7 19 
Q 3 6
Q 2 8
U 1 7
Q 4 7
Q 4 5
Q 3 6
Q 3 7
Q 7 8
Q 5 6
8 4
7 27 9 25 28 26 22 16 
Q 1 4
Q 2 4
Q 6 8
Q 6 7
8 3
21 2 1 2 30 13 10 3 
U 5 8
U 2 4
Q 3 6
8 3
7 16 30 28 17 30 29 7 
Q 3 5
Q 5 6
Q 2 4
8 10
26 28 3 2 19 19 30 6 
U 2 4
U 4 5
Q 3 7
Q 5 6
U 1 5
Q 4 8
U 2 4
U 4 7
U 1 2
Q 1 4
