1000 10000
384 562 
211 683 
206 527 
548 734 
93 995 
841 98 
955 919 
726 912 
430 880 
261 821 
424 849 
727 249 
861 89 
5 236 
342 626 
489 844 
297 888 
448 736 
559 732 
29 826 
839 820 
478 701 
962 316 
213 33 
886 729 
687 777 
318 52 
581 136 
329 823 
70 612 
481 38 
63 328 
179 839 
658 631 
113 28 
81 115 
341 663 
491 306 
287 109 
121 19 
422 353 
526 16 
606 239 
315 132 
179 694 
244 664 
802 869 
779 888 
124 689 
28 142 
727 927 
637 47 
154 399 
791 701 
501 521 
523 255 
605 501 
126 525 
776 995 
967 238 
566 525 
966 666 
372 389 
858 259 
285 196 
611 498 
572 255 
635 189 
483 557 
85 86 
348 804 
437 112 
746 250 
891 785 
158 180 
451 137 
756 152 
331 339 
515 122 
790 574 
54 442 
24 281 
459 377 
320 620 
64 12 
819 702 
941 234 
248 475 
244 275 
351 429 
59 880 
54 471 
705 901 
852 886 
52 363 
847 830 
606 560 
340 112 
722 292 
333 30 
850 992 
996 740 
728 909 
158 956 
298 310 
450 881 
14 698 
691 973 
386 65 
341 244 
237 24 
713 598 
727 912 
895 804 
995 835 
531 381 
598 433 
55 975 
195 814 
801 241 
661 107 
885 879 
658 469 
702 743 
891 273 
618 909 
905 216 
972 251 
356 502 
379 584 
183 105 
714 737 
756 635 
770 637 
650 509 
894 806 
870 892 
980 146 
227 965 
120 68 
509 368 
212 194 
162 445 
459 234 
294 356 
565 434 
415 681 
614 473 
673 1001 
470 257 
206 84 
811 38 
389 877 
648 146 
609 661 
77 42 
129 105 
172 569 
968 461 
919 94 
154 985 
127 406 
128 563 
994 810 
113 724 
936 421 
191 235 
569 994 
618 832 
478 953 
718 741 
203 6 
489 77 
964 164 
741 273 
372 285 
174 26 
609 951 
553 809 
384 48 
117 176 
53 592 
778 371 
366 282 
387 99 
58 370 
520 173 
191 933 
9 880 
681 577 
481 33 
512 423 
124 912 
61 828 
740 248 
471 591 
833 333 
119 607 
28 128 
637 565 
24 77 
50 291 
709 851 
926 734 
583 994 
387 18 
711 373 
646 633 
930 994 
636 165 
61 806 
582 331 
820 152 
296 624 
886 733 
416 459 
153 925 
298 551 
390 734 
335 25 
161 704 
252 777 
320 655 
270 522 
727 786 
99 483 
51 7 
32 222 
892 590 
670 694 
919 710 
155 24 
948 683 
584 250 
91 663 
182 335 
843 423 
192 575 
750 838 
742 74 
705 850 
175 290 
952 135 
737 824 
654 726 
101 975 
710 668 
350 609 
508 274 
543 564 
811 996 
498 49 
552 170 
296 521 
928 659 
850 78 
558 215 
429 659 
635 785 
327 300 
339 409 
557 263 
769 815 
664 357 
102 878 
503 673 
715 999 
372 822 
11 54 
146 932 
136 628 
259 785 
913 61 
249 175 
312 887 
638 512 
768 431 
838 1000 
824 476 
52 376 
215 844 
424 723 
146 606 
914 491 
39 758 
467 763 
231 875 
837 41 
137 497 
251 878 
377 335 
878 95 
756 540 
634 834 
388 193 
215 924 
768 222 
968 242 
132 470 
725 511 
505 534 
786 242 
761 48 
446 901 
276 408 
254 393 
975 382 
876 798 
322 182 
663 308 
30 733 
210 206 
85 484 
606 16 
342 985 
860 440 
661 33 
135 181 
527 296 
822 92 
247 263 
138 318 
541 556 
262 818 
840 176 
958 177 
335 337 
914 651 
595 684 
267 991 
186 760 
699 284 
182 584 
330 198 
763 558 
340 625 
179 625 
392 769 
468 666 
824 972 
564 784 
956 685 
728 165 
566 420 
681 844 
544 785 
997 206 
820 961 
214 385 
534 304 
603 19 
87 97 
811 364 
430 800 
698 439 
395 811 
256 198 
854 89 
366 761 
292 372 
456 981 
361 571 
703 27 
180 265 
720 941 
441 279 
372 424 
531 956 
228 271 
834 178 
905 218 
533 349 
452 649 
55 681 
163 358 
271 376 
227 148 
400 821 
897 451 
6 213 
443 379 
605 89 
575 320 
559 650 
685 441 
865 434 
152 997 
33 287 
316 649 
714 677 
816 378 
503 395 
625 826 
201 486 
707 459 
535 114 
136 792 
473 827 
948 120 
918 978 
502 829 
854 440 
576 824 
235 933 
307 125 
903 714 
703 771 
79 288 
321 430 
972 653 
734 745 
3 15 
658 775 
231 268 
615 178 
365 429 
327 313 
985 637 
648 559 
775 932 
922 267 
959 514 
367 61 
155 621 
55 887 
211 927 
1000 187 
324 495 
599 500 
240 770 
917 848 
520 140 
979 967 
281 918 
411 404 
158 165 
80 628 
953 60 
417 73 
777 296 
676 257 
844 720 
883 235 
280 576 
354 300 
765 633 
177 800 
852 885 
856 703 
331 980 
920 774 
442 464 
274 195 
833 566 
198 999 
834 255 
114 290 
388 755 
38 179 
741 344 
642 340 
157 506 
105 914 
736 43 
133 891 
245 959 
454 615 
22 607 
111 13 
73 36 
743 1 
700 727 
103 827 
269 499 
7 708 
225 334 
601 818 
196 955 
946 912 
431 409 
131 601 
127 918 
479 4 
900 132 
978 971 
960 334 
427 659 
780 374 
408 154 
226 930 
850 213 
742 116 
818 185 
506 274 
241 480 
661 464 
713 619 
600 382 
797 940 
813 831 
121 68 
423 533 
858 307 
44 742 
258 318 
423 260 
428 681 
976 755 
72 583 
792 101 
947 362 
128 825 
110 285 
28 300 
508 799 
855 936 
275 84 
994 82 
744 840 
846 793 
603 815 
36 90 
950 652 
852 490 
922 344 
221 874 
488 196 
591 465 
106 328 
106 129 
199 149 
495 397 
365 348 
497 891 
542 157 
986 483 
30 619 
945 684 
714 877 
830 607 
320 245 
361 499 
624 948 
438 809 
652 337 
492 992 
960 815 
169 183 
262 405 
448 264 
818 187 
743 922 
196 1001 
188 488 
965 26 
892 828 
111 613 
168 554 
916 271 
424 779 
286 487 
51 614 
601 826 
747 946 
61 249 
892 438 
625 283 
604 85 
619 192 
961 308 
10 550 
579 76 
751 732 
502 997 
435 478 
472 829 
916 33 
54 127 
634 646 
690 11 
633 92 
411 888 
213 501 
377 444 
976 854 
801 95 
768 871 
440 297 
792 375 
506 597 
775 460 
165 495 
993 418 
779 387 
730 362 
61 604 
880 972 
789 728 
259 296 
581 273 
618 813 
542 90 
89 243 
265 68 
548 706 
847 262 
924 530 
992 714 
926 809 
393 149 
671 917 
718 563 
436 906 
740 580 
844 123 
972 302 
985 370 
686 522 
588 139 
58 171 
317 937 
766 50 
629 586 
157 824 
761 854 
42 562 
882 519 
407 859 
360 674 
464 656 
825 641 
15 912 
536 192 
438 368 
51 996 
538 563 
903 38 
628 310 
750 907 
566 386 
77 639 
365 378 
826 372 
497 655 
908 48 
427 807 
489 121 
882 198 
216 835 
939 842 
130 356 
618 398 
251 809 
548 118 
122 636 
380 362 
792 204 
104 649 
118 838 
183 551 
690 476 
813 67 
517 177 
652 728 
703 377 
344 864 
926 911 
903 597 
705 333 
19 711 
845 803 
822 394 
328 907 
680 534 
841 211 
385 626 
995 372 
526 968 
266 429 
306 480 
970 260 
891 593 
8 569 
778 123 
147 99 
264 274 
39 70 
387 651 
148 622 
998 716 
169 840 
178 88 
823 901 
164 993 
12 339 
478 119 
345 804 
262 195 
716 655 
443 417 
252 975 
770 106 
465 556 
418 522 
184 721 
550 938 
659 832 
102 784 
752 598 
686 51 
251 973 
819 329 
191 129 
174 283 
565 633 
863 788 
819 382 
157 891 
354 803 
454 69 
977 470 
733 779 
78 586 
890 477 
784 160 
595 589 
35 765 
505 258 
915 355 
893 957 
984 704 
254 957 
750 330 
763 563 
122 5 
188 174 
661 259 
163 63 
803 955 
435 180 
964 701 
762 358 
511 642 
955 36 
916 829 
308 3 
231 826 
422 54 
543 326 
565 422 
995 779 
221 516 
529 62 
267 178 
141 999 
577 537 
659 539 
707 2 
266 888 
30 406 
428 961 
477 323 
672 557 
391 372 
759 914 
964 829 
383 407 
965 76 
817 455 
58 731 
75 574 
96 755 
977 492 
978 766 
396 536 
750 264 
407 836 
220 979 
772 419 
185 982 
960 877 
740 955 
338 865 
830 484 
346 226 
463 813 
798 244 
919 608 
957 865 
876 403 
759 917 
547 647 
607 274 
361 983 
8 550 
1000 697 
210 351 
371 601 
552 119 
572 507 
788 342 
676 110 
532 671 
500 636 
675 690 
702 418 
577 739 
986 531 
549 947 
412 143 
142 727 
167 585 
324 364 
270 236 
170 734 
609 721 
179 547 
336 318 
820 441 
824 984 
761 655 
433 890 
133 930 
803 418 
619 664 
786 2 
472 242 
797 728 
347 953 
136 902 
392 250 
769 171 
956 517 
23 837 
404 911 
26 454 
850 147 
424 341 
243 568 
937 441 
96 607 
693 12 
877 753 
450 389 
26 957 
502 745 
961 346 
127 911 
615 95 
540 19 
116 760 
895 365 
713 805 
927 213 
374 218 
367 497 
90 151 
771 468 
944 366 
184 572 
548 159 
38 56 
205 709 
810 132 
554 460 
323 689 
459 852 
279 392 
208 190 
971 974 
571 331 
57 913 
509 341 
258 346 
185 649 
782 167 
388 666 
543 597 
983 141 
603 325 
733 671 
672 962 
821 779 
813 281 
989 513 
927 309 
254 858 
151 47 
5 633 
145 903 
788 197 
316 67 
537 984 
322 89 
822 195 
383 285 
527 716 
468 454 
889 503 
869 809 
421 395 
723 716 
839 484 
607 892 
129 336 
954 865 
435 842 
182 47 
539 667 
948 979 
122 535 
109 658 
909 59 
954 322 
30 237 
629 648 
295 290 
784 472 
633 402 
642 795 
222 266 
638 305 
601 860 
418 308 
463 173 
641 58 
861 910 
150 771 
73 437 
529 583 
987 201 
8 286 
419 97 
750 970 
428 714 
808 624 
737 411 
976 229 
84 570 
201 256 
456 583 
633 162 
505 996 
99 285 
829 624 
248 93 
762 14 
190 720 
161 486 
137 822 
592 901 
748 855 
484 841 
704 498 
57 157 
908 620 
662 252 
1001 488 
51 668 
955 347 
254 224 
390 234 
909 386 
324 890 
467 725 
442 501 
568 273 
601 904 
799 704 
727 945 
28 452 
127 408 
859 485 
827 340 
127 527 
479 256 
686 809 
314 156 
142 206 
247 427 
516 758 
395 778 
283 903 
567 67 
548 14 
234 422 
353 148 
663 241 
938 381 
341 19 
694 865 
518 152 
705 347 
736 581 
665 219 
188 178 
1000 878 
337 729 
782 104 
159 677 
305 458 
208 620 
737 690 
73 597 
277 3 
814 491 
702 215 
35 375 
362 971 
230 161 
220 638 
769 294 
591 652 
875 828 
910 175 
144 194 
302 273 
748 467 
598 632 
445 683 
212 420 
820 960 
200 906 
668 65 
724 904 
216 825 
102 241 
655 652 
245 816 
215 443 
971 98 
718 866 
173 697 
447 362 
156 361 
148 287 
540 967 
454 610 
834 721 
990 221 
928 963 
783 242 
248 692 
884 610 
575 326 
970 420 
704 669 
195 637 
808 78 
609 876 
879 476 
699 137 
582 234 
453 324 
124 461 
601 666 
940 806 
4 157 
151 882 
667 967 
554 495 
54 365 
208 15 
444 274 
804 958 
801 139 
758 80 
756 134 
432 926 
498 352 
590 286 
446 514 
250 414 
32 245 
103 16 
702 456 
691 232 
199 777 
657 246 
679 529 
367 930 
150 590 
442 686 
442 458 
69 455 
648 566 
897 430 
604 143 
466 417 
404 23 
156 91 
66 425 
90 130 
952 347 
275 161 
498 857 
378 588 
186 834 
477 674 
108 104 
587 240 
384 21 
656 847 
860 71 
477 798 
136 147 
713 689 
582 438 
565 481 
991 315 
460 61 
301 596 
773 592 
32 266 
842 871 
986 60 
233 517 
874 840 
730 5 
869 239 
539 430 
711 447 
526 912 
694 624 
751 511 
643 98 
784 256 
486 872 
992 1000 
318 733 
867 580 
654 137 
436 735 
773 401 
30 964 
415 757 
944 376 
789 258 
874 631 
882 723 
299 429 
701 682 
208 113 
538 883 
767 650 
420 275 
620 225 
244 166 
933 768 
528 607 
17 370 
490 914 
683 575 
585 392 
11 600 
123 332 
878 2 
136 382 
18 157 
575 713 
846 738 
363 731 
206 199 
386 162 
780 40 
812 442 
965 233 
529 80 
21 852 
306 63 
590 108 
354 219 
799 975 
174 129 
1 867 
882 765 
20 156 
1001 184 
446 56 
495 189 
208 385 
162 202 
678 627 
68 408 
257 278 
119 822 
381 750 
587 299 
53 299 
324 571 
302 594 
875 71 
125 823 
732 573 
294 381 
973 992 
80 825 
980 928 
125 976 
201 87 
315 971 
726 256 
390 414 
107 312 
867 574 
637 727 
364 893 
355 942 
682 879 
654 41 
612 929 
87 728 
392 153 
921 35 
359 195 
6 507 
177 468 
53 562 
769 197 
630 420 
382 161 
264 989 
794 891 
616 663 
633 293 
300 378 
311 739 
292 465 
898 805 
628 204 
22 855 
33 452 
676 870 
984 662 
186 112 
971 48 
960 13 
45 860 
322 436 
643 213 
948 904 
615 681 
21 839 
622 89 
481 359 
542 576 
475 572 
980 597 
825 841 
82 680 
644 887 
359 77 
435 71 
795 947 
485 644 
439 10 
365 642 
1000 659 
200 24 
892 711 
828 954 
887 690 
361 220 
817 118 
337 392 
8 307 
67 53 
306 468 
552 574 
720 657 
286 300 
322 364 
591 222 
301 430 
526 566 
128 146 
74 954 
935 954 
460 895 
813 917 
926 613 
733 692 
476 345 
45 413 
813 568 
385 106 
589 907 
693 776 
870 146 
449 23 
950 779 
11 736 
623 591 
467 544 
995 650 
10 665 
953 177 
62 896 
559 879 
200 244 
714 902 
983 876 
946 305 
351 828 
852 761 
880 799 
153 23 
366 723 
774 213 
825 4 
844 225 
837 243 
667 737 
614 460 
664 877 
580 492 
84 822 
794 650 
57 666 
18 3 
704 844 
288 756 
686 900 
101 598 
323 260 
146 822 
232 405 
612 814 
661 669 
636 833 
134 11 
837 583 
689 372 
502 642 
483 384 
122 1001 
223 451 
521 968 
436 904 
968 559 
450 983 
618 6 
620 267 
314 310 
959 764 
252 87 
198 913 
762 382 
64 84 
827 520 
561 274 
607 959 
632 221 
653 768 
250 680 
778 44 
467 844 
444 673 
804 183 
239 267 
644 263 
745 189 
187 368 
75 766 
976 797 
620 271 
329 161 
124 763 
263 1000 
268 769 
379 723 
50 568 
467 463 
809 908 
406 744 
820 459 
953 580 
606 922 
254 480 
341 1 
858 618 
550 329 
840 668 
330 947 
689 522 
872 721 
268 148 
26 436 
147 317 
268 684 
598 72 
782 235 
300 883 
849 526 
860 672 
353 522 
580 441 
245 749 
392 902 
790 738 
63 639 
818 345 
462 675 
410 570 
890 941 
900 190 
820 396 
653 828 
568 125 
924 362 
951 163 
138 122 
589 619 
863 506 
813 377 
19 241 
26 722 
883 659 
751 780 
825 580 
570 737 
943 95 
880 426 
19 676 
637 30 
339 661 
146 43 
499 297 
77 585 
940 257 
585 488 
363 439 
118 764 
748 75 
201 800 
811 589 
515 858 
15 114 
825 994 
281 978 
976 50 
230 706 
916 1001 
328 62 
515 822 
18 362 
485 745 
414 937 
695 238 
428 139 
557 544 
839 490 
848 369 
245 180 
609 66 
601 442 
203 139 
846 673 
39 394 
30 197 
591 327 
26 782 
707 660 
139 894 
900 571 
451 452 
55 718 
533 377 
514 752 
952 208 
798 77 
196 611 
323 825 
418 718 
204 674 
942 30 
221 226 
471 664 
206 393 
450 208 
117 442 
497 763 
656 540 
713 869 
328 290 
881 941 
194 888 
938 514 
391 729 
629 71 
64 263 
145 689 
633 614 
630 963 
174 998 
843 591 
994 870 
658 914 
618 476 
541 399 
467 720 
460 834 
267 37 
666 315 
390 711 
517 202 
535 40 
280 275 
977 389 
943 583 
444 844 
658 285 
190 234 
837 473 
801 268 
904 691 
27 267 
359 13 
830 680 
751 517 
887 494 
533 471 
520 170 
53 403 
626 171 
44 694 
762 653 
513 279 
916 367 
657 193 
747 568 
391 577 
866 776 
791 844 
413 674 
291 687 
532 400 
237 569 
839 643 
994 623 
542 742 
734 326 
903 233 
709 783 
332 684 
706 424 
813 589 
325 442 
976 58 
616 427 
822 985 
443 576 
491 798 
429 621 
171 630 
524 944 
52 384 
940 536 
157 680 
152 212 
450 91 
1001 175 
406 861 
232 448 
784 72 
647 887 
271 703 
215 482 
124 394 
927 815 
816 542 
161 248 
516 883 
388 880 
610 930 
211 298 
231 894 
508 708 
20 269 
624 95 
787 518 
596 523 
60 266 
692 468 
146 787 
369 211 
18 883 
93 869 
842 206 
178 129 
141 937 
427 708 
526 925 
700 120 
739 371 
219 392 
588 148 
490 530 
113 388 
239 977 
895 58 
382 253 
55 68 
696 859 
275 136 
111 993 
365 119 
412 268 
532 852 
573 680 
294 637 
101 566 
586 248 
821 705 
281 63 
390 618 
833 920 
208 746 
441 666 
976 864 
305 488 
716 689 
258 586 
207 363 
423 842 
458 495 
889 626 
736 140 
261 791 
636 749 
479 321 
112 913 
581 281 
157 398 
333 508 
456 928 
346 435 
814 829 
478 716 
980 570 
175 139 
726 163 
55 711 
564 953 
49 856 
703 315 
122 38 
876 181 
62 411 
56 783 
851 148 
319 462 
828 419 
603 673 
583 389 
5 323 
964 39 
36 898 
648 591 
89 463 
948 707 
32 818 
430 456 
902 73 
270 166 
325 664 
94 579 
25 841 
700 509 
682 519 
515 269 
329 52 
304 611 
249 439 
304 45 
121 573 
816 257 
745 942 
684 721 
952 52 
285 841 
903 83 
199 39 
367 69 
935 290 
891 693 
217 451 
631 666 
255 924 
250 461 
459 794 
405 335 
545 280 
101 33 
527 498 
104 735 
265 740 
745 209 
121 532 
971 525 
707 999 
634 769 
210 744 
894 746 
575 159 
55 124 
97 748 
348 252 
764 879 
213 286 
992 217 
365 799 
147 94 
535 686 
171 289 
274 936 
188 600 
381 803 
365 51 
370 359 
17 842 
359 31 
792 852 
655 328 
207 507 
235 574 
794 392 
540 667 
875 716 
788 464 
512 373 
116 532 
687 582 
256 538 
658 345 
551 671 
292 753 
27 952 
884 735 
317 198 
651 536 
534 961 
437 226 
176 908 
371 666 
656 396 
211 554 
544 783 
521 956 
168 296 
496 256 
161 171 
889 352 
775 931 
351 331 
996 315 
627 932 
426 812 
465 571 
244 855 
391 576 
24 73 
912 157 
721 396 
752 782 
735 84 
619 359 
448 878 
519 340 
293 706 
620 514 
485 721 
500 611 
754 163 
111 20 
661 250 
5 861 
333 74 
511 889 
395 970 
574 776 
950 887 
347 763 
593 193 
668 194 
254 774 
752 40 
551 690 
306 405 
41 735 
30 802 
614 87 
985 258 
228 479 
526 685 
1001 645 
537 278 
233 730 
730 823 
468 514 
374 731 
741 285 
273 1001 
798 466 
144 340 
138 970 
670 892 
578 509 
127 328 
326 744 
738 410 
112 13 
119 58 
778 681 
6 739 
283 558 
351 489 
632 796 
883 828 
46 344 
729 391 
336 526 
478 535 
758 470 
568 988 
648 151 
499 808 
782 581 
673 123 
95 919 
611 449 
355 593 
873 764 
21 339 
367 269 
774 649 
114 818 
255 521 
474 588 
228 998 
634 231 
636 775 
750 238 
830 743 
730 482 
947 213 
268 313 
907 441 
496 503 
257 662 
149 227 
168 315 
114 592 
806 513 
487 107 
689 341 
760 679 
789 217 
267 550 
12 14 
201 27 
852 348 
135 230 
691 92 
285 20 
680 182 
897 16 
224 574 
523 907 
621 525 
555 112 
27 75 
586 840 
336 836 
599 141 
269 108 
3 558 
729 864 
144 266 
805 396 
963 791 
350 661 
964 371 
627 142 
490 832 
562 508 
920 70 
951 145 
498 762 
71 277 
718 970 
756 796 
369 11 
754 270 
49 770 
48 67 
999 394 
323 565 
974 823 
566 135 
557 761 
569 198 
86 629 
600 487 
86 104 
385 662 
840 956 
452 162 
835 470 
200 870 
346 682 
499 812 
118 437 
326 711 
302 157 
408 614 
846 781 
885 191 
863 116 
266 933 
378 70 
419 772 
959 721 
74 62 
225 888 
845 442 
358 800 
517 213 
546 200 
788 458 
726 357 
350 620 
165 625 
432 151 
692 299 
832 847 
762 308 
472 336 
207 562 
926 990 
251 572 
874 889 
619 328 
943 987 
40 373 
887 81 
482 646 
421 408 
785 896 
839 638 
577 734 
62 986 
201 675 
331 891 
15 962 
672 16 
311 502 
233 591 
782 188 
967 217 
253 559 
485 512 
50 271 
589 556 
981 809 
321 599 
470 564 
755 294 
164 731 
704 883 
721 116 
423 561 
92 294 
682 980 
140 581 
267 525 
414 286 
643 730 
823 170 
232 176 
998 617 
342 246 
583 928 
946 307 
36 685 
845 379 
824 245 
464 947 
184 774 
364 438 
283 516 
375 251 
735 856 
213 34 
393 196 
662 155 
873 656 
10 383 
882 486 
22 526 
525 251 
328 962 
56 169 
951 213 
588 300 
398 909 
797 115 
288 864 
848 113 
235 652 
557 642 
223 939 
104 221 
668 961 
203 577 
931 412 
625 385 
921 560 
171 474 
611 664 
519 597 
350 411 
542 775 
998 181 
654 418 
62 203 
201 870 
692 3 
175 713 
563 297 
905 563 
113 437 
380 806 
272 856 
468 102 
154 331 
373 181 
781 756 
994 20 
415 147 
302 652 
829 747 
792 327 
911 495 
855 15 
57 306 
981 784 
620 926 
787 352 
415 333 
617 480 
174 469 
828 951 
552 945 
495 36 
219 156 
248 186 
718 346 
885 84 
85 566 
508 925 
547 692 
634 992 
510 548 
883 100 
973 323 
623 489 
993 59 
920 437 
291 565 
22 267 
535 407 
720 643 
625 938 
81 252 
656 971 
714 967 
700 976 
780 620 
690 540 
312 260 
882 275 
118 531 
128 44 
397 153 
819 9 
282 607 
332 835 
488 370 
411 503 
446 65 
95 64 
435 709 
185 326 
454 213 
916 203 
698 410 
717 643 
206 114 
905 798 
54 473 
674 43 
715 637 
949 717 
106 150 
838 539 
188 187 
603 265 
370 5 
209 787 
182 109 
860 197 
308 755 
769 286 
917 359 
515 361 
984 870 
74 21 
200 45 
144 852 
422 791 
545 540 
430 877 
454 168 
743 121 
448 890 
912 93 
173 323 
938 801 
775 716 
81 555 
551 174 
693 492 
357 544 
900 463 
932 394 
804 838 
152 505 
837 264 
12 187 
710 856 
90 882 
162 903 
333 119 
45 145 
781 545 
563 992 
488 546 
863 589 
988 852 
196 96 
492 432 
243 146 
147 266 
522 793 
23 424 
513 191 
435 651 
834 618 
930 871 
334 952 
505 969 
492 663 
180 482 
405 612 
903 742 
1 645 
766 214 
146 729 
69 902 
276 855 
437 754 
261 547 
872 879 
934 405 
328 529 
515 546 
322 736 
409 994 
798 516 
978 295 
176 708 
404 914 
671 276 
839 753 
181 996 
82 151 
926 264 
812 610 
910 715 
782 330 
940 275 
523 966 
763 240 
948 520 
342 347 
496 639 
774 221 
930 530 
192 310 
116 407 
989 66 
411 646 
757 558 
269 4 
470 705 
506 821 
402 517 
735 905 
964 887 
927 628 
529 289 
371 721 
587 878 
971 16 
31 932 
880 873 
886 173 
185 235 
718 969 
198 442 
318 802 
697 936 
255 539 
585 622 
525 443 
799 597 
250 770 
764 313 
637 452 
745 608 
642 100 
187 800 
979 936 
185 624 
304 999 
231 859 
701 967 
847 104 
853 246 
610 474 
895 586 
212 159 
929 132 
286 592 
754 670 
603 50 
326 344 
101 73 
71 349 
854 200 
367 737 
806 996 
326 463 
58 730 
620 426 
579 357 
108 917 
402 429 
887 387 
89 126 
791 762 
780 294 
545 6 
792 92 
722 176 
426 203 
58 844 
238 770 
445 936 
430 835 
958 267 
583 104 
984 133 
701 796 
189 629 
406 812 
408 430 
87 284 
150 582 
676 903 
300 170 
675 161 
440 573 
322 842 
415 483 
770 844 
888 308 
855 692 
813 24 
625 868 
894 140 
320 832 
196 981 
151 825 
770 497 
634 52 
142 276 
916 720 
719 488 
374 680 
628 13 
332 655 
753 268 
479 827 
603 472 
219 850 
493 852 
753 406 
142 168 
432 923 
699 919 
42 670 
397 756 
159 31 
806 645 
975 88 
627 436 
433 476 
450 351 
828 263 
986 746 
486 150 
449 60 
671 334 
604 184 
670 324 
877 194 
857 409 
617 687 
563 346 
213 922 
124 103 
249 919 
508 388 
556 841 
327 178 
885 644 
643 350 
827 541 
889 747 
236 673 
517 87 
233 611 
138 447 
458 488 
692 124 
669 112 
837 440 
45 826 
655 9 
613 690 
131 946 
964 602 
999 58 
423 700 
628 823 
15 839 
926 232 
178 377 
84 635 
268 39 
383 113 
168 582 
936 928 
977 209 
540 255 
552 926 
211 446 
18 588 
618 651 
25 920 
212 964 
625 78 
63 920 
959 517 
564 721 
444 54 
931 856 
407 840 
119 49 
93 499 
151 959 
902 465 
829 270 
948 758 
965 945 
689 684 
864 114 
586 687 
760 940 
415 67 
464 635 
594 463 
31 287 
220 735 
898 846 
552 507 
499 993 
517 803 
436 706 
762 529 
506 105 
566 146 
65 808 
550 152 
676 96 
157 271 
293 759 
628 287 
392 548 
776 944 
992 550 
14 419 
472 990 
676 699 
94 926 
251 880 
872 288 
658 279 
482 416 
136 329 
546 651 
438 779 
816 956 
299 541 
902 396 
943 70 
963 124 
706 635 
586 464 
435 65 
654 132 
175 406 
878 645 
189 840 
296 195 
423 127 
245 337 
286 46 
66 113 
439 115 
638 773 
218 114 
424 873 
598 924 
29 8 
386 108 
883 627 
167 427 
97 645 
908 263 
119 386 
417 977 
921 541 
719 945 
644 162 
374 366 
850 244 
459 477 
175 282 
447 33 
596 490 
936 200 
449 913 
322 501 
917 349 
239 903 
407 864 
789 724 
572 568 
167 587 
513 523 
942 235 
823 652 
999 478 
917 527 
89 327 
854 141 
890 825 
807 249 
418 904 
424 605 
399 653 
696 867 
215 289 
791 674 
372 415 
852 637 
799 295 
464 391 
894 860 
536 281 
60 278 
933 571 
117 940 
108 265 
32 615 
360 778 
590 188 
122 661 
667 970 
579 246 
839 458 
921 775 
706 96 
63 350 
408 308 
744 434 
122 769 
707 575 
193 343 
186 870 
331 176 
825 532 
241 107 
180 285 
178 916 
926 898 
393 667 
46 424 
505 484 
8 15 
103 439 
107 428 
51 703 
18 661 
14 524 
96 283 
475 531 
888 908 
975 736 
819 658 
774 462 
323 3 
645 166 
882 188 
914 197 
347 663 
399 397 
224 614 
212 976 
919 816 
407 558 
567 491 
973 536 
51 49 
909 709 
556 963 
173 398 
828 993 
770 108 
182 949 
634 766 
870 165 
121 610 
813 853 
887 842 
739 554 
768 919 
101 925 
975 737 
890 792 
804 306 
309 314 
514 758 
991 252 
166 740 
111 700 
528 382 
446 132 
876 76 
351 278 
120 654 
796 322 
1 997 
363 109 
470 32 
136 542 
897 131 
708 743 
534 395 
786 914 
692 863 
378 91 
749 992 
778 528 
759 174 
294 51 
266 263 
474 843 
853 280 
93 741 
94 765 
989 489 
771 648 
141 207 
763 691 
653 278 
747 470 
637 407 
473 712 
153 390 
356 817 
965 392 
599 719 
176 760 
540 952 
718 279 
313 626 
820 947 
338 612 
410 571 
85 718 
253 155 
405 988 
290 701 
288 405 
758 815 
404 896 
329 298 
579 582 
274 417 
156 795 
314 341 
77 909 
241 925 
677 193 
848 594 
658 762 
834 861 
204 758 
518 243 
544 132 
104 796 
829 539 
576 247 
169 511 
724 886 
89 305 
315 780 
325 722 
987 531 
226 202 
338 339 
144 532 
111 87 
483 244 
930 944 
751 541 
308 5 
13 576 
364 460 
578 1001 
777 848 
520 916 
585 748 
630 679 
787 45 
745 892 
686 7 
78 605 
628 334 
163 969 
482 795 
407 73 
92 640 
791 298 
760 382 
54 664 
275 270 
618 760 
376 547 
353 302 
987 8 
797 933 
943 507 
852 317 
81 880 
327 404 
526 284 
108 705 
65 232 
450 333 
515 589 
505 958 
611 982 
30 476 
661 806 
41 458 
88 132 
911 117 
349 604 
901 980 
825 538 
770 949 
972 269 
756 20 
833 66 
563 680 
159 491 
471 726 
348 916 
439 800 
844 20 
488 583 
308 797 
166 820 
917 480 
665 898 
708 478 
627 724 
468 562 
586 302 
206 967 
1 236 
463 809 
473 641 
547 162 
498 383 
670 276 
485 929 
730 787 
631 237 
115 912 
505 155 
575 69 
800 489 
404 921 
20 96 
420 462 
286 612 
181 967 
651 990 
222 582 
738 854 
152 504 
186 294 
206 176 
840 971 
486 263 
770 139 
664 496 
457 895 
336 612 
22 820 
708 433 
774 271 
61 148 
726 85 
213 371 
687 714 
199 5 
90 398 
199 243 
274 185 
38 208 
535 687 
284 434 
352 631 
136 901 
370 922 
224 175 
360 581 
263 137 
390 80 
189 473 
78 247 
827 904 
760 463 
293 4 
812 62 
713 720 
34 119 
596 662 
556 3 
673 269 
745 3 
935 82 
13 102 
210 575 
540 144 
5 698 
228 794 
807 920 
318 622 
80 707 
283 257 
881 931 
649 781 
20 814 
658 804 
112 652 
51 907 
317 89 
865 751 
114 53 
241 929 
274 161 
46 807 
783 207 
943 670 
475 199 
358 455 
743 768 
348 396 
696 64 
257 911 
876 70 
130 565 
624 531 
885 187 
498 696 
515 242 
207 231 
233 202 
856 110 
658 363 
298 73 
900 702 
948 784 
363 79 
61 902 
483 851 
367 653 
624 339 
285 33 
46 312 
137 761 
87 951 
979 5 
710 453 
316 518 
199 977 
784 444 
754 231 
559 660 
880 375 
176 522 
164 114 
377 247 
804 465 
781 91 
421 140 
369 60 
159 191 
305 710 
705 285 
900 737 
876 722 
418 857 
830 520 
327 76 
996 238 
858 891 
51 239 
618 679 
68 816 
97 756 
756 417 
387 264 
196 5 
105 467 
110 488 
485 154 
981 655 
125 732 
885 387 
624 30 
425 434 
356 831 
490 37 
308 138 
852 584 
972 690 
524 472 
65 651 
344 141 
72 538 
457 966 
938 799 
993 30 
269 378 
15 497 
743 57 
697 323 
31 828 
278 409 
649 601 
819 285 
887 802 
136 134 
823 44 
961 660 
801 152 
505 305 
849 419 
189 23 
491 455 
27 434 
865 405 
229 976 
216 368 
502 936 
664 492 
832 463 
743 714 
376 518 
705 804 
427 268 
616 528 
770 323 
688 94 
698 538 
922 62 
502 124 
282 430 
835 221 
875 538 
861 519 
127 530 
180 243 
471 508 
949 380 
529 194 
277 935 
399 39 
381 171 
1000 634 
876 515 
821 759 
265 448 
451 153 
281 292 
535 15 
736 986 
210 942 
774 427 
889 114 
54 383 
818 484 
514 612 
64 851 
983 614 
424 806 
17 982 
809 607 
836 178 
250 62 
409 161 
390 24 
695 727 
758 779 
333 813 
716 336 
237 175 
835 30 
960 303 
860 729 
161 548 
640 847 
209 154 
900 451 
570 858 
132 502 
957 576 
404 472 
859 432 
24 109 
710 983 
602 48 
7 739 
64 787 
388 698 
432 943 
524 292 
104 312 
787 264 
704 348 
527 76 
973 757 
605 326 
553 694 
81 712 
302 559 
645 567 
970 552 
385 570 
504 465 
231 787 
179 257 
982 761 
75 222 
488 658 
540 659 
988 825 
157 592 
234 889 
314 73 
577 627 
583 869 
726 678 
711 378 
519 234 
422 975 
103 549 
13 381 
87 227 
736 691 
221 852 
523 713 
438 875 
421 819 
704 449 
932 741 
820 25 
224 163 
885 786 
603 401 
663 12 
797 68 
517 814 
639 402 
812 692 
132 54 
794 468 
63 473 
305 432 
870 145 
939 152 
618 707 
394 544 
331 434 
866 485 
765 203 
447 896 
548 483 
296 84 
376 70 
166 266 
382 199 
951 997 
629 577 
850 250 
254 742 
898 446 
610 246 
948 455 
251 467 
872 200 
805 299 
150 536 
539 608 
406 369 
432 128 
606 48 
221 862 
810 90 
451 463 
402 178 
440 872 
222 436 
488 683 
236 968 
810 959 
363 590 
828 251 
280 481 
714 554 
414 296 
201 684 
300 664 
576 71 
746 301 
461 891 
470 102 
32 597 
117 540 
321 802 
529 770 
659 306 
77 731 
276 569 
255 4 
554 147 
352 571 
628 960 
85 144 
200 469 
505 917 
539 272 
347 957 
436 76 
755 295 
515 23 
719 392 
594 5 
411 995 
666 611 
335 630 
649 835 
864 781 
550 734 
650 547 
379 88 
760 694 
989 922 
28 205 
821 287 
517 736 
671 844 
304 389 
604 564 
306 61 
768 74 
371 401 
434 268 
559 191 
463 983 
465 505 
151 432 
362 389 
728 879 
253 26 
834 396 
447 766 
867 481 
727 720 
293 289 
376 193 
921 977 
547 65 
240 835 
857 187 
694 816 
428 306 
398 103 
134 654 
620 447 
683 427 
194 569 
414 174 
277 337 
597 178 
428 224 
639 582 
350 6 
966 284 
729 560 
14 454 
147 607 
105 994 
49 290 
983 763 
198 398 
193 559 
201 987 
18 816 
835 473 
251 887 
88 609 
1000 593 
27 875 
502 403 
461 711 
342 730 
672 249 
588 144 
901 538 
966 365 
394 712 
897 234 
629 461 
889 586 
516 38 
367 582 
486 780 
262 510 
693 558 
821 598 
958 261 
706 215 
925 483 
48 893 
822 142 
381 715 
13 65 
59 850 
736 324 
560 998 
640 906 
411 141 
467 305 
859 115 
839 736 
421 634 
793 574 
484 539 
449 402 
461 104 
726 920 
269 626 
349 815 
543 464 
267 721 
174 72 
532 74 
661 337 
258 771 
30 902 
822 989 
332 953 
816 107 
801 622 
310 958 
679 944 
315 646 
116 265 
632 369 
978 531 
352 862 
869 162 
653 957 
171 296 
374 439 
4 522 
401 398 
363 833 
674 820 
696 746 
846 857 
694 455 
810 282 
84 107 
30 625 
312 801 
527 225 
441 949 
322 695 
263 304 
955 338 
474 703 
296 255 
82 101 
606 866 
720 647 
85 545 
989 848 
362 763 
483 576 
160 975 
457 977 
498 772 
710 175 
349 13 
799 377 
333 977 
870 55 
215 887 
416 453 
898 943 
2 320 
912 842 
112 944 
157 353 
659 323 
750 925 
560 467 
325 221 
650 81 
550 415 
850 565 
702 554 
960 870 
938 152 
146 797 
993 93 
21 228 
84 781 
513 425 
396 79 
297 932 
830 749 
489 582 
605 673 
868 695 
578 394 
217 528 
890 274 
416 795 
326 62 
977 729 
558 651 
25 529 
941 933 
852 374 
454 145 
508 737 
888 425 
297 367 
180 121 
347 297 
304 659 
86 510 
18 805 
1001 948 
766 607 
364 954 
664 764 
364 10 
597 974 
170 733 
701 808 
976 574 
442 68 
274 984 
120 312 
315 232 
826 245 
933 149 
537 42 
670 820 
534 644 
234 181 
666 943 
376 549 
264 939 
148 234 
518 567 
3 885 
437 151 
537 889 
511 539 
112 114 
443 529 
697 689 
797 871 
807 345 
56 560 
257 556 
297 172 
991 125 
398 289 
395 155 
210 192 
396 91 
569 366 
709 33 
955 399 
663 804 
64 392 
171 149 
962 57 
323 408 
653 105 
937 138 
702 100 
258 797 
86 281 
466 117 
891 686 
912 84 
556 173 
264 207 
691 262 
197 711 
605 67 
977 23 
92 955 
201 99 
935 680 
589 69 
278 584 
226 62 
435 766 
204 632 
228 362 
279 719 
255 44 
230 259 
157 978 
344 98 
151 834 
444 882 
793 33 
84 523 
721 302 
724 479 
91 846 
416 153 
420 383 
799 809 
670 332 
207 197 
800 136 
326 82 
393 492 
905 625 
398 995 
187 460 
864 56 
669 990 
190 883 
320 897 
680 825 
297 131 
769 904 
989 966 
756 740 
956 464 
176 131 
111 647 
929 559 
867 724 
298 108 
800 743 
416 123 
808 544 
727 209 
540 179 
479 441 
804 931 
580 333 
600 67 
618 55 
616 856 
156 107 
263 833 
982 496 
240 833 
635 837 
407 875 
106 975 
845 461 
341 810 
607 284 
627 16 
440 811 
809 989 
641 180 
623 804 
441 39 
734 999 
647 902 
956 594 
604 458 
488 313 
175 963 
89 218 
967 389 
291 282 
820 163 
44 419 
484 362 
964 380 
1001 453 
717 259 
414 871 
667 638 
883 113 
262 55 
458 4 
807 402 
12 485 
631 119 
629 449 
725 552 
421 131 
598 824 
143 615 
134 207 
614 547 
798 735 
325 653 
359 9 
302 477 
140 135 
428 710 
377 400 
769 412 
647 544 
553 104 
962 913 
246 808 
925 982 
115 895 
504 420 
239 93 
223 508 
975 727 
643 267 
405 848 
421 252 
71 599 
484 678 
772 671 
398 300 
990 696 
362 88 
762 54 
365 339 
215 206 
156 140 
229 538 
842 364 
877 607 
511 464 
855 297 
855 876 
733 128 
671 561 
119 693 
758 748 
112 141 
458 570 
954 392 
206 430 
709 734 
133 235 
85 623 
933 420 
783 462 
626 474 
966 763 
391 431 
333 513 
420 57 
917 787 
845 923 
600 540 
453 840 
842 497 
391 475 
995 537 
282 793 
997 400 
870 71 
554 16 
769 329 
208 761 
836 36 
15 915 
298 848 
650 462 
685 375 
186 479 
109 33 
50 218 
938 871 
636 6 
338 444 
885 321 
187 869 
661 170 
63 828 
30 134 
9 703 
900 368 
72 223 
11 132 
617 822 
961 499 
883 564 
333 449 
240 147 
354 485 
977 817 
738 984 
203 647 
881 652 
508 807 
818 736 
140 992 
840 429 
406 49 
466 533 
584 96 
838 205 
695 661 
876 711 
123 660 
944 4 
75 402 
874 914 
751 586 
831 453 
19 857 
291 365 
228 449 
103 37 
714 269 
515 102 
576 672 
877 715 
696 587 
360 353 
187 902 
76 164 
674 667 
322 977 
112 951 
873 969 
204 613 
25 324 
888 332 
83 432 
851 600 
709 160 
297 258 
228 787 
317 413 
606 215 
403 871 
364 789 
428 877 
723 213 
578 558 
967 608 
57 668 
684 252 
251 583 
258 369 
110 850 
789 399 
956 343 
334 461 
16 864 
618 85 
911 89 
395 617 
191 57 
228 962 
544 574 
242 224 
42 64 
616 631 
196 513 
805 107 
485 6 
199 433 
451 285 
564 288 
116 697 
985 426 
902 976 
319 489 
134 846 
528 475 
330 308 
263 286 
665 680 
960 796 
1001 875 
622 877 
280 296 
617 513 
386 150 
431 255 
316 952 
558 866 
172 387 
494 291 
916 671 
639 742 
806 17 
459 537 
901 320 
716 895 
966 535 
93 48 
341 485 
195 311 
642 285 
83 490 
165 272 
642 720 
60 40 
367 52 
169 927 
625 493 
834 611 
818 852 
628 138 
295 185 
912 122 
438 180 
498 131 
795 722 
602 703 
501 16 
470 7 
515 201 
628 587 
416 248 
77 574 
10 886 
203 234 
989 316 
915 582 
628 924 
531 7 
528 215 
543 471 
446 695 
92 799 
460 428 
122 864 
74 372 
871 685 
719 398 
234 251 
793 4 
965 651 
545 560 
238 86 
716 359 
732 324 
296 965 
873 404 
992 678 
618 889 
451 483 
934 804 
50 613 
486 931 
577 933 
839 416 
267 180 
157 165 
235 868 
625 200 
397 900 
111 256 
575 132 
333 762 
94 803 
99 691 
647 622 
264 886 
438 820 
883 931 
135 499 
144 643 
399 617 
784 885 
402 713 
939 725 
687 527 
846 546 
242 91 
899 955 
805 227 
252 133 
354 126 
425 864 
814 81 
192 445 
918 84 
633 927 
325 83 
146 727 
779 591 
818 253 
492 261 
979 361 
978 83 
512 813 
351 557 
343 299 
272 822 
506 642 
685 302 
426 841 
861 304 
599 923 
93 461 
124 875 
360 722 
423 732 
564 130 
120 98 
298 415 
256 66 
424 765 
122 653 
827 503 
438 309 
814 943 
31 2 
268 393 
906 597 
205 726 
196 694 
123 571 
360 547 
196 648 
198 278 
460 85 
795 154 
778 635 
653 197 
903 891 
57 146 
146 368 
83 415 
922 246 
569 389 
909 980 
184 584 
429 12 
448 146 
440 609 
141 742 
653 66 
598 728 
999 696 
853 327 
302 458 
36 775 
882 709 
334 284 
430 774 
404 755 
340 995 
111 399 
129 842 
42 778 
451 667 
51 647 
516 528 
328 972 
258 757 
265 892 
651 606 
731 697 
39 286 
444 624 
166 280 
165 526 
137 72 
825 130 
164 497 
935 789 
584 727 
617 721 
594 342 
79 915 
933 524 
195 245 
863 544 
627 276 
504 627 
851 102 
867 395 
488 289 
741 391 
502 114 
386 148 
358 272 
663 910 
361 671 
581 519 
174 814 
647 536 
842 82 
681 858 
160 394 
292 58 
876 631 
692 672 
817 164 
864 425 
360 52 
1000 234 
510 954 
516 418 
303 91 
863 907 
382 972 
717 979 
23 431 
260 528 
77 491 
820 823 
858 493 
187 850 
812 455 
143 733 
116 148 
289 456 
942 766 
372 841 
199 640 
717 803 
49 837 
343 254 
545 808 
908 880 
760 920 
577 64 
576 793 
684 871 
114 94 
442 662 
236 225 
649 555 
154 668 
921 572 
583 816 
624 238 
636 574 
442 557 
401 147 
193 726 
433 22 
908 665 
490 739 
931 733 
680 810 
593 300 
523 947 
881 467 
616 211 
128 492 
328 780 
957 793 
485 784 
508 876 
422 98 
105 895 
903 877 
623 430 
41 306 
360 979 
1 112 
388 517 
496 904 
95 239 
709 889 
245 201 
971 652 
840 267 
648 894 
375 305 
460 245 
22 792 
375 565 
58 425 
126 320 
345 143 
75 443 
744 947 
221 359 
477 192 
839 265 
546 505 
684 164 
959 423 
179 7 
669 862 
621 132 
105 406 
181 667 
958 984 
321 203 
73 703 
25 967 
91 774 
261 804 
717 894 
879 665 
818 393 
4 167 
79 497 
362 780 
590 37 
516 97 
325 626 
590 985 
614 688 
848 463 
981 848 
766 816 
619 150 
689 582 
385 901 
324 584 
86 512 
407 928 
719 118 
866 641 
938 865 
710 949 
833 547 
779 632 
781 693 
646 884 
368 968 
939 117 
176 667 
28 956 
420 13 
426 204 
385 109 
504 427 
306 982 
420 221 
84 677 
274 403 
725 850 
556 511 
697 544 
568 269 
456 897 
634 998 
403 92 
339 323 
465 418 
748 896 
160 95 
278 601 
940 4 
970 60 
221 181 
67 51 
965 466 
445 588 
449 107 
425 538 
392 498 
250 206 
501 606 
541 964 
253 82 
252 578 
311 922 
746 563 
187 422 
800 27 
95 391 
373 122 
511 403 
331 377 
68 525 
450 346 
551 319 
49 478 
824 584 
311 674 
29 51 
21 148 
100 373 
680 363 
344 444 
949 959 
321 702 
445 206 
322 832 
483 531 
548 53 
831 943 
394 767 
633 238 
792 289 
488 185 
665 251 
287 579 
343 603 
250 109 
24 930 
103 616 
316 446 
527 127 
787 655 
974 352 
643 649 
39 126 
25 554 
720 679 
414 946 
11 122 
428 178 
101 503 
987 498 
409 874 
485 586 
692 522 
10 192 
674 275 
357 652 
49 307 
868 992 
857 307 
942 835 
642 512 
404 767 
294 953 
124 728 
987 36 
4 139 
613 691 
620 521 
564 987 
62 577 
671 543 
563 998 
953 474 
951 56 
679 597 
671 126 
106 143 
162 315 
186 421 
709 546 
182 286 
679 616 
746 550 
711 519 
423 288 
638 957 
56 436 
145 869 
842 50 
185 925 
556 495 
606 100 
803 589 
608 257 
858 370 
771 848 
155 773 
963 256 
726 536 
822 296 
244 194 
602 543 
908 260 
614 908 
166 56 
786 928 
110 581 
303 568 
798 232 
321 15 
902 862 
391 857 
215 223 
965 984 
540 576 
211 173 
777 55 
963 426 
12 104 
546 406 
366 224 
210 80 
320 354 
910 100 
218 671 
197 399 
776 920 
658 1001 
406 683 
310 20 
964 53 
592 888 
411 622 
711 483 
115 128 
464 128 
891 559 
741 907 
811 657 
335 489 
918 891 
382 10 
6 749 
648 448 
601 890 
124 537 
997 278 
479 620 
656 379 
481 531 
681 534 
348 445 
951 398 
181 402 
47 729 
91 33 
587 350 
370 20 
567 851 
37 562 
167 555 
838 449 
786 448 
208 43 
275 526 
354 21 
734 772 
301 919 
356 686 
785 835 
176 10 
764 916 
854 699 
424 715 
754 393 
755 174 
529 319 
380 516 
91 224 
671 34 
158 858 
78 150 
483 513 
851 64 
935 939 
404 258 
745 733 
335 372 
914 816 
384 828 
351 569 
469 337 
22 987 
713 787 
418 218 
8 270 
72 818 
960 124 
946 26 
677 493 
477 887 
102 754 
639 928 
539 314 
420 366 
19 610 
273 658 
799 118 
272 91 
770 307 
215 741 
940 420 
58 232 
812 176 
937 818 
674 969 
413 824 
352 27 
917 601 
331 778 
227 258 
626 322 
452 84 
117 639 
455 412 
634 854 
757 997 
632 510 
582 895 
403 574 
957 321 
854 442 
764 424 
450 807 
808 610 
120 992 
647 428 
926 46 
669 237 
522 698 
100 276 
882 43 
831 439 
17 872 
605 160 
551 547 
84 630 
839 44 
765 227 
824 535 
514 541 
81 318 
889 717 
478 36 
2 645 
637 36 
298 296 
583 734 
204 524 
838 408 
400 312 
545 576 
694 852 
130 219 
761 737 
434 839 
227 40 
535 581 
702 98 
635 779 
678 920 
712 653 
596 808 
859 558 
114 916 
390 628 
806 334 
359 988 
186 717 
350 802 
237 180 
141 307 
817 18 
324 407 
806 510 
842 344 
260 9 
258 489 
970 561 
307 656 
1000 275 
499 632 
833 861 
916 245 
285 987 
751 719 
204 844 
876 159 
424 853 
483 18 
596 793 
179 167 
58 337 
710 706 
44 870 
542 224 
405 52 
17 936 
916 161 
426 959 
717 364 
572 609 
572 517 
166 430 
619 534 
132 597 
95 228 
590 977 
543 648 
762 685 
292 668 
586 19 
150 787 
110 165 
236 399 
656 218 
386 927 
32 47 
985 456 
219 445 
588 515 
81 602 
847 204 
605 324 
56 899 
123 695 
556 187 
883 978 
969 56 
25 729 
31 138 
111 494 
714 33 
308 301 
339 856 
811 912 
552 839 
15 847 
61 491 
788 808 
18 616 
484 934 
294 939 
430 886 
894 156 
538 220 
912 732 
385 450 
262 660 
243 968 
866 829 
393 920 
431 158 
192 424 
222 771 
395 130 
79 608 
878 339 
927 525 
893 26 
958 375 
436 411 
863 960 
344 634 
300 141 
267 742 
552 909 
996 301 
444 604 
54 236 
832 413 
26 86 
128 139 
560 380 
780 806 
387 19 
245 512 
716 624 
144 77 
56 475 
382 894 
994 974 
257 705 
872 659 
197 561 
99 150 
798 145 
215 678 
968 27 
610 426 
594 942 
228 764 
924 963 
351 385 
627 984 
213 738 
309 911 
751 456 
200 855 
347 222 
44 391 
177 296 
522 325 
919 774 
415 50 
18 478 
107 734 
77 93 
871 800 
41 684 
739 533 
67 515 
257 569 
228 760 
662 444 
947 645 
471 351 
130 648 
616 799 
1001 146 
979 332 
297 949 
842 434 
563 482 
852 192 
413 844 
740 610 
721 485 
893 942 
446 548 
304 617 
304 909 
591 146 
298 657 
308 706 
644 85 
603 524 
780 736 
804 479 
116 94 
292 639 
320 623 
740 689 
964 455 
942 474 
214 209 
163 939 
908 152 
9 865 
396 391 
882 395 
307 367 
191 415 
589 209 
257 677 
399 869 
603 119 
555 660 
50 771 
159 487 
591 380 
692 82 
756 155 
439 121 
499 695 
84 463 
821 948 
133 85 
185 365 
65 517 
951 572 
766 965 
316 72 
131 761 
399 997 
367 683 
631 635 
789 361 
680 730 
493 194 
842 169 
665 249 
354 322 
118 400 
787 965 
49 924 
171 294 
202 962 
430 795 
234 221 
183 841 
921 69 
236 532 
506 149 
7 440 
428 474 
757 624 
324 905 
708 252 
850 725 
519 214 
577 870 
534 922 
454 551 
805 854 
506 909 
151 981 
826 567 
771 976 
273 496 
598 859 
356 256 
591 133 
850 600 
42 192 
441 814 
477 783 
446 780 
549 241 
835 77 
91 183 
807 499 
351 306 
26 398 
802 658 
997 362 
357 568 
142 470 
377 842 
169 412 
438 235 
374 167 
582 734 
806 719 
859 346 
44 422 
907 250 
891 668 
113 596 
9 867 
586 131 
333 361 
386 117 
806 824 
32 720 
328 19 
146 526 
285 910 
887 12 
94 477 
684 955 
50 621 
645 531 
93 704 
762 719 
758 848 
174 187 
231 794 
659 391 
276 386 
933 896 
464 655 
623 696 
831 315 
986 402 
177 989 
105 938 
201 108 
673 531 
298 371 
752 940 
903 113 
299 502 
788 975 
710 634 
302 416 
895 550 
455 67 
936 914 
939 258 
639 412 
422 972 
427 673 
544 144 
689 589 
300 302 
257 812 
976 924 
8 543 
47 357 
419 634 
318 902 
827 187 
286 551 
537 998 
436 512 
465 527 
564 553 
84 137 
618 947 
781 771 
851 554 
247 611 
700 395 
541 547 
558 257 
666 397 
510 456 
986 438 
93 898 
57 683 
737 8 
260 616 
145 732 
984 929 
138 191 
163 274 
380 330 
873 672 
768 575 
392 721 
915 846 
447 45 
251 524 
551 331 
992 601 
865 487 
551 820 
107 119 
646 87 
422 983 
281 995 
538 362 
836 59 
308 316 
600 227 
864 533 
524 531 
851 256 
555 246 
196 775 
961 316 
91 900 
644 261 
263 247 
146 618 
719 453 
24 938 
196 510 
910 252 
396 149 
245 361 
742 848 
255 15 
339 361 
266 596 
738 366 
587 685 
484 875 
749 74 
932 589 
933 818 
33 185 
903 48 
411 327 
126 793 
327 845 
928 104 
929 534 
846 858 
12 256 
692 282 
776 940 
898 2 
377 891 
790 779 
699 120 
488 991 
492 607 
227 403 
620 998 
515 835 
414 653 
686 605 
733 708 
773 344 
474 239 
896 523 
584 562 
651 189 
107 675 
453 314 
900 952 
855 719 
292 841 
514 872 
874 508 
340 212 
852 936 
637 819 
921 584 
742 166 
730 853 
610 280 
42 281 
250 289 
46 216 
135 954 
506 90 
596 889 
514 499 
351 281 
203 514 
491 741 
414 164 
58 718 
890 159 
449 925 
834 815 
246 879 
666 642 
605 801 
822 306 
309 237 
244 154 
180 625 
847 257 
950 913 
777 504 
958 260 
762 336 
713 734 
794 600 
670 297 
261 468 
850 712 
1 105 
399 934 
222 256 
191 40 
511 684 
695 940 
860 874 
79 569 
516 213 
902 864 
899 365 
774 976 
894 226 
344 978 
885 679 
401 231 
380 410 
509 562 
545 529 
874 447 
679 703 
195 562 
710 450 
745 436 
672 320 
244 71 
953 595 
33 522 
950 26 
665 989 
111 844 
826 675 
262 912 
466 441 
79 693 
710 428 
638 219 
798 779 
670 278 
109 65 
894 771 
318 254 
951 115 
450 662 
289 927 
196 883 
903 332 
616 453 
15 942 
933 926 
480 793 
264 577 
736 725 
449 49 
198 133 
914 639 
311 261 
810 125 
40 898 
430 162 
173 4 
819 688 
730 324 
644 670 
273 870 
386 871 
796 689 
683 771 
138 120 
616 960 
384 352 
414 394 
923 457 
86 628 
291 223 
599 861 
866 843 
378 333 
827 200 
875 298 
671 879 
826 650 
148 636 
737 588 
359 464 
629 662 
278 123 
330 860 
716 705 
27 369 
349 381 
431 35 
135 696 
21 748 
373 606 
748 730 
498 810 
863 807 
810 362 
194 996 
235 846 
815 445 
284 101 
328 243 
219 620 
214 569 
247 678 
142 733 
487 452 
797 415 
379 99 
676 179 
453 706 
122 276 
343 176 
374 578 
164 73 
768 79 
781 191 
767 506 
750 466 
699 497 
584 568 
731 204 
145 57 
130 216 
573 991 
642 935 
738 332 
527 834 
159 620 
532 729 
466 78 
57 348 
261 539 
50 712 
284 70 
138 358 
194 473 
116 271 
219 649 
752 242 
346 176 
142 8 
678 672 
41 337 
767 46 
924 161 
180 392 
871 517 
163 454 
884 109 
511 236 
965 210 
163 2 
952 861 
976 106 
169 447 
775 305 
652 590 
859 94 
847 431 
418 723 
217 876 
513 534 
124 28 
78 891 
849 557 
894 3 
883 359 
486 299 
279 428 
844 540 
571 557 
941 659 
168 190 
407 540 
492 36 
665 274 
826 550 
391 685 
875 102 
50 806 
397 967 
372 507 
196 325 
469 705 
766 805 
805 872 
527 703 
565 690 
694 176 
207 940 
676 373 
46 773 
719 653 
843 646 
453 443 
440 143 
987 937 
744 832 
555 633 
272 956 
372 255 
579 198 
42 304 
215 211 
702 331 
401 968 
654 468 
760 657 
693 636 
988 920 
902 463 
325 990 
40 765 
177 744 
189 614 
809 84 
96 377 
687 509 
771 104 
21 818 
361 944 
494 176 
567 786 
812 489 
526 82 
289 249 
141 979 
401 819 
918 911 
388 836 
713 108 
500 212 
784 979 
67 265 
608 84 
113 468 
276 8 
727 610 
394 779 
608 104 
60 332 
492 188 
371 324 
796 252 
358 569 
300 67 
409 987 
241 941 
774 435 
302 783 
603 616 
638 75 
892 899 
292 713 
306 64 
134 479 
517 383 
117 759 
39 818 
577 973 
714 588 
109 878 
358 950 
981 606 
117 244 
402 777 
13 1000 
262 46 
286 383 
208 712 
400 760 
394 33 
785 598 
912 812 
802 793 
391 39 
501 201 
755 254 
639 151 
322 789 
964 18 
112 274 
8 912 
387 860 
577 73 
11 178 
32 282 
399 776 
494 670 
573 528 
742 421 
336 875 
103 115 
131 98 
564 1001 
149 621 
514 754 
830 436 
493 303 
892 915 
729 96 
241 137 
706 250 
536 100 
119 445 
993 177 
503 263 
17 222 
339 174 
133 991 
966 12 
538 416 
71 403 
131 658 
233 512 
202 43 
779 199 
243 996 
450 663 
810 319 
830 330 
57 420 
187 819 
515 52 
499 7 
996 773 
804 302 
526 705 
469 945 
247 679 
603 762 
61 122 
382 846 
285 142 
730 766 
998 790 
886 393 
456 670 
636 928 
939 324 
698 508 
276 186 
100 605 
276 126 
402 344 
330 603 
383 520 
818 97 
916 597 
268 38 
151 41 
819 138 
501 575 
576 358 
514 112 
518 835 
862 964 
623 187 
830 702 
858 669 
564 805 
832 631 
446 953 
911 676 
146 511 
190 449 
936 599 
172 926 
758 391 
943 972 
774 610 
254 68 
783 132 
185 499 
16 448 
494 802 
92 65 
845 53 
404 905 
270 44 
662 652 
438 20 
423 990 
929 558 
76 428 
835 115 
281 478 
347 233 
878 105 
631 836 
839 809 
248 895 
940 614 
51 338 
341 223 
762 970 
341 393 
405 595 
732 487 
434 720 
411 374 
110 487 
609 466 
258 5 
201 451 
602 538 
916 263 
915 10 
655 260 
614 306 
351 577 
424 668 
358 702 
198 42 
83 499 
112 131 
764 55 
831 483 
741 296 
166 22 
297 650 
758 833 
585 471 
463 181 
781 303 
414 770 
353 46 
817 514 
552 219 
306 129 
63 571 
490 394 
565 703 
593 412 
354 504 
46 692 
258 548 
475 270 
810 667 
20 99 
265 191 
732 619 
20 756 
746 830 
624 932 
853 749 
22 742 
663 305 
434 591 
738 95 
761 22 
230 459 
352 435 
402 260 
480 121 
972 493 
567 254 
134 224 
172 542 
411 75 
997 160 
244 223 
361 735 
226 898 
835 404 
190 842 
111 448 
512 145 
103 788 
684 123 
1001 339 
915 942 
945 185 
387 441 
999 609 
349 643 
657 592 
819 243 
107 652 
381 205 
663 516 
355 964 
854 469 
393 326 
775 265 
907 969 
714 931 
921 994 
123 607 
779 163 
138 322 
696 851 
580 937 
347 58 
124 184 
382 692 
869 528 
440 695 
991 257 
733 697 
587 185 
942 32 
482 558 
211 319 
305 765 
907 555 
69 595 
912 527 
237 893 
86 958 
708 657 
276 491 
787 92 
910 247 
676 102 
394 237 
563 973 
660 605 
420 50 
953 117 
733 820 
735 50 
308 815 
346 162 
653 30 
653 519 
259 80 
686 679 
596 762 
439 207 
813 891 
672 601 
342 411 
246 22 
867 948 
175 654 
265 96 
209 658 
908 27 
395 577 
720 182 
106 531 
819 411 
963 36 
18 598 
981 657 
617 575 
866 827 
132 390 
704 263 
907 619 
912 300 
649 541 
997 38 
335 380 
173 303 
597 796 
734 536 
919 448 
179 665 
113 795 
546 56 
985 960 
778 289 
98 597 
454 856 
352 787 
688 599 
284 827 
533 794 
933 418 
282 207 
671 870 
275 758 
420 656 
83 851 
19 708 
389 48 
152 960 
799 849 
61 632 
306 41 
232 915 
331 285 
565 940 
918 341 
676 284 
206 504 
654 64 
212 217 
932 524 
663 154 
751 407 
959 993 
789 876 
988 759 
732 534 
184 155 
742 603 
774 208 
321 242 
701 572 
629 216 
889 734 
373 808 
278 615 
248 334 
16 644 
745 88 
28 584 
949 824 
430 231 
501 477 
708 389 
361 984 
559 340 
453 163 
257 212 
4 553 
363 821 
451 261 
689 734 
168 177 
118 564 
570 984 
463 925 
421 661 
143 651 
373 299 
222 773 
925 530 
545 461 
458 312 
974 95 
55 9 
826 133 
571 611 
334 267 
376 90 
895 475 
969 418 
578 221 
590 177 
281 77 
867 125 
695 763 
378 351 
898 217 
860 396 
743 776 
961 354 
281 84 
44 180 
677 163 
460 423 
920 202 
153 328 
815 679 
497 51 
841 467 
791 456 
176 474 
770 974 
453 308 
146 316 
666 349 
826 270 
121 137 
485 367 
841 394 
801 667 
100 623 
92 824 
730 814 
319 342 
797 507 
468 457 
16 11 
562 538 
443 399 
764 561 
303 963 
332 941 
954 30 
128 586 
190 383 
782 871 
93 37 
377 975 
320 19 
664 99 
852 107 
915 976 
558 891 
182 531 
784 680 
466 63 
61 456 
929 512 
891 402 
666 954 
700 132 
259 894 
74 891 
199 819 
686 718 
593 247 
720 933 
759 179 
983 267 
347 34 
299 47 
778 677 
369 737 
348 471 
988 519 
65 455 
742 926 
319 762 
301 429 
594 723 
79 951 
401 483 
408 555 
292 428 
677 626 
310 59 
498 630 
418 90 
466 532 
123 416 
490 806 
163 284 
772 673 
224 247 
169 307 
246 110 
896 439 
860 467 
756 4 
673 679 
77 674 
750 696 
500 280 
124 559 
108 570 
245 472 
78 371 
654 789 
679 731 
22 204 
113 458 
6 698 
249 586 
679 300 
466 766 
754 222 
97 156 
95 543 
500 467 
888 234 
536 873 
109 743 
296 166 
584 325 
567 103 
319 204 
38 174 
297 286 
270 111 
798 230 
920 156 
3 207 
487 96 
294 927 
510 74 
649 292 
176 218 
653 26 
766 982 
193 249 
485 405 
349 265 
113 741 
516 367 
634 107 
68 411 
455 552 
743 360 
683 594 
398 247 
360 249 
714 735 
431 335 
862 525 
556 6 
475 202 
232 54 
248 997 
91 865 
741 689 
152 59 
876 659 
432 147 
156 502 
373 558 
255 586 
292 592 
14 825 
773 912 
324 871 
281 890 
422 600 
491 524 
727 382 
805 243 
723 275 
179 927 
396 133 
902 954 
336 119 
784 231 
99 146 
780 158 
492 797 
420 213 
483 939 
811 683 
488 219 
188 228 
185 357 
51 462 
966 455 
807 36 
213 199 
632 154 
56 411 
454 952 
515 467 
381 300 
232 381 
613 91 
872 586 
550 445 
781 283 
245 614 
180 528 
591 278 
982 325 
920 371 
75 861 
425 951 
937 481 
665 550 
907 38 
548 565 
159 133 
21 308 
578 689 
635 976 
860 325 
80 368 
849 66 
694 443 
996 418 
65 570 
921 645 
505 437 
532 633 
491 865 
639 997 
601 202 
545 202 
242 842 
972 735 
210 350 
809 962 
283 120 
677 424 
932 636 
55 298 
37 320 
561 734 
479 655 
119 791 
920 399 
92 116 
350 829 
561 1001 
868 235 
336 499 
308 535 
932 278 
615 693 
51 17 
16 917 
525 289 
741 380 
310 928 
84 845 
698 499 
759 495 
610 178 
603 103 
883 552 
114 904 
204 972 
802 668 
220 109 
295 281 
198 12 
423 345 
172 876 
995 329 
247 375 
271 50 
566 38 
161 236 
879 723 
220 880 
785 861 
660 943 
443 911 
522 250 
501 409 
791 135 
438 727 
232 513 
524 838 
448 722 
174 586 
51 533 
360 925 
467 13 
204 355 
136 345 
170 400 
486 676 
616 644 
460 951 
842 240 
671 829 
279 560 
138 648 
576 949 
368 535 
798 759 
103 859 
663 986 
686 168 
914 612 
537 794 
591 400 
81 795 
337 174 
548 13 
570 133 
739 973 
621 876 
364 67 
64 405 
116 706 
707 904 
701 345 
810 458 
983 156 
441 596 
724 325 
530 167 
467 518 
924 418 
146 529 
409 614 
527 494 
854 33 
317 790 
965 45 
187 406 
932 499 
629 148 
99 693 
513 761 
923 339 
39 815 
218 509 
478 79 
850 159 
546 631 
501 785 
529 394 
260 154 
663 880 
356 729 
161 838 
696 972 
538 371 
675 91 
683 646 
991 621 
699 672 
33 787 
822 688 
98 545 
282 625 
802 772 
678 260 
168 644 
41 228 
218 685 
462 688 
438 222 
5 387 
324 303 
765 933 
992 995 
102 907 
987 632 
759 316 
95 501 
613 148 
329 683 
120 725 
384 588 
415 603 
4 985 
65 542 
903 602 
541 459 
404 873 
928 43 
95 273 
670 365 
262 192 
472 355 
744 743 
753 835 
234 567 
633 579 
738 701 
130 624 
124 691 
856 364 
360 237 
178 820 
900 17 
243 601 
338 383 
730 849 
783 145 
68 422 
495 614 
391 52 
895 713 
569 381 
309 228 
255 594 
277 308 
621 965 
648 159 
376 264 
593 291 
680 306 
458 861 
638 615 
142 218 
108 244 
473 849 
530 736 
738 497 
334 436 
523 62 
368 371 
640 109 
791 689 
753 278 
50 702 
938 388 
731 380 
333 416 
930 20 
247 736 
828 556 
154 950 
527 390 
135 402 
506 38 
970 643 
583 503 
833 923 
886 887 
994 968 
452 99 
881 5 
258 181 
301 66 
424 503 
305 479 
321 492 
386 912 
391 189 
621 549 
144 147 
248 377 
313 412 
341 552 
287 728 
456 152 
822 880 
382 750 
37 822 
719 971 
850 234 
486 566 
98 763 
368 404 
329 486 
133 199 
649 791 
483 138 
233 768 
369 965 
421 671 
615 90 
634 43 
789 920 
138 33 
615 139 
708 524 
893 952 
295 464 
492 86 
259 266 
76 376 
305 216 
411 10 
885 430 
159 959 
467 274 
928 184 
640 882 
246 627 
495 202 
786 570 
855 448 
974 526 
289 369 
574 951 
554 693 
927 59 
34 507 
687 921 
856 377 
525 366 
255 875 
841 207 
866 817 
931 174 
155 941 
810 427 
798 193 
573 976 
819 536 
350 508 
712 339 
759 76 
413 486 
318 892 
100 666 
157 366 
923 122 
152 702 
706 914 
390 785 
982 667 
456 677 
37 433 
868 438 
243 573 
947 664 
734 703 
360 424 
974 504 
522 179 
189 659 
714 142 
549 987 
683 456 
741 688 
760 98 
575 984 
513 530 
976 691 
335 752 
476 98 
138 1000 
186 199 
933 1 
106 477 
362 4 
909 731 
561 812 
215 509 
404 629 
720 967 
771 191 
461 497 
624 669 
680 573 
455 348 
588 760 
684 756 
787 957 
51 147 
344 673 
546 392 
473 481 
684 866 
859 533 
554 881 
888 33 
424 295 
70 486 
2 61 
208 858 
335 394 
991 911 
404 244 
809 256 
136 291 
358 633 
68 706 
579 777 
126 854 
693 765 
172 866 
327 632 
585 877 
285 576 
769 637 
973 520 
116 930 
662 741 
476 349 
849 237 
970 722 
716 955 
885 757 
688 531 
892 48 
127 808 
372 251 
263 271 
825 323 
834 545 
461 481 
155 802 
519 695 
909 927 
34 442 
899 498 
907 889 
244 785 
574 193 
368 311 
239 615 
758 951 
86 548 
373 416 
260 284 
715 386 
89 262 
32 241 
243 350 
411 691 
205 776 
570 459 
837 114 
886 865 
592 408 
133 983 
844 934 
456 847 
477 648 
942 589 
995 460 
814 75 
617 145 
102 902 
449 990 
114 322 
930 450 
631 745 
793 841 
137 983 
709 652 
858 664 
129 522 
836 991 
13 48 
537 219 
91 952 
143 871 
588 36 
928 308 
65 510 
10 144 
723 725 
991 675 
364 308 
90 582 
65 624 
99 515 
500 180 
998 942 
602 34 
674 114 
613 32 
46 550 
54 431 
186 884 
229 338 
418 40 
577 540 
987 983 
897 866 
464 430 
452 377 
410 489 
532 260 
432 209 
566 232 
617 142 
599 417 
2 749 
93 645 
873 81 
512 516 
54 709 
949 484 
515 36 
399 628 
767 248 
944 502 
241 462 
198 365 
419 82 
577 468 
43 158 
855 255 
150 212 
338 531 
203 726 
16 623 
254 572 
163 367 
109 906 
437 99 
726 603 
95 218 
973 88 
765 658 
873 610 
864 169 
70 851 
701 118 
24 61 
801 653 
111 570 
901 154 
480 486 
636 155 
631 383 
193 808 
190 616 
119 369 
311 642 
608 840 
466 586 
541 275 
658 571 
595 99 
843 662 
835 262 
9 19 
787 322 
978 458 
322 644 
925 536 
671 292 
539 866 
269 394 
553 817 
875 779 
445 164 
170 787 
180 341 
973 969 
944 97 
826 646 
216 9 
806 477 
185 54 
913 998 
778 771 
303 965 
826 891 
95 56 
673 120 
47 838 
299 15 
942 545 
232 277 
545 996 
293 985 
466 15 
25 561 
468 402 
827 197 
731 763 
682 591 
83 481 
81 624 
594 360 
401 958 
378 280 
275 154 
624 390 
102 321 
263 575 
28 615 
444 305 
246 10 
471 798 
325 739 
813 970 
563 851 
611 586 
947 180 
562 218 
515 700 
179 979 
793 919 
955 855 
494 624 
990 594 
598 381 
804 355 
474 980 
131 383 
188 812 
776 135 
189 983 
714 742 
483 95 
383 59 
151 481 
322 391 
964 229 
111 198 
594 818 
221 1 
176 860 
11 248 
619 483 
769 801 
210 934 
854 707 
220 384 
389 402 
402 920 
959 612 
540 695 
731 962 
578 626 
693 314 
456 156 
159 501 
417 180 
993 401 
818 342 
707 558 
325 992 
790 751 
427 208 
605 458 
384 914 
670 38 
293 546 
626 539 
982 159 
76 152 
850 387 
400 651 
919 619 
26 677 
217 214 
160 807 
484 48 
79 387 
680 317 
719 1000 
505 782 
20 592 
309 214 
419 547 
628 166 
443 622 
42 733 
619 233 
26 272 
139 756 
543 285 
725 330 
746 257 
495 221 
290 497 
446 448 
525 41 
537 8 
215 785 
527 595 
377 128 
388 84 
773 546 
860 465 
894 5 
156 395 
214 205 
503 827 
641 980 
471 106 
357 612 
714 563 
91 75 
193 205 
990 157 
474 251 
949 525 
844 921 
74 264 
378 255 
61 829 
824 657 
395 247 
200 55 
76 953 
537 718 
249 209 
103 761 
859 842 
859 659 
986 837 
149 616 
896 43 
550 488 
806 942 
323 280 
492 324 
282 261 
531 635 
117 194 
126 578 
634 934 
899 603 
969 467 
333 608 
121 844 
410 105 
570 337 
876 466 
249 369 
699 944 
381 790 
511 975 
494 913 
744 722 
927 435 
963 479 
288 399 
253 990 
623 538 
542 756 
816 288 
341 303 
47 253 
286 714 
625 391 
356 860 
357 688 
322 44 
115 130 
448 350 
374 658 
898 416 
474 647 
967 120 
398 796 
245 664 
698 295 
779 863 
244 544 
490 59 
153 356 
609 802 
642 914 
209 179 
949 612 
81 107 
34 108 
517 206 
332 882 
309 286 
997 83 
270 843 
771 391 
403 835 
600 575 
411 428 
728 142 
192 368 
197 273 
47 809 
236 700 
438 93 
77 931 
19 842 
389 334 
995 643 
758 394 
589 561 
714 224 
724 826 
187 510 
275 196 
712 468 
392 70 
716 81 
764 63 
730 605 
558 958 
811 753 
441 561 
892 184 
707 511 
688 920 
359 559 
838 301 
323 661 
780 167 
309 499 
214 704 
785 882 
683 276 
628 736 
142 641 
874 84 
789 588 
943 862 
997 262 
41 142 
538 652 
665 393 
525 531 
307 81 
756 634 
997 245 
179 166 
781 933 
70 485 
526 613 
300 86 
491 864 
147 694 
639 147 
229 757 
435 490 
834 24 
228 351 
905 979 
436 716 
850 549 
459 757 
968 730 
610 430 
834 560 
654 903 
145 995 
907 588 
142 66 
69 256 
130 693 
228 454 
713 112 
83 158 
750 377 
475 146 
689 808 
985 544 
470 577 
820 696 
195 173 
917 198 
35 582 
751 23 
209 815 
50 695 
71 635 
40 506 
909 614 
46 877 
45 431 
832 62 
102 499 
668 864 
892 568 
456 388 
748 199 
95 574 
995 920 
631 144 
465 783 
411 405 
715 407 
589 584 
901 919 
918 682 
22 107 
181 139 
293 1001 
552 994 
966 950 
342 511 
604 380 
104 274 
876 71 
621 715 
804 508 
773 764 
832 612 
662 656 
695 249 
951 475 
357 525 
913 675 
410 477 
915 427 
516 591 
586 523 
38 901 
149 157 
756 837 
644 106 
822 748 
694 958 
542 476 
667 86 
128 789 
420 310 
986 373 
167 339 
669 162 
807 152 
849 228 
31 572 
548 578 
215 837 
999 814 
824 905 
831 573 
307 147 
75 934 
280 291 
289 830 
669 757 
470 321 
507 264 
582 680 
556 273 
705 416 
686 193 
728 970 
60 98 
311 772 
932 115 
244 243 
31 935 
509 534 
238 604 
573 145 
962 896 
425 711 
972 907 
930 724 
217 724 
723 914 
373 391 
400 514 
985 877 
353 5 
223 669 
359 677 
347 1000 
227 440 
504 498 
247 349 
765 427 
392 670 
375 564 
345 443 
58 207 
717 651 
785 796 
632 871 
706 291 
998 852 
515 866 
534 645 
578 878 
21 532 
177 49 
40 139 
926 21 
61 131 
251 928 
80 125 
619 559 
892 582 
152 762 
685 647 
563 419 
271 396 
395 528 
514 6 
536 896 
525 743 
701 13 
100 722 
744 96 
973 659 
271 845 
675 699 
608 843 
583 654 
726 372 
200 259 
355 642 
495 682 
727 825 
389 59 
669 161 
200 335 
731 936 
911 890 
790 804 
597 602 
738 365 
697 456 
500 885 
590 665 
13 403 
586 279 
729 541 
615 632 
957 746 
396 665 
863 842 
375 583 
34 752 
670 331 
755 663 
672 435 
662 478 
417 427 
243 896 
340 157 
910 220 
864 208 
165 146 
518 370 
17 313 
677 633 
868 756 
826 129 
748 492 
690 275 
186 535 
768 146 
892 787 
151 673 
561 697 
259 391 
144 728 
989 644 
958 859 
953 957 
984 492 
866 684 
516 296 
569 568 
488 495 
978 998 
375 335 
676 662 
652 431 
552 689 
844 620 
140 512 
928 286 
286 84 
936 730 
136 847 
833 557 
296 298 
259 297 
604 688 
304 550 
228 872 
933 327 
783 173 
846 869 
673 208 
60 735 
517 719 
458 292 
428 88 
82 943 
332 623 
839 799 
498 168 
716 921 
438 445 
278 989 
617 952 
785 852 
969 914 
161 642 
274 292 
813 667 
256 274 
832 762 
498 517 
130 368 
360 903 
144 149 
808 549 
831 584 
291 373 
299 32 
559 401 
956 938 
326 455 
584 322 
836 323 
738 513 
108 466 
267 875 
162 911 
859 313 
12 622 
555 486 
41 83 
863 151 
896 951 
647 710 
956 516 
6 404 
219 774 
60 812 
200 794 
568 537 
806 385 
520 31 
586 799 
13 266 
231 582 
123 444 
28 200 
42 502 
937 473 
869 398 
841 861 
493 899 
357 860 
721 857 
221 567 
573 787 
68 192 
156 754 
600 620 
274 152 
859 463 
462 82 
261 150 
493 581 
226 548 
663 697 
294 268 
926 816 
558 712 
185 705 
129 887 
979 221 
205 22 
231 147 
575 648 
349 637 
577 312 
292 74 
229 549 
891 269 
417 72 
574 613 
79 739 
519 271 
833 444 
921 512 
590 937 
511 820 
82 202 
117 89 
812 458 
372 716 
785 954 
752 265 
14 812 
523 715 
873 237 
824 187 
324 422 
695 246 
954 812 
249 961 
385 390 
640 453 
608 210 
717 648 
984 722 
154 411 
246 724 
691 993 
973 683 
666 683 
786 169 
4 777 
348 89 
866 411 
171 401 
74 169 
75 430 
349 161 
265 181 
102 196 
54 556 
433 354 
512 947 
760 369 
382 822 
835 128 
1 598 
72 209 
949 150 
461 916 
723 568 
31 603 
203 487 
782 607 
123 539 
882 973 
303 359 
503 352 
849 486 
798 830 
577 512 
132 609 
466 395 
413 822 
798 78 
573 935 
703 691 
12 910 
949 583 
169 913 
705 451 
817 407 
312 791 
201 817 
596 661 
809 223 
135 922 
139 112 
249 769 
135 534 
341 823 
648 620 
977 433 
576 244 
624 970 
480 795 
399 189 
851 340 
400 589 
493 663 
322 268 
604 671 
521 326 
508 423 
786 974 
485 174 
58 918 
18 374 
41 662 
535 807 
222 370 
124 556 
886 692 
804 206 
371 346 
432 446 
619 117 
447 343 
816 717 
501 228 
419 542 
60 114 
215 646 
604 56 
757 187 
579 789 
595 343 
158 909 
930 368 
172 254 
561 650 
559 271 
842 505 
608 159 
796 153 
91 355 
617 625 
379 144 
132 399 
805 56 
241 158 
464 659 
687 414 
177 257 
46 228 
942 512 
584 593 
669 416 
932 545 
856 195 
793 811 
38 952 
797 622 
70 726 
409 292 
670 789 
419 476 
836 790 
169 64 
436 113 
762 376 
975 458 
92 994 
76 591 
723 477 
206 994 
826 690 
323 487 
126 103 
799 722 
899 880 
150 968 
569 809 
98 176 
652 375 
492 553 
189 782 
307 578 
941 494 
802 89 
452 521 
439 774 
349 683 
29 199 
362 101 
32 933 
359 187 
16 432 
135 87 
300 120 
169 76 
410 1 
125 37 
288 133 
194 296 
91 760 
239 2 
163 660 
86 497 
671 172 
759 687 
767 621 
436 15 
297 509 
393 166 
192 630 
932 212 
979 895 
133 671 
501 245 
154 209 
194 990 
205 618 
608 376 
333 433 
686 95 
878 353 
5 500 
833 942 
311 957 
611 267 
640 994 
552 719 
509 178 
792 920 
197 379 
574 975 
735 608 
797 422 
746 156 
822 482 
25 285 
306 819 
857 827 
610 543 
354 818 
196 315 
605 318 
342 701 
747 8 
14 614 
994 177 
477 811 
329 283 
616 197 
578 404 
46 974 
710 405 
919 989 
752 119 
947 515 
334 179 
752 518 
649 102 
233 118 
864 138 
77 860 
595 614 
407 755 
868 258 
647 326 
516 2 
197 371 
72 417 
944 17 
856 429 
132 381 
102 457 
439 965 
505 31 
990 667 
818 42 
766 896 
222 214 
800 106 
580 741 
669 662 
536 961 
83 265 
838 840 
685 786 
703 158 
32 569 
919 128 
822 640 
239 938 
17 934 
637 936 
28 118 
129 683 
700 463 
590 726 
212 458 
269 969 
893 849 
367 109 
500 561 
226 846 
817 915 
942 594 
288 885 
142 230 
607 329 
39 222 
823 134 
105 307 
632 326 
207 812 
106 743 
333 594 
826 7 
960 54 
565 470 
193 284 
212 58 
608 429 
323 853 
93 988 
801 786 
561 466 
894 298 
873 673 
791 137 
756 757 
173 487 
720 878 
694 90 
541 501 
892 550 
203 90 
275 51 
962 935 
111 546 
569 732 
296 707 
411 525 
224 309 
717 550 
364 625 
656 996 
706 426 
827 266 
377 801 
710 602 
142 903 
863 780 
152 494 
363 243 
769 799 
785 69 
404 778 
771 669 
173 255 
418 786 
445 697 
340 780 
503 469 
384 595 
683 458 
953 544 
455 9 
899 82 
833 850 
484 609 
551 733 
160 285 
259 577 
20 562 
288 224 
118 606 
140 782 
628 818 
572 947 
800 460 
233 577 
331 542 
397 411 
490 855 
608 178 
566 147 
556 638 
162 486 
860 799 
534 601 
688 819 
157 880 
800 98 
593 101 
505 789 
911 933 
177 589 
648 837 
526 637 
73 430 
791 428 
309 679 
547 58 
304 272 
931 741 
476 489 
697 362 
813 755 
585 256 
366 177 
175 515 
232 663 
102 438 
727 229 
647 841 
99 417 
269 152 
696 501 
215 768 
426 311 
124 324 
32 920 
367 860 
741 838 
447 129 
924 897 
730 534 
264 79 
982 593 
273 359 
925 575 
525 224 
310 358 
428 116 
113 339 
936 156 
842 316 
703 786 
589 99 
628 957 
856 817 
473 253 
630 195 
437 84 
661 23 
573 57 
900 781 
114 47 
403 251 
566 573 
357 638 
50 619 
219 268 
933 706 
892 40 
347 870 
183 484 
474 107 
963 93 
180 691 
456 912 
612 466 
311 152 
209 217 
83 36 
627 180 
176 295 
530 461 
413 105 
120 974 
398 996 
2 910 
251 441 
921 917 
91 646 
386 685 
69 662 
899 695 
366 789 
377 193 
159 284 
738 323 
64 336 
972 446 
585 783 
180 151 
463 285 
898 409 
600 474 
516 119 
13 239 
58 238 
670 825 
133 146 
622 59 
688 894 
163 657 
85 7 
666 299 
496 484 
159 99 
661 425 
987 130 
746 724 
781 497 
511 795 
662 32 
633 223 
85 670 
787 732 
40 101 
114 730 
804 495 
588 101 
733 226 
555 323 
351 605 
699 161 
170 236 
446 889 
562 517 
810 86 
217 342 
128 137 
768 897 
988 39 
909 492 
478 952 
856 671 
587 283 
683 543 
43 671 
272 917 
410 370 
928 972 
2 921 
810 591 
153 136 
957 950 
344 928 
986 231 
665 858 
3 82 
307 1 
797 25 
602 511 
99 538 
972 905 
412 390 
997 915 
410 12 
138 867 
563 229 
116 820 
674 635 
205 249 
783 980 
615 371 
63 737 
663 743 
309 889 
758 964 
213 510 
244 531 
248 528 
942 317 
802 300 
261 334 
425 192 
143 369 
325 985 
428 383 
684 296 
791 727 
178 122 
85 495 
888 431 
4 739 
341 383 
153 491 
217 879 
150 856 
550 803 
504 980 
823 339 
630 569 
391 680 
639 558 
403 812 
107 523 
191 839 
819 330 
393 897 
25 936 
335 984 
60 616 
675 895 
416 803 
295 333 
13 362 
35 23 
212 776 
677 274 
347 66 
641 638 
656 617 
341 920 
460 713 
791 407 
106 538 
518 492 
144 605 
145 237 
927 563 
531 985 
778 580 
554 594 
457 742 
831 544 
646 853 
502 272 
429 9 
864 682 
154 637 
367 412 
211 275 
350 744 
596 276 
16 17 
647 138 
355 508 
744 977 
893 921 
957 440 
852 249 
539 494 
150 794 
107 208 
593 631 
282 485 
240 786 
82 517 
291 382 
98 167 
631 863 
881 107 
848 260 
956 808 
900 937 
709 778 
796 35 
745 979 
71 449 
84 71 
166 343 
470 64 
822 557 
496 563 
684 879 
235 622 
657 817 
955 460 
314 159 
466 267 
941 48 
461 449 
863 142 
245 769 
367 211 
265 334 
315 713 
966 902 
577 455 
17 445 
985 335 
120 428 
546 231 
295 254 
671 802 
285 571 
572 829 
627 175 
308 677 
403 7 
291 360 
227 932 
235 288 
640 685 
575 310 
185 515 
535 958 
498 50 
281 351 
449 30 
570 988 
398 605 
862 188 
139 392 
611 163 
207 736 
965 684 
857 833 
286 227 
33 476 
240 79 
977 629 
329 514 
641 658 
761 120 
424 147 
179 379 
192 11 
387 116 
670 622 
892 504 
287 206 
440 691 
75 560 
457 295 
54 873 
434 257 
798 743 
749 19 
838 641 
157 708 
796 472 
76 985 
560 933 
614 967 
372 60 
972 388 
963 555 
650 251 
413 116 
334 506 
261 33 
436 355 
25 945 
257 686 
661 655 
92 347 
377 62 
783 182 
158 121 
827 56 
688 884 
57 524 
654 66 
600 582 
965 462 
37 891 
65 872 
483 720 
320 115 
597 37 
297 110 
3 565 
766 115 
257 178 
94 244 
347 893 
558 296 
949 404 
991 298 
121 26 
646 623 
295 283 
26 333 
701 609 
547 259 
511 90 
852 934 
539 894 
508 462 
377 42 
664 38 
391 748 
958 526 
863 403 
579 709 
606 419 
585 127 
884 44 
618 175 
433 463 
161 763 
539 163 
4 965 
670 304 
943 75 
920 216 
878 410 
785 453 
382 315 
820 73 
583 55 
43 55 
989 937 
351 450 
614 198 
920 885 
325 680 
286 933 
446 246 
126 869 
90 261 
698 27 
902 79 
89 930 
922 79 
604 861 
637 443 
334 150 
999 398 
1 138 
373 398 
617 427 
665 278 
684 799 
47 492 
539 811 
391 542 
955 853 
556 320 
987 249 
870 193 
426 850 
867 880 
144 303 
506 173 
740 316 
563 809 
377 885 
552 146 
431 635 
391 338 
275 230 
639 152 
695 58 
968 340 
584 979 
993 701 
208 275 
894 589 
795 768 
553 462 
658 419 
543 127 
163 141 
770 259 
766 446 
519 556 
814 127 
959 526 
918 946 
686 311 
426 374 
232 130 
778 959 
519 273 
886 355 
349 647 
695 151 
266 700 
596 292 
766 992 
892 267 
447 667 
41 550 
177 632 
579 237 
692 928 
467 12 
200 289 
171 147 
913 273 
669 954 
623 181 
940 506 
487 894 
840 276 
6 190 
731 939 
339 833 
434 919 
288 838 
321 20 
588 995 
347 109 
192 849 
813 559 
228 622 
963 336 
150 966 
173 272 
112 858 
728 298 
593 312 
807 841 
841 892 
124 271 
137 737 
662 724 
28 894 
722 639 
724 495 
52 518 
400 791 
504 698 
450 775 
314 879 
937 763 
606 210 
871 563 
941 89 
143 662 
918 509 
983 183 
2 314 
489 840 
377 241 
505 574 
829 443 
487 748 
275 717 
435 730 
465 270 
796 693 
554 630 
214 133 
94 703 
270 597 
770 459 
769 270 
145 846 
671 59 
488 253 
227 490 
450 635 
639 696 
251 21 
349 327 
788 420 
942 367 
942 679 
584 566 
983 239 
350 841 
365 31 
365 216 
625 146 
16 314 
166 800 
440 856 
360 860 
655 875 
334 520 
104 370 
81 122 
680 784 
568 874 
281 887 
415 720 
835 717 
125 19 
680 701 
695 461 
316 176 
55 321 
513 654 
684 473 
204 608 
79 823 
565 249 
216 982 
435 546 
220 667 
631 792 
549 278 
179 654 
367 621 
566 785 
654 16 
672 762 
53 838 
353 845 
224 881 
998 848 
718 487 
301 504 
429 715 
530 152 
56 646 
948 650 
512 307 
347 453 
172 755 
143 951 
841 792 
504 841 
414 207 
862 257 
995 660 
677 578 
938 788 
354 858 
824 270 
173 227 
204 597 
999 320 
586 122 
124 784 
636 35 
460 968 
678 264 
706 59 
396 694 
707 292 
421 843 
365 250 
122 969 
265 534 
148 47 
70 312 
987 617 
12 936 
146 261 
338 585 
48 377 
903 653 
393 317 
279 7 
434 818 
350 106 
780 390 
255 859 
582 539 
191 491 
280 535 
208 813 
96 130 
850 965 
557 445 
481 909 
355 552 
415 673 
727 365 
145 340 
907 734 
152 661 
132 252 
762 918 
105 143 
229 41 
431 500 
26 512 
938 677 
924 48 
240 9 
522 801 
272 255 
632 306 
794 596 
142 207 
360 62 
98 904 
264 224 
592 996 
648 892 
435 297 
906 401 
195 491 
394 786 
147 871 
269 992 
860 239 
889 811 
983 847 
584 681 
944 615 
168 900 
272 690 
574 923 
52 978 
502 985 
234 492 
522 274 
357 177 
745 57 
270 171 
234 554 
650 471 
659 147 
120 50 
29 130 
497 983 
926 777 
894 859 
746 10 
501 882 
672 572 
678 780 
904 20 
207 337 
441 769 
106 588 
521 815 
490 330 
37 76 
226 989 
258 262 
503 253 
634 690 
121 409 
18 253 
942 41 
845 212 
9 787 
315 323 
793 303 
591 599 
276 72 
132 958 
371 116 
159 12 
113 417 
724 366 
111 799 
140 197 
804 232 
621 82 
206 500 
624 561 
552 718 
228 70 
260 444 
11 223 
474 49 
164 987 
639 149 
687 916 
115 994 
285 759 
726 935 
473 746 
279 474 
352 59 
991 300 
327 950 
754 734 
132 564 
723 433 
956 150 
235 511 
186 165 
140 104 
653 438 
77 972 
461 457 
528 951 
928 730 
570 865 
56 594 
240 972 
418 987 
922 878 
460 932 
649 190 
1 766 
569 194 
549 445 
952 775 
270 931 
989 223 
55 244 
217 35 
826 291 
665 750 
498 631 
319 211 
366 832 
334 488 
99 171 
471 334 
777 36 
87 923 
85 214 
595 532 
773 491 
735 346 
207 117 
172 691 
88 189 
67 997 
864 505 
774 1 
498 363 
687 975 
499 679 
224 368 
982 708 
172 947 
96 36 
189 734 
738 689 
805 883 
962 717 
969 465 
557 715 
387 625 
41 206 
846 642 
165 269 
301 573 
228 692 
870 444 
150 958 
258 666 
994 203 
811 403 
311 607 
194 454 
343 289 
476 435 
412 805 
787 801 
490 63 
231 674 
372 530 
172 181 
535 323 
902 300 
11 266 
143 273 
468 312 
215 470 
217 739 
976 443 
217 719 
684 645 
151 596 
720 867 
270 101 
438 605 
910 720 
737 557 
207 836 
539 327 
83 496 
390 778 
313 116 
867 441 
113 30 
60 448 
486 412 
576 666 
591 461 
615 890 
20 108 
303 43 
297 119 
707 217 
176 904 
914 636 
784 602 
31 967 
312 747 
455 867 
225 573 
112 725 
697 292 
623 815 
305 511 
623 60 
391 615 
828 389 
735 671 
547 912 
648 841 
245 178 
334 735 
575 160 
580 623 
173 787 
473 603 
835 522 
623 984 
570 475 
143 665 
607 768 
820 156 
27 545 
805 435 
712 865 
298 524 
554 387 
198 630 
577 337 
366 589 
986 615 
271 391 
100 599 
270 224 
109 497 
652 917 
923 714 
5 728 
166 535 
563 456 
116 783 
854 478 
733 897 
354 599 
410 978 
948 275 
110 644 
713 738 
749 215 
45 368 
684 230 
193 53 
93 602 
727 280 
167 573 
815 573 
827 959 
370 72 
651 207 
308 262 
686 29 
325 701 
796 682 
687 504 
713 371 
42 295 
348 236 
689 285 
946 264 
403 696 
958 832 
944 490 
101 410 
805 730 
947 971 
260 428 
700 257 
463 837 
73 190 
398 313 
385 672 
982 792 
576 140 
315 627 
163 130 
996 746 
321 101 
609 615 
529 429 
941 155 
828 269 
789 416 
156 762 
856 265 
813 105 
541 602 
705 652 
939 731 
291 283 
668 191 
208 582 
328 380 
759 947 
858 823 
651 326 
971 11 
622 419 
176 906 
624 679 
904 184 
864 386 
522 565 
812 971 
281 558 
833 582 
941 1001 
486 233 
147 284 
672 67 
600 466 
183 630 
18 84 
140 561 
286 312 
299 374 
746 69 
960 820 
998 625 
461 992 
721 740 
665 114 
290 647 
917 353 
12 765 
157 679 
725 514 
647 266 
754 473 
975 379 
700 422 
397 885 
815 722 
171 953 
975 374 
798 198 
362 553 
989 286 
218 771 
450 198 
619 968 
226 250 
204 445 
423 294 
237 187 
898 848 
334 828 
257 404 
855 848 
733 198 
464 301 
453 154 
128 711 
955 410 
959 175 
425 926 
579 954 
602 555 
481 588 
195 62 
859 755 
921 647 
414 962 
12 100 
666 447 
196 292 
285 38 
695 734 
335 281 
192 396 
323 51 
486 461 
179 956 
423 734 
33 232 
566 450 
998 467 
438 77 
374 171 
374 183 
131 8 
586 649 
692 252 
537 733 
739 156 
271 567 
354 104 
360 369 
934 150 
240 757 
741 89 
701 798 
789 966 
694 993 
805 774 
840 561 
451 600 
15 328 
490 177 
406 994 
160 629 
38 298 
751 578 
860 861 
965 802 
644 575 
258 800 
566 620 
748 66 
756 649 
594 835 
11 588 
794 908 
395 195 
768 138 
168 871 
429 289 
990 91 
650 204 
578 259 
705 468 
772 59 
191 304 
115 939 
569 235 
333 453 
329 289 
791 855 
828 611 
326 713 
857 599 
618 957 
936 389 
59 762 
823 89 
348 901 
256 635 
818 443 
689 9 
202 210 
356 130 
836 966 
448 916 
181 557 
571 853 
77 420 
16 866 
696 156 
680 990 
498 750 
278 643 
1001 969 
611 304 
916 35 
203 937 
226 897 
147 755 
605 911 
563 847 
422 45 
462 625 
861 363 
767 951 
814 857 
453 249 
850 785 
480 422 
433 639 
258 863 
441 544 
10 768 
834 562 
543 474 
485 214 
465 946 
363 422 
321 685 
144 244 
623 100 
248 341 
346 865 
461 296 
70 590 
870 415 
72 424 
306 721 
154 72 
393 641 
703 557 
859 480 
791 74 
66 691 
106 876 
658 135 
635 714 
249 994 
595 64 
226 691 
583 105 
829 127 
977 371 
239 525 
872 265 
438 644 
244 822 
727 510 
820 261 
153 822 
435 911 
715 883 
744 708 
5 310 
718 911 
409 477 
390 362 
874 798 
200 127 
798 876 
286 738 
40 228 
315 482 
894 797 
288 862 
919 961 
927 735 
37 952 
100 413 
184 648 
896 588 
192 546 
408 208 
75 591 
927 850 
643 781 
558 879 
587 929 
10 984 
143 293 
32 477 
949 500 
456 769 
906 243 
798 859 
553 826 
571 148 
10 554 
869 846 
692 597 
218 636 
611 696 
257 713 
772 622 
647 938 
481 630 
243 35 
196 37 
440 178 
804 42 
678 727 
307 836 
145 934 
597 677 
708 955 
596 311 
29 125 
720 222 
980 299 
417 378 
7 439 
514 971 
650 883 
678 561 
676 711 
778 210 
284 699 
997 792 
119 407 
786 874 
214 653 
646 173 
933 96 
205 78 
506 667 
392 957 
734 467 
796 393 
559 561 
12 600 
165 399 
256 764 
257 283 
509 611 
703 254 
461 833 
604 793 
444 847 
65 715 
822 453 
836 161 
884 130 
301 856 
124 296 
483 216 
93 843 
197 505 
879 730 
584 588 
341 824 
543 75 
454 236 
788 860 
614 387 
96 87 
513 503 
794 54 
381 458 
157 913 
816 408 
21 928 
700 316 
65 263 
574 361 
767 62 
45 584 
966 708 
4 427 
358 662 
82 98 
458 740 
782 397 
525 414 
345 186 
619 772 
532 180 
460 425 
254 226 
359 414 
337 932 
466 5 
363 814 
41 990 
596 781 
362 910 
11 579 
229 216 
926 904 
570 256 
71 568 
322 991 
148 832 
133 13 
202 372 
434 611 
421 147 
31 510 
58 386 
615 601 
760 251 
609 678 
445 223 
499 713 
319 151 
119 846 
698 751 
883 184 
264 239 
436 494 
379 784 
887 266 
890 777 
295 23 
884 282 
663 911 
323 846 
523 195 
511 847 
822 820 
639 634 
585 355 
848 688 
210 726 
548 949 
371 607 
417 129 
108 153 
696 824 
7 121 
815 809 
433 340 
818 501 
2 972 
733 475 
203 462 
71 268 
884 799 
434 246 
771 521 
803 412 
818 413 
525 977 
156 419 
440 694 
951 154 
40 761 
895 810 
678 11 
541 280 
415 618 
901 204 
65 201 
381 751 
733 762 
325 228 
269 831 
138 745 
977 99 
252 858 
196 614 
971 150 
534 998 
844 378 
380 224 
496 553 
961 647 
67 914 
781 675 
495 216 
1000 881 
217 594 
642 465 
513 335 
585 669 
653 710 
734 823 
451 253 
704 57 
69 617 
336 22 
410 730 
180 592 
290 469 
919 348 
597 169 
9 738 
400 159 
230 150 
526 888 
32 329 
49 884 
66 830 
905 327 
429 727 
664 705 
995 963 
271 943 
500 615 
640 507 
164 720 
778 51 
288 457 
577 802 
548 189 
624 598 
180 500 
988 544 
621 162 
241 560 
843 734 
352 812 
819 187 
687 146 
191 151 
161 489 
72 656 
756 144 
847 355 
898 982 
170 414 
921 123 
167 784 
782 849 
406 62 
327 139 
389 553 
499 107 
642 191 
108 926 
559 864 
703 348 
36 583 
149 839 
461 618 
256 825 
215 675 
853 6 
667 33 
254 699 
532 605 
858 198 
291 12 
392 393 
796 443 
37 43 
85 535 
892 275 
420 170 
651 176 
336 751 
137 564 
520 661 
12 206 
620 505 
499 363 
966 142 
949 860 
384 892 
607 500 
355 48 
125 623 
24 919 
753 525 
535 801 
848 643 
483 691 
132 623 
73 115 
253 768 
310 795 
105 799 
459 509 
834 804 
28 966 
413 516 
949 953 
518 814 
874 691 
615 525 
388 401 
395 980 
160 893 
154 604 
85 584 
54 76 
778 665 
125 671 
285 898 
792 529 
637 276 
262 738 
737 51 
925 674 
21 169 
51 396 
210 13 
118 161 
802 608 
364 350 
249 69 
144 541 
173 934 
708 627 
17 900 
599 845 
887 680 
321 881 
583 225 
368 153 
477 579 
712 125 
487 897 
996 888 
96 143 
766 803 
246 533 
826 389 
22 151 
865 852 
463 378 
420 907 
154 367 
263 523 
979 596 
900 653 
240 735 
819 623 
628 94 
888 559 
488 141 
74 565 
410 222 
612 397 
290 625 
137 841 
438 183 
750 44 
746 882 
285 386 
252 870 
112 95 
953 452 
469 971 
33 744 
153 125 
458 592 
404 251 
579 2 
580 674 
213 827 
618 480 
665 13 
189 911 
814 539 
854 544 
447 534 
39 928 
634 853 
125 920 
786 158 
868 331 
899 130 
346 316 
403 100 
579 521 
875 372 
603 624 
935 509 
809 479 
542 942 
486 185 
560 882 
201 304 
114 241 
974 255 
783 629 
412 757 
959 715 
363 788 
422 36 
140 765 
716 531 
198 45 
636 469 
918 242 
596 206 
12 643 
27 358 
65 480 
793 495 
400 586 
509 478 
703 107 
246 965 
415 317 
61 811 
32 889 
447 987 
752 880 
872 657 
965 281 
308 226 
833 298 
139 188 
32 993 
781 389 
506 865 
296 858 
359 876 
373 194 
394 616 
614 463 
148 772 
131 983 
518 779 
205 49 
720 203 
325 229 
824 238 
100 465 
996 678 
528 760 
215 634 
196 472 
1001 642 
202 113 
926 243 
259 128 
768 587 
246 899 
984 921 
436 661 
695 248 
526 902 
787 155 
449 921 
582 597 
546 695 
510 776 
815 770 
254 862 
834 531 
806 470 
878 732 
287 773 
529 737 
824 391 
567 265 
755 955 
3 513 
247 581 
539 113 
760 198 
550 200 
831 295 
532 527 
210 784 
962 710 
25 465 
581 393 
194 531 
851 647 
876 877 
482 587 
412 766 
547 853 
255 454 
497 936 
963 337 
445 806 
153 339 
834 888 
206 330 
289 601 
88 1 
122 30 
421 3 
890 167 
740 612 
651 483 
893 350 
663 170 
43 834 
13 161 
796 851 
269 251 
732 629 
824 651 
16 838 
850 994 
383 289 
403 477 
493 57 
622 194 
657 387 
623 745 
282 405 
861 691 
629 340 
638 708 
776 120 
477 586 
19 300 
401 251 
647 540 
736 93 
218 248 
669 226 
985 21 
259 425 
195 116 
460 720 
705 202 
378 896 
916 776 
243 396 
773 885 
133 771 
923 839 
549 565 
884 416 
920 389 
614 20 
398 738 
357 295 
225 125 
411 284 
28 902 
425 349 
695 682 
724 852 
924 345 
129 138 
41 664 
928 905 
173 190 
466 843 
447 702 
843 31 
578 427 
995 162 
668 913 
768 241 
867 553 
564 732 
167 414 
327 589 
551 956 
766 819 
394 486 
940 73 
107 684 
499 470 
772 407 
122 32 
586 272 
453 657 
88 982 
830 959 
388 637 
106 273 
427 81 
882 831 
704 144 
141 803 
472 769 
526 22 
206 827 
634 322 
647 822 
188 995 
106 792 
679 737 
17 340 
447 207 
33 683 
443 276 
248 534 
516 35 
978 583 
756 733 
50 37 
634 69 
450 776 
756 610 
352 795 
404 67 
805 183 
189 355 
188 811 
643 460 
316 542 
222 79 
687 724 
756 441 
664 516 
416 704 
476 27 
815 967 
342 845 
840 767 
253 836 
509 100 
775 109 
847 227 
463 969 
116 287 
29 639 
655 751 
636 837 
792 463 
688 63 
315 17 
509 949 
735 85 
755 777 
548 139 
816 127 
69 458 
199 398 
849 478 
181 422 
896 698 
399 635 
293 604 
535 256 
10 636 
1001 41 
323 952 
124 480 
506 998 
11 863 
156 745 
245 524 
944 62 
32 509 
286 406 
815 275 
557 380 
490 252 
549 284 
209 591 
273 683 
511 834 
710 792 
810 192 
816 430 
41 42 
899 65 
148 882 
858 893 
415 540 
235 731 
313 877 
1001 16 
944 684 
911 20 
722 115 
252 422 
292 981 
815 675 
404 124 
487 316 
317 450 
728 450 
375 164 
903 195 
414 598 
78 273 
395 70 
966 263 
665 182 
545 624 
475 189 
798 857 
316 794 
729 627 
950 948 
276 407 
65 699 
988 312 
38 909 
203 331 
633 848 
527 352 
839 580 
487 907 
753 681 
757 302 
724 692 
95 803 
823 723 
320 794 
652 643 
316 254 
754 817 
731 943 
265 810 
920 97 
750 437 
332 799 
703 361 
819 636 
364 656 
118 559 
893 105 
919 165 
252 234 
405 485 
824 547 
670 113 
566 311 
222 812 
171 579 
111 779 
601 427 
291 462 
612 13 
301 581 
614 977 
513 606 
355 786 
795 842 
303 64 
266 95 
897 647 
625 431 
641 670 
815 951 
382 352 
152 67 
613 988 
269 780 
506 219 
376 122 
16 884 
499 335 
31 79 
474 207 
183 352 
105 66 
322 98 
822 917 
716 983 
453 287 
785 43 
122 588 
419 813 
636 893 
488 158 
409 312 
437 346 
274 229 
783 942 
860 159 
439 660 
638 326 
754 914 
96 795 
184 817 
690 29 
960 52 
27 66 
599 779 
276 116 
786 114 
720 993 
146 906 
306 180 
914 343 
813 475 
243 367 
600 566 
383 275 
590 934 
494 753 
846 556 
229 580 
695 104 
655 961 
625 217 
144 521 
226 157 
580 587 
391 397 
977 828 
355 380 
351 345 
116 915 
527 518 
310 626 
677 803 
6 958 
320 61 
580 208 
10 489 
53 257 
84 485 
750 488 
17 9 
379 270 
430 444 
437 327 
385 181 
567 45 
165 940 
870 63 
794 27 
929 273 
321 98 
291 406 
158 656 
314 709 
125 912 
121 244 
195 430 
408 550 
273 47 
217 354 
924 246 
899 866 
213 520 
517 927 
516 454 
499 564 
602 342 
868 311 
271 49 
870 989 
848 150 
298 522 
159 345 
505 634 
229 555 
58 833 
871 227 
558 610 
891 827 
749 640 
270 351 
654 505 
38 954 
972 413 
643 819 
896 465 
366 456 
699 675 
815 135 
651 488 
474 546 
146 153 
257 818 
503 567 
68 532 
144 322 
201 1001 
796 272 
37 138 
883 729 
740 282 
361 672 
474 975 
892 152 
304 508 
367 342 
10 594 
941 505 
812 266 
33 946 
25 488 
674 538 
878 908 
349 759 
53 439 
916 125 
149 163 
165 604 
592 66 
900 676 
839 21 
197 943 
834 849 
284 118 
171 924 
731 568 
588 724 
900 576 
188 451 
234 131 
643 830 
326 458 
138 651 
318 390 
198 648 
82 381 
839 673 
872 221 
175 96 
50 180 
377 746 
690 313 
171 852 
702 349 
891 111 
817 226 
822 684 
556 732 
58 988 
200 846 
429 233 
946 156 
173 287 
435 969 
925 773 
316 203 
868 416 
11 733 
188 735 
609 593 
91 613 
712 564 
308 548 
324 725 
36 416 
994 334 
233 511 
959 655 
351 88 
431 475 
277 627 
497 520 
51 264 
522 789 
922 741 
525 37 
835 136 
997 347 
483 968 
944 885 
705 1001 
41 145 
383 980 
935 685 
718 181 
746 180 
531 204 
820 752 
329 672 
685 405 
791 490 
754 80 
617 466 
808 192 
642 116 
408 29 
1000 566 
857 774 
421 940 
471 201 
636 54 
79 177 
215 619 
407 734 
30 506 
741 977 
769 795 
937 418 
373 269 
643 859 
989 619 
550 610 
784 611 
575 554 
80 581 
36 227 
608 161 
388 784 
889 41 
251 1000 
974 217 
391 476 
656 223 
882 594 
874 864 
938 926 
610 172 
95 660 
533 517 
466 880 
456 632 
174 630 
81 775 
972 47 
85 949 
120 712 
689 694 
155 901 
1000 184 
765 523 
435 864 
591 472 
426 429 
962 198 
1000 686 
164 152 
229 366 
226 840 
169 654 
242 571 
885 905 
176 488 
848 166 
941 246 
103 966 
301 188 
215 463 
148 488 
246 133 
478 975 
834 281 
100 417 
736 964 
280 344 
191 507 
393 118 
956 528 
942 407 
113 431 
383 142 
652 95 
560 271 
906 559 
426 495 
449 758 
941 521 
797 652 
433 818 
954 708 
572 875 
256 641 
179 393 
911 436 
548 659 
918 619 
420 963 
916 86 
794 379 
523 347 
830 674 
425 749 
907 572 
593 525 
774 239 
104 630 
930 134 
506 695 
686 19 
808 650 
228 48 
830 908 
336 165 
423 54 
366 636 
224 211 
174 823 
436 131 
170 812 
632 199 
991 439 
384 543 
694 920 
828 364 
784 283 
413 333 
515 291 
341 558 
305 529 
880 863 
687 507 
946 787 
445 412 
406 225 
332 899 
865 776 
255 816 
571 100 
972 448 
187 360 
515 749 
673 20 
241 697 
786 265 
532 85 
221 628 
764 363 
802 127 
46 102 
228 290 
824 220 
937 619 
256 237 
596 873 
240 516 
996 497 
668 178 
877 225 
354 311 
156 30 
952 985 
797 950 
801 567 
372 62 
601 25 
805 29 
663 617 
438 317 
164 823 
623 715 
402 216 
747 651 
7 665 
314 249 
951 62 
101 727 
216 26 
412 847 
470 118 
335 249 
258 210 
915 953 
136 406 
45 539 
174 756 
381 337 
502 528 
889 315 
899 41 
655 664 
326 211 
235 371 
45 300 
952 240 
855 819 
94 772 
460 467 
932 559 
965 152 
81 479 
517 154 
400 93 
406 659 
620 691 
143 709 
664 984 
749 545 
925 647 
350 496 
755 19 
640 186 
519 944 
791 725 
65 902 
595 291 
180 106 
317 554 
93 242 
906 332 
768 596 
393 151 
286 69 
565 544 
15 263 
822 813 
330 37 
950 806 
31 73 
900 870 
977 9 
130 407 
77 94 
42 260 
806 130 
955 290 
530 33 
103 251 
457 826 
701 873 
107 75 
449 632 
463 249 
636 441 
648 729 
554 564 
698 848 
835 701 
999 157 
238 155 
108 457 
505 134 
133 425 
349 849 
645 745 
156 468 
412 233 
873 116 
499 574 
419 740 
661 45 
163 396 
759 523 
311 691 
386 473 
904 924 
988 828 
956 104 
911 662 
365 325 
137 777 
241 226 
732 210 
380 592 
852 793 
484 160 
424 809 
462 732 
949 614 
37 435 
759 968 
1001 712 
376 240 
86 618 
979 425 
556 18 
449 114 
630 603 
797 86 
252 243 
921 487 
706 933 
696 690 
221 690 
711 151 
390 120 
265 484 
616 561 
897 317 
713 63 
410 430 
575 247 
981 1 
502 415 
795 389 
409 865 
693 50 
783 932 
288 34 
244 173 
879 323 
12 883 
671 428 
953 464 
347 726 
403 770 
517 667 
354 380 
239 266 
93 154 
118 569 
619 467 
305 587 
282 420 
942 591 
846 829 
204 270 
984 948 
709 343 
741 963 
42 752 
871 867 
259 306 
661 134 
296 853 
421 4 
143 671 
956 231 
584 759 
354 791 
286 4 
378 816 
465 350 
425 328 
903 819 
292 918 
963 738 
771 206 
623 913 
636 179 
776 766 
903 843 
843 824 
822 194 
366 694 
525 762 
742 153 
574 685 
976 779 
374 249 
406 310 
447 451 
933 384 
846 850 
2 441 
605 973 
462 829 
622 411 
513 975 
19 997 
920 415 
655 519 
261 249 
296 159 
526 773 
656 541 
208 918 
693 980 
344 549 
333 5 
383 604 
373 699 
186 537 
767 523 
302 789 
256 647 
790 996 
992 874 
510 967 
1 875 
325 537 
518 571 
432 20 
671 817 
714 522 
522 445 
787 413 
819 625 
28 268 
958 692 
156 279 
747 311 
228 649 
347 246 
65 531 
964 155 
251 477 
360 743 
370 879 
281 781 
94 923 
432 5 
325 989 
922 841 
921 409 
479 423 
895 600 
473 304 
297 267 
469 504 
38 896 
323 606 
675 221 
573 643 
227 62 
283 723 
186 822 
115 50 
808 130 
48 66 
483 40 
302 719 
750 619 
701 111 
167 418 
896 20 
664 403 
107 466 
661 726 
923 315 
411 621 
394 238 
25 489 
892 907 
405 527 
107 952 
615 323 
446 602 
907 804 
854 472 
260 709 
155 335 
971 620 
252 618 
218 581 
831 211 
391 552 
336 48 
670 760 
331 963 
331 872 
196 991 
905 246 
553 175 
407 967 
923 327 
170 131 
715 699 
308 914 
382 563 
469 517 
392 802 
349 211 
881 747 
125 253 
194 991 
78 636 
838 129 
177 945 
313 409 
227 162 
312 426 
1 98 
532 58 
245 424 
370 726 
277 753 
224 13 
923 197 
602 560 
236 875 
863 198 
643 595 
359 168 
36 859 
561 113 
354 169 
89 992 
664 1001 
763 587 
346 413 
52 664 
396 397 
613 347 
894 613 
938 252 
608 88 
342 878 
686 54 
739 263 
129 627 
27 895 
639 825 
888 300 
616 169 
765 154 
882 898 
479 707 
399 127 
88 191 
278 980 
979 289 
55 360 
654 427 
281 701 
462 851 
140 334 
955 898 
270 223 
777 789 
606 99 
11 593 
389 70 
713 289 
144 350 
699 227 
657 175 
315 96 
289 565 
19 370 
328 927 
659 788 
778 310 
791 120 
767 417 
930 668 
982 808 
291 868 
883 377 
170 901 
866 94 
775 603 
609 72 
186 264 
15 233 
623 728 
933 569 
808 510 
816 490 
907 297 
639 819 
269 604 
818 118 
520 958 
682 903 
893 978 
634 594 
940 414 
967 140 
611 562 
870 769 
979 81 
900 254 
743 366 
605 123 
465 71 
617 11 
852 441 
404 63 
642 320 
555 204 
257 962 
168 203 
696 189 
920 729 
814 540 
657 144 
252 433 
490 335 
724 944 
255 173 
426 419 
711 801 
208 603 
675 89 
365 389 
1000 17 
233 560 
279 922 
205 196 
729 936 
876 904 
281 745 
891 775 
136 308 
389 544 
403 915 
202 653 
667 66 
903 706 
180 661 
674 19 
109 68 
91 70 
290 801 
895 402 
345 72 
42 319 
787 750 
657 986 
606 32 
865 73 
69 189 
44 131 
587 592 
71 762 
349 925 
588 906 
126 272 
699 324 
308 689 
35 198 
463 254 
827 252 
30 697 
155 161 
254 890 
901 856 