12 9
17 19 29 28 17 21 27 24 14 26 11 1 
U 1 12
U 6 10
Q 4 6
Q 5 7
U 4 10
U 4 10
Q 6 9
Q 2 4
Q 1 11
15 8
11 4 7 1 23 13 12 12 7 12 21 11 19 13 9 
U 6 12
Q 1 11
U 4 5
U 2 8
Q 4 9
Q 1 13
U 4 13
Q 4 7
15 2
13 28 18 11 17 21 20 22 10 11 13 26 2 14 23 
Q 5 14
Q 6 14
15 7
5 6 29 17 17 6 6 30 14 6 10 10 10 22 29 
U 8 14
Q 11 13
Q 8 12
U 1 12
U 1 5
Q 4 11
Q 1 2
15 7
28 28 13 15 25 29 1 2 11 14 29 14 6 28 1 
U 6 7
U 1 13
Q 11 15
U 13 14
U 12 14
Q 7 10
Q 3 14
15 5
28 6 12 6 2 2 5 6 26 6 23 18 30 18 13 
U 5 6
U 1 10
Q 8 15
Q 4 6
Q 6 10
15 5
25 18 2 22 19 26 7 30 8 19 23 15 30 5 26 
U 1 9
Q 8 13
Q 6 9
U 1 15
Q 12 14
15 2
29 2 29 21 2 12 25 7 7 17 13 1 27 25 26 
Q 6 10
Q 10 14
15 7
21 10 10 27 1 28 11 14 11 11 10 15 4 2 2 
U 5 6
U 4 8
Q 8 12
U 1 7
U 5 14
Q 9 13
Q 1 12
15 5
22 18 9 18 8 1 15 18 26 4 4 18 29 22 14 
Q 6 11
U 4 7
Q 4 13
Q 1 7
Q 8 13
