15 7
18 22 18 28 17 16 1 1 21 15 9 1 21 25 13 
U 8 10
U 1 8
U 1 12
Q 8 11
Q 1 11
U 1 5
Q 5 15
19 2
30 27 19 30 24 5 25 10 29 13 18 27 21 14 21 2 27 23 20 
Q 15 16
Q 6 17
19 7
4 21 8 7 26 9 29 3 27 6 18 5 6 27 10 17 24 3 24 
U 10 17
U 4 12
Q 5 9
U 11 19
Q 3 6
Q 4 12
Q 5 7
19 8
1 13 16 13 8 11 3 17 30 28 5 4 10 25 16 14 27 24 24 
U 1 13
U 1 17
Q 4 19
U 10 12
Q 11 15
U 8 18
Q 1 17
Q 2 5
19 2
22 10 18 17 3 16 10 14 17 10 6 13 29 15 22 13 14 2 18 
Q 5 15
Q 1 3
19 8
8 21 23 22 15 5 29 4 3 25 17 6 21 15 29 24 30 15 26 
U 2 13
U 8 17
U 7 19
Q 4 8
U 1 11
Q 16 18
U 3 8
Q 1 16
19 7
19 16 12 29 26 1 4 1 14 26 17 15 5 5 26 23 9 18 5 
U 6 15
Q 4 10
U 9 16
U 9 13
Q 9 17
U 12 18
Q 12 16
19 4
7 27 2 15 4 2 6 21 13 1 19 11 5 15 1 19 8 2 27 
Q 12 13
Q 15 16
U 3 14
Q 1 16
19 10
14 2 7 7 28 1 7 13 15 3 28 5 15 12 12 8 9 15 22 
Q 13 19
U 1 18
U 1 17
Q 10 18
U 3 17
Q 4 15
U 5 10
U 8 11
U 6 11
Q 9 12
19 9
5 23 4 15 14 16 26 21 18 23 10 23 17 3 25 9 11 25 7 
Q 1 8
U 6 9
U 10 16
U 1 19
U 5 10
U 12 19
U 13 15
U 8 9
Q 4 5
