11 7
28 25 9 5 4 22 24 15 30 1 25 
Q 1 10
Q 5 6
Q 1 8
U 1 2
U 1 2
Q 2 10
Q 1 9
16 6
10 27 12 27 9 9 14 23 18 18 18 10 8 3 30 4 
U 7 8
Q 7 9
U 5 8
U 1 10
Q 11 16
Q 8 16
16 7
17 26 20 15 9 30 6 7 6 22 7 8 25 4 1 24 
Q 10 14
Q 9 16
U 7 16
Q 4 9
Q 4 9
U 8 15
Q 2 8
16 3
10 14 9 9 23 15 22 1 19 3 5 17 27 13 24 16 
Q 1 3
U 2 8
Q 3 8
16 2
11 23 16 27 7 15 22 17 29 19 7 12 22 15 11 28 
Q 9 11
Q 1 7
16 8
26 14 13 10 8 20 28 22 13 29 28 26 1 9 7 8 
U 7 14
Q 12 15
U 4 11
Q 1 4
Q 6 8
U 2 15
U 7 12
Q 13 14
16 3
28 8 23 20 2 28 7 3 17 28 21 12 14 10 21 2 
Q 3 10
Q 3 5
Q 6 11
16 6
20 24 16 2 9 21 8 22 6 25 14 11 29 1 10 5 
U 1 6
Q 8 13
U 3 15
Q 4 16
Q 1 12
Q 4 14
16 8
27 24 25 20 9 12 1 5 24 29 3 9 16 2 12 24 
Q 6 13
Q 14 15
U 9 15
U 1 15
Q 9 14
U 11 16
Q 4 6
Q 2 4
16 5
14 15 7 13 6 30 20 11 21 30 16 27 3 5 6 19 
U 4 10
Q 4 7
Q 1 12
U 1 10
Q 9 16
