29
0 20.7
85 53.1
38.3 51.2
15.6 90.6
76.4 90.3
84.4 47.6
25 69.9
57 8.5
38.1 47.4
76 72
51.1 53.7
61.4 99.9
88.6 49.8
31.3 26.6
19.8 76.7
79.4 10.7
29.5 81
93.4 16.7
15.6 32.7
14.7 31.9
84.7 85.3
42 34.8
37.2 23.3
18.1 61
75.7 41.9
12.8 82.8
92.8 8.9
60.5 47.5
0 567.1
36
0 77.4
49.4 3.5
81.9 51.6
59.5 58.3
77.3 43.8
42.4 4.5
49.5 28.6
88 17.8
20 76.7
94.3 42.4
7.8 86.8
54.2 28.4
2.2 99.5
26.3 52.4
84.6 36.5
41.1 20.5
30.8 9.4
97.2 96.3
6.1 81.8
53.3 69.4
29.7 75.2
67.5 4
10.4 89
70.5 27
42.2 49.4
65.7 17.4
12.5 39.1
53.2 53.3
85.6 13
11.1 40.5
24.1 38.5
54.5 15.8
98.3 17.6
41.9 31
42.1 39
0 277.2
68
0 54.2
41.4 90.1
56.8 6.6
8.6 52.7
67.7 30.1
41.5 69
32.4 35.8
76.2 97.5
13.9 94.9
17 93.9
96.9 6.8
24 67.1
20.3 35.4
46.3 73
72.7 51.4
99.9 20.1
32.8 90
68.6 71
67 40.8
27.1 77.5
17.8 72.2
25.7 42.8
5.5 61.3
59.6 75.3
90.9 44.8
81.2 38.6
20.7 43.4
1.6 30.3
32.6 95.7
43.9 62.4
32.4 48.7
46.3 24.3
75.4 60.8
17.9 54.1
24.7 3.8
54.8 31.1
65.7 86.4
76.4 19.3
8.3 2.6
6 52.9
8.1 54.3
7.7 21.3
81.5 47
90.2 97.2
13.3 51.2
55.9 5.2
74.1 31.5
22 32.1
43.8 98.3
81.7 99.8
41.9 53.3
87 56.3
48 14.9
30.9 28.1
56.4 92
9.4 30.8
8.9 1.5
1.7 99.1
55.4 64.9
29.7 96.7
53.8 86.2
70.5 37.9
74 40
32.5 54
5.6 55
7 41.7
73.8 74
0 303.9
4
0 45.3
34.2 61.2
48.3 42.6
0 221.8
37
0 58.5
81 16.2
36.1 26.7
66 33.2
77.5 30.4
34.7 79.8
30.2 15.8
58.7 66.8
61.4 85.1
63.2 3.5
31.2 35.8
25.3 7.7
75.8 38.5
62.6 50.5
55.1 72
58.2 83.5
21.9 43.1
59.9 32.2
44.8 13.1
67 31.5
1.5 5.9
86.7 72.2
63.7 72.8
41.4 15.7
65.6 45
93.3 83.9
65.8 85.2
61.7 79.2
97.8 20.9
21.7 20.6
2.2 69.5
96.2 73.8
64.1 12.2
59.2 52.1
55.9 96.6
77.7 20.1
0 192.3
58
0 73.8
77.3 84.8
65.8 30.7
52.2 24.8
75.4 9.7
6 7.4
24.9 13.6
7.2 98.5
82.4 95.1
37.8 93.9
50.7 49.6
26.1 64.6
83 39.1
29.1 82.8
44.9 81.7
23.4 75.2
64.5 82.9
39.8 13.6
38.8 42.9
55.5 39.4
3.2 96.8
22.5 38.1
22.6 77.1
82.8 90.8
35.6 92.8
63.3 72.9
3.2 57
98.6 75.6
3.8 81.1
55.9 40.8
62.5 93.8
52.2 31.3
38.3 71.2
11.2 48.7
66.9 70.5
15.7 72.2
91.3 92.7
96.1 43.2
67.4 30.2
75.3 53
88.7 63.4
17.6 100
36.6 26.4
35.2 70.9
71.9 3.2
66.5 74.2
15.2 55
88.7 38.5
15.4 59.9
13.4 80.6
64.7 3.5
31 63.6
88.4 13.8
24.7 71.3
29.8 51.5
64.9 43.1
15 46.2
0 865.9
84
0 86
9.4 67.3
86.7 47.6
43.2 93.4
70.8 39.4
88.7 30.3
83.3 51.3
12.2 74.6
98.2 92.6
77.3 14.4
15.2 56.1
53 20.7
22.9 62.3
81.6 35
59.4 18.7
12.9 80
30.2 42.1
38.4 34.9
80 47.5
33.1 85.3
24.1 32.6
53.1 69.6
13.5 49.4
13.8 74.3
47.1 66.4
74.5 69.6
51.8 20.5
59.1 21.1
47.5 51.9
84.1 49.6
65.7 10.1
3.7 1.9
90.1 35.8
90.1 54.2
79.3 6.2
46.8 93.7
12.2 61.4
94.2 62.6
89.6 9.2
48.9 75
70.6 68
34 2
90.2 98.1
44 76
31 58
37.6 37.8
71.2 95.8
84.6 81.2
95.4 75.9
5.7 91
22.1 64
11.8 69.7
31.7 41.2
17.9 46.8
3.3 52.7
68.5 87.3
27.5 56.1
17.7 71.4
86.6 65.2
70.5 62.8
86.1 10
46.3 2.7
38.4 86.4
89.2 74.1
94.3 99.9
33.8 21
95.7 15.5
72.2 5.6
51.9 80.5
97.2 84.6
83 20
7.7 19.7
31.6 85.2
15.8 89.1
29.3 31.2
21.8 57.5
4.3 77
83.5 40.2
34 59.5
94.2 55.5
8.6 50.9
32.6 36.2
91.2 45.9
0 922.4
24
0 12.5
23.3 71.2
66.7 99.6
71 26.5
62.5 30.3
56.9 4.1
57 29.2
20.7 77.9
84.2 40.9
34.9 59
59.4 55.2
27.5 83.2
5.4 47
35.6 51.1
95.6 9.3
97 10.5
62.2 90.9
56.3 52.4
8.1 5.4
73.7 88
16.3 13
18.6 86.7
16.8 94
0 103.7
23
0 24.2
13 45.4
3 6.8
56.8 59.1
44.8 60.6
41.6 67.4
91.8 17.1
22.3 34.7
36.7 94.7
80.1 7.9
22 28.4
42.7 2.5
21 82.9
46.4 67.8
73.6 53.2
78.9 27.2
79 64.8
41.9 45.4
62.9 8
7.4 50.3
54.4 61.4
21.6 2.7
0 5.8
36
0 15.8
83.1 89.1
12.7 99.8
60.5 35.5
92.9 84.9
92.3 47.2
81.4 81.6
21.8 8.3
26.1 89
68.5 92.4
39 80.4
14.3 71.9
72.8 52.5
74.6 5.9
84.6 5.6
94.9 49.4
75 63.4
13 56
15.3 96.3
80.6 13.6
64.6 68
53.1 72.5
62.7 42
6 62.2
32.6 96.2
84.7 88.7
43 61.3
75.2 16.2
54.7 29.8
27.2 9.2
67.8 32.7
23.8 83.9
36.8 69
95.4 51.2
51.9 26.7
0 395.4
25
0 15.6
52.6 63.6
1.7 76.4
100 93.4
78.4 91.2
75.7 34.3
9.6 51
99.5 48.9
11.8 69.5
77.1 73
22.3 61.1
19.7 53
57.5 65.5
92.2 76.6
72 81.6
5.7 2.5
63.2 48.6
89.8 32.7
41.9 56.3
25.8 67.7
63.3 96.6
57.9 55.2
58.6 13.1
16 2.5
0 358.8
14
0 41.6
11 27.9
52.6 94.5
48.3 90.8
20.2 76.2
57.6 5.3
75.5 75.4
24.6 61.4
3.8 75.1
31.8 2.1
76.6 24
97.9 48.7
49.3 18.2
0 656
88
0 67.3
26.5 80.1
57.3 63.2
16.1 36.5
57.6 98.5
19.8 3.6
30.8 96.6
28 48.4
60.2 61.9
51.9 2.2
38.1 75
44 30.3
3.9 19.4
2.3 53.5
85.2 19.1
88.1 88.6
40 45.2
20.8 24.3
37.8 54.2
32.9 88.4
59.8 6.9
72.9 50
41.1 95.7
35.6 56.9
44.2 87.7
82.8 49.1
39.7 81.8
98.4 12.1
30.7 32.5
31.9 34.3
19.1 40.5
39.6 90.7
27.9 31.7
21.9 18.4
19.1 82
82.8 88.9
93.9 94.3
68.2 63.6
33.9 39.9
83.9 94.3
12 5.8
16.5 45.3
1.8 90.3
18.5 29.2
58 78.2
49.9 17.8
46.5 47.7
27.7 61.3
54.6 3.8
8.9 31.9
11.4 92
51.2 33.2
52.4 69.5
92.1 17.3
25.8 21.1
19.2 76
24.2 75.3
53.2 56.5
76.4 85.6
35.5 43.6
61.7 60
19.2 46.7
47.9 67.7
16.7 65.5
71.7 96.6
12 95
54.2 5.4
49 7.3
26.3 5.3
33.4 50.2
42.9 93.4
35.8 33.5
24.9 25.3
19.3 80.4
70.8 5.8
4 69
63.4 33.9
21.4 60.6
59.8 49.6
16.2 10.1
96.9 42.9
81.7 80.9
88.4 59.6
58.4 14.5
31.2 26.9
78.2 83.4
6.2 6.4
0 505.5
12
0 49.9
95.1 2.7
82.7 85.1
72.4 86.6
27 41.9
58 83.3
95.3 5.5
83.5 2.9
38 35.3
45.2 45.6
38 20.6
0 778.5
52
0 67.7
34.8 70.9
58 21.8
57.4 74
71.3 14.9
18.3 30.2
43.1 74.9
95.9 71.3
50.7 51.7
93 3
53 38.1
32.9 6.8
6.7 56.7
18.9 96.2
73.2 77.8
52.2 49.9
65.1 1.7
39.4 11.4
17.9 74.6
10.3 81.6
38.5 50.2
81.8 94.7
18.3 92.9
35.7 28.4
71.6 91.3
28.7 17.8
21.4 90.4
41.7 73.9
26 96.3
4.8 49.3
5.2 72.4
24.8 24
52.6 57.3
79.5 24.5
65.8 6.7
6.9 8.4
15.5 53
44.7 96.5
92.9 53.6
50.2 23.4
25 95.2
62.5 24
88.3 83.1
80.1 27.1
81.6 2.7
66.7 95.9
94 69.6
79.3 41.4
39.4 92.9
5 94.1
31.7 97.7
0 984.3
87
0 50.5
41.8 23.1
14.3 34.5
92 90.1
39.9 99.8
20.8 96.8
46.3 20.3
89.8 66.9
45.2 34.2
12.4 65
55.6 44.5
67 87.8
40.5 8.1
5.6 63.4
32.3 83.8
62.6 18.1
49.6 87.8
5.9 25.5
43.1 54.9
23.5 51.1
66.1 23.8
26.1 23.6
56.4 4.3
27 68.6
73.9 82.9
78.4 78.5
36.5 34.1
48.8 14.6
74.1 66.1
1 3
95.2 51.4
85.6 2.5
74.4 85.6
55.1 88.6
29.3 82.8
95.6 27.1
31.5 46.1
64.3 12.3
71.9 99.9
79.1 40
12.8 89.5
27.4 67.9
86 12.1
13.2 23.9
66.3 58.8
86.3 59.6
7.8 75.7
67.4 91.5
90 16.5
46.8 39.5
17.2 19.4
72.6 2.1
24.3 59.7
58.7 18.7
86.8 14.9
15.8 82.9
71.5 90.8
99.6 91.8
2.5 22.2
39.6 26.8
42.8 81.7
27.5 36.5
69.2 66.1
9.4 62.8
86.5 71
46.9 98.8
50.2 20.3
40.3 8.2
65.4 92.7
91.1 78.2
54.7 78.3
35.6 75.3
19.6 27.1
46.9 83.3
59.3 90.3
28.7 14.8
83.1 6.7
67.4 38.8
36.2 43.1
88.5 24.4
41 14.4
53.3 66
15.6 87.9
29.6 27.9
25.6 20.2
42 81.8
0 502.3
4
0 97.2
38 17.8
59.3 53.2
0 273.6
81
0 56.2
89.6 83.4
85.6 73.5
97.4 28
94.8 36.6
58.4 83.6
96.1 72.3
48 8.8
17.1 21.7
53.5 73
30.8 54.5
27.1 35.7
47.1 34.9
6.3 30.3
69.1 43.1
90.3 61.5
84.3 53.3
87.1 21
58.7 12.2
24.6 67.7
37.3 75
53.2 98.2
55.1 70.5
88.7 56.2
62.3 29.1
75 6.2
38.5 97.7
11.3 4.4
17.3 38.8
40.2 94.2
38.4 75.1
88.2 38.9
13 8.6
48.5 99.3
97.1 64.9
50.3 75.5
26.9 25.1
75.3 48.9
30 88.2
69.5 94.4
84.5 14.8
76.5 91.6
99 37.7
61.1 3
56.6 3.9
86.8 81.7
51.3 92.4
85.6 61.5
60.9 66.4
59.5 41.4
4.7 47.1
87 86.9
51.5 30.9
17 17.1
96.1 99.5
82.5 6.1
26.9 21.3
73 17.4
8 62.6
31.1 63.8
92.8 65.8
3.1 91.4
14.5 55.7
75.4 82
83.9 97.4
66.5 36.8
36.3 39.8
29.7 55.2
8 6.7
65.1 40.2
32.1 99.6
71.9 63.4
10.6 92.4
86.4 26.5
28.7 68.5
96.6 7.9
75.3 13
19 8.7
93.8 66
82.7 98.7
0 161.1
83
0 21.4
63.9 99.8
65.5 17.1
93.2 74
52.6 42.7
6.2 11.1
20.8 64.2
50.1 6.4
19.8 72
9.2 53.1
35.3 54.2
16.6 64.3
9 35.2
22 35.1
49.8 86.7
8.8 45.7
28.7 11.3
71.5 25
17.5 95.7
71.9 98.5
26.8 13.8
38.5 6.1
7.1 71.3
37.8 8.4
13.6 24.3
17.6 38
91.8 16.1
27.7 59.4
70.9 47.4
25.9 6
95.3 51.4
77.4 88.3
27.5 78
46.8 83
53.8 11.8
11.9 50.6
56.6 23
36.3 3.6
60.2 29.2
13 81
89.8 81
22.1 43.8
50.7 55.5
68.2 73.4
65.5 35.6
93.7 27.8
46.3 11.8
3.2 60.2
17.5 50.7
8 33.6
5.4 81.9
5 58.5
89.2 3.5
32.4 42.5
67.8 94.5
43.6 66
82.8 69.3
28.3 35
21.1 68.6
62.5 50.9
95.4 60.1
76.4 31.1
46.9 93.9
93.5 8.9
38.1 94.8
37.7 64.6
67.4 75.5
1.2 55
72.1 54.1
70.5 13
79.5 85.6
15.1 69.2
6.2 19.2
53.8 78.8
37.8 76.6
58.5 87.3
11.3 14.3
1.7 12
85.8 81.5
8 40.5
1.5 16.9
66.7 79.1
0 658
79
0 83.1
20.3 76.8
8 51.6
54.8 97.2
39.7 2.6
24.8 58
47.5 72.2
12.3 63
8.4 47.3
14.6 64.2
86.3 17.7
94.5 32.9
85.2 73.3
51.5 65.5
86.5 20.3
81.5 45.7
50.4 96
75.1 38
44.5 68.9
59.2 61
16.6 66.8
38.6 98
33.3 1.6
44.4 26.5
82.8 1.8
16 81.4
57.5 72.3
65.7 26.4
56.3 65.3
57.5 18
77.8 93.7
7.3 32.3
89.6 50.7
6.9 30.4
25.1 93.8
18.1 91.6
42.7 25.3
31.9 28.7
78.9 24.3
8.4 10.9
1 47.1
80.2 35.5
6.7 85.3
64.4 68.9
94.6 18.8
66.9 24.7
82.1 14.1
64.7 52.7
7.2 57.6
30.5 41.1
12.7 34.1
66.8 44.3
58 83.1
25.9 94.6
30.5 62.7
60.9 1.8
84.2 74.3
12.1 77.6
60.3 24.9
34.8 46.2
5.7 83.1
36.2 17.4
63.2 10.5
63.3 23.9
6.9 50.4
76 79.7
12.4 25.4
53 54.7
33.7 28.1
93.7 92.8
95.6 59.6
27.5 34.8
91.6 20
98.2 36.3
93.7 63.5
49.6 17.3
89.2 45.3
57.3 37.5
0 680.4
10
0 25.2
24 82
92.5 59.7
23.9 68.5
69.4 32.8
85.6 29
43.1 85.6
27.7 87.2
84.3 19.6
0 369.2
92
0 27.3
49.6 57.6
30.8 74.7
50.4 27.5
62.2 15.9
84.7 24.3
16.6 90.1
80.8 2.1
14.8 6.8
39.1 30.4
40.9 65.2
26 17.1
35.7 57.5
3.4 89.5
16.2 33
25.7 45.1
98.2 89.4
92.5 41.7
44.8 59
79.6 80.1
60.6 65.9
31.5 40.1
93.2 99.6
14.8 97.9
70.4 41.6
74.6 18.5
55.3 52.5
14.2 93.5
64.2 60.3
37.5 90.2
30.7 11.3
91.2 66.9
11.8 1.1
12 37
61.9 85.8
79.5 60.3
61.6 86.1
11.7 99.5
35.7 12.2
32.4 42.2
80.4 17.9
9.5 57.1
1.3 69.6
30.8 42.1
2.9 31
44.9 85.9
75.5 98.9
48.3 99.7
14 99.1
60.1 52.6
30.4 44.9
91.2 89.5
90.5 52.7
29.9 28.3
2.2 62.3
54.7 93
75.6 78.1
8.9 48.8
26.6 18.4
18 54.5
78.3 31.1
75.9 24.3
72.1 61.8
78 79.9
11.5 7.7
89.3 33.6
64.9 43.3
14.4 8.1
9.9 82.8
89.1 92.6
65 11.7
59.8 89.7
69.7 22
45.4 26.5
63.8 6.9
7 52.4
16.2 21.4
32.1 91.8
34.4 81.6
9.5 24.6
52.6 13.1
84.6 73.1
98.6 87.3
77.8 27.4
66 22.3
12 95
46.6 70.7
49.2 20.8
48.4 25.5
85.9 93.1
44.4 55.2
0 622.6
87
0 87.3
30.7 34.1
28.9 61.5
42 74.8
5.4 89.2
77.9 55.8
60.5 37
52.8 96.5
91.3 99.8
47.6 1.3
43 95.2
91.2 62.1
84.5 15.6
13.9 56.6
5.2 29.6
38.3 86.2
93.1 55.4
18.1 34.9
74.4 16.5
50.1 55.4
97.6 31
68.3 92.9
10.3 32.1
93.8 52
91.9 29.7
76 41.5
13.3 14.2
6.9 18
30.7 37.3
72 82.7
28.4 88.3
7.5 30.4
39.3 15.9
35.2 85.9
20.5 53.5
81.3 52.6
72.6 11.3
67.3 4.4
82.3 36.4
40.2 54.8
98.4 90
44.3 67
87.5 35.7
80.4 91.4
70.2 3.4
58.3 7.1
3.4 80.2
48.5 14.8
40.8 78.1
54.5 44.3
20.2 14.2
26.1 3
83.3 13.3
23.8 87.8
90.9 2.2
3.6 30.3
50.4 47.6
78.4 35.8
23.1 46.2
96 37.6
21 47.4
55.8 53.7
55.5 83
41.8 95
66.2 88.2
77.8 84.3
36 25.6
62.4 16.6
91.1 65.9
48.7 7.1
48 9.3
36.1 76.2
94.3 50.1
33.8 9.7
33.8 2.3
18.5 28.1
41.8 63.5
85.7 97.7
91.4 6.5
7.9 32.4
45.5 60.8
63.5 40.1
49.1 55.9
36.4 60.4
64.6 52.5
37.6 44.2
0 450.6
46
0 74.6
5.5 39.3
26.5 21.5
81 68.3
91.6 65.7
64.5 64.5
10 7.4
77.5 54.4
4.9 11.4
44.6 49.6
38.2 45.9
18.6 64.7
59.1 42.2
90.6 96.8
18.6 4.1
78.6 2.6
73.5 71
76.8 98.7
43.4 6.9
52.9 52.6
71.9 11.6
14.2 10.9
24.1 72.8
31.4 64.1
44.2 46.8
87.2 71.1
12.2 29.1
77.2 7.9
98 38.6
43.6 97.8
17.2 60.7
75 23
67.6 24.6
67.8 34.1
22.8 69.7
71.1 79.4
77.3 46.4
19.5 20.3
75.8 75.5
25.5 84.1
87.4 44.1
61.7 16.6
84.5 2.8
79.9 97.3
72.9 90.9
0 538.6
12
0 94.2
83.7 66
43 8.6
82.3 61.3
39.1 20.6
10.1 10.2
87.1 72.7
82.2 81.4
59.7 36.9
94.7 96.1
37.3 85.4
0 734.9
22
0 86
90.9 49.9
49.3 97.2
27.5 34
37.8 40.9
94.9 40.9
11.7 13
7.6 3.3
15.2 24.1
63.8 86.8
43 47.9
59 38.4
79.8 15.2
54.8 64.4
55.6 53.7
85.9 66.4
42.9 10.7
70.4 83.4
91.8 35.4
53.1 33.6
75.1 46.9
0 56.4
20
0 64.7
57.4 64.9
42.7 70.9
63 80.3
24 71.2
67.9 5.5
72.3 46.6
84.3 43.9
13.4 21
58.8 92.4
50 61.5
65.9 73
80.7 69.1
38.8 85.6
65.4 72.7
58.6 22.1
65.3 11.1
56.9 64.3
12 27.4
0 700.3
95
0 54.1
45.2 99.6
97.2 65.8
96.3 9.5
93.8 79.9
21.5 77.7
9.8 65.2
1.3 37.7
38.2 22.5
73.9 36.9
35.9 84.8
34.3 22.7
46.9 28.7
6.7 26.1
36.4 55.7
69.1 45
48.8 35.5
4.9 37.4
8.9 4
60.2 1.5
6 49
6.7 30.5
9.3 28.9
91.5 2.8
73.6 21.1
34.7 40.3
31.2 69.8
83.6 65.2
93.7 3.7
73.2 88
33.3 38.4
56.6 96.7
7.4 85.4
9.2 65.3
27.8 67.5
1 39.8
24.5 92.9
3.7 75.7
83.2 91.4
3.1 14.9
5.7 43.3
70.4 41.4
59.7 43.3
32.3 74.4
85 96.5
37.6 6.2
81.5 23.4
8.1 65.8
3 1.9
6.8 66.9
38 76
60.4 61.6
92.2 32.4
8.8 88.3
93.4 8.3
34.1 23.6
27.2 65.8
86.9 59.4
35.6 75.6
27.4 59.4
45.7 6.9
14.1 47.4
84.6 64.2
5.4 34.5
20.4 44
16.1 3.4
99 40.4
70.3 90.5
64.4 73.5
99 94.5
20.8 99.7
87.3 60.4
40.1 77.8
23 23.7
36 21.8
10.1 86.1
75.3 99.8
15.5 53.8
26.8 15
36.6 2.2
62.7 42.5
95.5 72.1
11.4 50.7
32.8 12.7
36.7 99.6
53.9 25.1
99.5 79
75.1 31.4
92.4 98.5
45.3 10.2
69.7 72.3
19.2 36.7
18.6 55.4
65.2 67.4
0 59.8
48
0 87.2
58.5 70.7
21.2 15.2
77.3 69.4
3.5 50.3
96.1 37.6
9.4 70.9
9.3 65.2
85.7 4.6
25.5 51.3
33.3 38.6
89 55.9
55.4 63.2
45 60.6
6.5 42.3
46.5 3.7
21.7 34.5
19.5 56
64.8 38.5
53 79.8
86.5 22.5
24.8 65.7
73.4 69
48.3 49.8
15 30.1
67.6 88
85.2 26.4
49.5 42.8
15 49.5
99.2 37.8
79.2 4.9
39.2 58.3
31.8 65.8
84.9 35.6
43.4 37.8
19.8 44.9
89.9 13.6
7.8 38.9
18.9 25.4
78.6 29.1
68.5 51
97.8 79.4
11 73.2
50.4 71.5
3.4 34.2
37.3 37.8
2.7 30.7
0 717.5
71
0 19.8
61.5 43.8
16.8 43.7
77.7 17
52.1 41.5
87.3 33.2
81.5 50.5
33.6 80.3
21.9 64
61.1 29.6
33.2 15.8
8.9 28.4
87 6.5
77.6 89.5
1.2 86
67 5.7
79.8 11.4
25.1 81.7
61.7 92.8
2 39.8
89.9 40.4
11.3 27.5
72 61.3
72.8 2.8
92.1 3.9
90.4 78.2
58.3 15.9
78.5 53.7
93.3 18.6
93.6 55
55.7 87.5
54.8 48.7
43.3 2
1.7 94.8
12.9 77.1
41.2 51.5
65.6 62.5
96.7 24.8
39.4 81
100 19.2
7.7 67.6
64 52.4
98.7 63.4
13.7 71.6
80.1 75.1
89.5 71.6
39.1 54.5
14.9 54.1
10.5 15.1
87.1 86
9.5 86.5
9.6 26.3
99.3 57
57.4 34.9
48.7 73.4
23.2 96.8
1.3 56.3
53.1 99.4
85.5 72.6
91.3 2.7
7.4 50.6
93.3 9.4
89.3 1
90 88.8
98 35.2
85.5 30.5
61.8 41.3
17.4 12.4
34.3 29.9
49.7 9.8
0 980.5
48
0 58.9
19 81.7
15.6 71.2
98.1 46.4
68 98.6
82.7 36.1
94.5 80.2
70.6 72.2
80.6 63.6
92.7 38.5
7.1 82.1
68.4 86.7
67.8 51
91.8 39.6
88.2 59.6
5.6 90.3
76.1 69.6
95.2 3.7
93.4 79.9
64.1 86.4
28.2 14.7
63.7 54.6
59.2 67.9
24 70.6
60.2 8
58.8 75.9
14.9 60.5
92.9 52.3
77 86.9
83.3 31.8
96.4 9.8
32.7 18.1
90.4 90.8
15.8 58.6
93.9 69.3
92.6 88.8
30.8 3.4
29.8 21.3
87 76.8
18.2 32
20 42.8
40.3 40.3
62.5 93.9
36.2 31.8
65.9 66.1
81.2 71.9
76.6 84.1
0 272
25
0 66.3
71.6 8
24.5 35
70.2 44.9
4.2 90.2
21.2 97.8
1.7 10.7
41.7 77.2
98.3 57.3
46.8 77.1
67.1 74.5
17.4 16.6
63 69
53.7 21
99.7 52.9
26.6 73.5
67.5 68.7
76.9 78.4
56.1 91.6
6.3 92.4
41.6 14.6
85.8 61.1
17.5 84.6
87.3 46.4
0 694
93
0 84.7
34.6 17.9
11 68.7
75.7 78.6
67.8 41.8
38.7 5.5
50.2 71.1
38.5 82.3
36.3 22.1
71 76
93.9 32.4
63.1 2.7
14.8 27
46.2 56
70.6 33.6
32.1 78.7
4.8 91.7
5.5 43.9
46.3 61.7
43.5 37.2
87.6 49.3
85.4 32.1
71.3 58.1
15 73.2
18 69.1
7.5 45.7
86.2 75.4
66.1 89.1
87.8 41.2
16.5 23.1
9.9 9.7
25.7 6.9
34.6 88.4
82.2 52.9
20.9 22.9
20.8 72.7
77.1 2.3
7.8 43.2
57.6 31.7
29.6 75
9.1 54.9
74.7 36.3
91.1 86.8
16.9 47.8
80 54
77.9 71.9
26.2 39.7
88.8 94.7
27.8 51.8
31.3 26.4
68.6 48.2
34.8 7.1
81.7 24.2
3.2 65.6
34.5 44.8
64.2 67.4
36.3 99.8
22.9 26.2
97.3 24
18.5 86.4
84.2 35.4
45 75
85.1 98
57.9 12.7
95.1 23.7
52.9 92.9
34.5 1.6
43 85.6
79.7 69.4
14.4 85.1
8.2 16.6
9.6 13.8
21 82.7
61.3 40.8
7.5 15
66.2 24.5
48.7 54.9
23.5 31.7
91.3 39
94.5 66.9
18 66.9
47.6 81.8
10.1 91.8
67.2 9.6
10 22.5
12.6 23.3
67 98.8
10.1 81.9
24.9 18.2
98.3 82.1
66.5 92.3
17.3 62.9
0 866.5
71
0 9
39.1 18.2
25.8 43.3
14.7 5.8
70.2 8.7
63.7 16.2
94.5 32.9
52.3 2.2
68.5 74.1
63.5 53.9
62.9 82.4
19.3 32.9
50.7 23.6
81.8 73.1
11.6 29.6
86.1 15.8
36.6 15.8
43.7 7.3
38 19
48.4 83.4
33.2 72.5
8.9 90.4
31 20.4
97.4 21.9
12.5 97.2
48.7 82.4
48.5 65.5
43.3 79.7
45.5 41.5
67.3 46.3
70.8 91.2
50.1 19.6
52.9 18.7
84.1 37.5
85.9 26.6
82.2 10.6
76.6 67.3
68 3.1
54.7 5.2
36.3 36.9
65 38.8
78.3 14.9
70.5 4
19.2 1.2
30.1 60.6
63.6 4.8
85.4 77.1
80 60
51.6 70.8
30.8 52.7
36.4 77.7
10.2 73.9
50.1 58.8
51.1 33.3
30 15.8
46.7 7
4 57.1
17.6 11.2
25.7 66.9
64.4 71.7
4.7 4
60.8 6.6
36.6 50.5
75.6 28.9
62.6 66.6
79 85.8
54.6 66.3
11.4 61.2
74.8 13.4
42.2 25
0 634.7
55
0 14.2
82.6 68.8
6.8 47.4
14.2 6.9
48.6 39.1
100 11.2
47.2 7.9
91 83
11.7 9.2
57 69.8
83.5 62.7
99.8 32.6
57.1 76.5
11.4 60.8
64.7 91.1
99.1 98.6
90.7 4.4
6.1 96.8
56.5 40.2
47.7 81.5
49.8 31.7
58.3 19.7
13.1 46.2
82.3 53.6
94.2 23.3
25.8 33.6
17.1 92.4
55.1 76.5
70.4 90
83.8 25.4
78 36
19.1 23.6
30.7 43.9
64.9 77.2
63 36.2
41.4 17.3
80.2 81.4
84.8 5.8
48.7 27.8
26.2 11.4
30.1 88
26.1 7.2
84.7 42.6
26.2 85
80.5 22.3
35.7 3.3
48.8 29.9
27.9 50.7
35.4 11
53.3 51.7
44.1 8.5
5.4 22.6
40.9 87.7
32.4 86.7
0 796.6
33
0 51.4
13.1 49.3
95.7 62.2
9.8 49.7
95.9 53.2
18.4 89.1
32.6 94.4
72.7 46
8 91.1
96.9 71.3
25.3 73
72.2 29.4
1.4 17.7
93.1 13.3
86.7 79
13.2 26.3
31.4 79.4
32.4 71.6
31.4 31.8
47 52.2
52 58.3
66.6 54.4
21.5 35.6
70.8 52.1
90 62.2
16.7 35.9
40.2 20.2
5.5 3.1
79 16
48 64.8
77.7 20.4
10.5 98.6
0 233.1
96
0 58.7
86.2 3.1
41.1 96.7
17.5 11.1
63.8 45
93.2 13
80 96.5
21.1 82
94 72.2
44.2 57.4
72.4 56.8
42.4 45.7
28.3 19.4
74 78.8
79.8 12.6
51 85.5
23.1 86.1
91.5 81.2
16.2 63.9
69.6 52
36.2 50.9
66.5 15.8
37.1 80
98.4 81.1
65.2 12.4
6.7 1.3
27.5 15.5
89.4 25.5
65.9 65.6
43.2 40.8
35.4 48.1
38.1 82.4
89 3.2
44.5 37.1
38.6 37.2
92.5 67
12.8 81.1
38.3 37
12.4 5.1
3.5 7.1
18.8 63.7
28.5 99.2
14.4 58.7
96.4 57.3
51 38.2
90.6 94.1
36.7 5.2
37.8 35.9
7.1 88.9
79.7 4.7
79.5 86.5
41.9 92.3
8.1 62.5
2.5 10.8
27.6 14.9
96 33.2
69.9 17.6
45.7 56.5
88.4 13.9
63.5 76
34 41.1
36.1 73.4
31 72.2
77.6 46.6
92.4 66.6
24.2 82.3
54 24.6
80 76.6
57.6 96.5
85 15.6
88.5 78.5
7.2 73.9
37.7 35.7
99.6 32.9
12.5 11.2
2.8 85.4
89 27.6
89.3 32.2
61.2 51.1
16.1 79
72.4 41.9
71.8 70.7
37.6 31.1
96.8 34
87.6 24.7
2.5 23.3
43 94.1
18.1 23.9
28.2 94.1
41.9 46.3
72.7 10
6.4 22.3
73.7 27.3
98.9 74.8
97.5 29.8
0 594.9
39
0 92.8
57.7 70
49.7 65
65.8 1.5
79.5 20.6
27.6 56.4
46.1 40.6
93.9 15.4
8.3 11.3
37.2 16.9
1.1 78.9
64.6 68.4
50.3 59.2
48.5 71.5
40.7 56.2
25.2 91.5
63.8 10.8
1.5 65.7
61 22.6
73.5 93.4
58.9 4.4
47.6 28.7
63.5 16.7
55.6 79.9
7.3 6.3
80.2 66
77.9 20.9
48.8 38.4
6.8 34
99.3 33.1
63.4 97
21.3 63.3
76.5 54.7
2.9 44.6
78.5 56.4
93.2 7.5
85.5 94.2
51.3 26
0 533.6
29
0 52.4
46.6 86.5
20.5 43.8
99.6 51.8
42.7 29.7
69.2 44
67.4 35.7
4.3 79.3
26.2 45.4
28.7 30.6
95.3 82.3
96.8 37.2
48.2 92.2
55.9 35.9
29.3 79.3
45.2 72.6
43.8 6.6
12.8 20.4
88.3 91.4
46.9 12.5
32.6 64
55.5 16.2
97.7 48.6
38.5 43.3
80.8 54.5
72.9 18.1
53.3 67.3
44 47.3
0 658.8
69
0 28.2
48.9 33.9
6.8 62.5
11.9 15.4
85.4 68.1
71.3 58.6
12.2 56.8
89 10.9
83.6 63.4
21.2 39.6
98.8 21.3
16.5 78.9
80.6 79.4
41.1 16.3
52 32.3
6.8 44.8
57.7 39
62.4 100
62.4 63.2
5.8 56.2
68.7 9.4
91.6 83
75.7 23.5
59.9 27.6
13.7 23.3
80.3 84.3
23.2 77.5
10.2 18.2
49.8 75.7
40 92.6
39.8 23.6
4.8 15.9
34.9 99.5
57.8 26.2
34.5 96.1
24.8 2.7
12.4 79.9
56.2 31.2
52.4 71.7
42.4 27.5
66.9 74.2
72.8 75.9
23.6 21.7
52.6 97.9
70.5 62.7
67.3 21.4
33.1 97.3
85.5 11.9
14 51
52.5 64
21.5 36.6
32.5 78.8
22.3 17.9
72.7 3.1
68.4 34.9
33.9 34.7
66.8 85.7
5.2 29.4
67.3 9.2
10 11.7
19.6 78
74.7 72.2
21.6 7.1
13.5 94.7
99.3 68.1
31.2 16.3
49.2 14.7
47.3 60.5
0 634.8
76
0 76.8
72.3 29.7
52.3 25.7
1.3 3.3
71.9 86.8
74.7 8.6
26.8 24.7
33.5 58.6
79.2 51.4
83.3 3.3
15.1 44.5
16.1 23
3.9 54.7
15.7 95.8
88.7 43.8
35.9 20.4
83.1 83.8
15.7 70.4
48.1 35.2
91.2 97.4
54.5 87.2
19.6 94.4
59.6 93.5
41.3 10.2
4.8 95.7
47.1 60.1
16.4 26.9
40.6 10.4
40.4 17.6
3.9 43.2
81.7 91.5
21 80.2
82.8 89.7
15.7 86.5
43 97.1
19.2 21
18 55.5
96.9 22.8
70.6 1.8
79.5 8
44.4 25
61 46
30.1 67.2
75.2 82
26 52.6
24.2 32
69.4 42.8
69.5 47.8
69.7 73.7
68.6 47.3
87.8 52.9
79.2 58.4
89.8 81.4
91.4 97.9
83.7 32.6
93.6 78.7
26.9 55.4
31.4 55.1
88.7 49
27.1 27
90.3 39.7
55.1 73.6
87 66.6
1.3 7.3
49.1 82.9
8.4 17.7
4.8 82.7
94 86.9
28.2 96.6
94 13.6
3.8 35.5
7.7 62.1
7.4 97.7
20.9 80.4
55.3 88.9
0 122.4
31
0 38.5
24.4 31.5
27.8 34.8
36.4 62.2
75.4 80.6
46.9 15.9
47.3 98
88.9 85.4
37.6 85.4
43.4 90.7
26.3 16
19.6 92.6
84.6 57.9
27.1 92.6
74.9 4.5
15.8 29.7
97.1 51.3
86.1 86.2
9.8 53.2
89.9 81.2
16.3 36.4
86.8 9.6
37.5 78.6
73.1 75.9
65.3 1.2
10.3 90.1
64.4 28.1
49.1 16.1
82.2 44.2
82.5 80.1
0 233.8
81
0 52.4
75 33
88.7 55.6
24.1 51.6
55.5 72
71.9 56.7
9.2 77.8
2.8 6.6
58.4 71.8
40.3 65.7
80.3 85.7
31.2 52.5
44.4 6
62.5 65.6
78.7 79.6
61.8 9.1
92.9 9.3
92.2 59.2
25.1 82.7
65.9 1.8
48.3 70.1
72.4 28.7
26.9 69
31.2 32
92.9 98.1
41.9 65.8
87.7 24.5
64.2 82.7
95.2 26.5
81.6 60.7
53.9 16.1
5.1 66.6
12 12.6
17.6 18
17.7 30.3
26.8 86.7
64.3 72.8
6.5 99
95.4 98
25.2 75.5
92.1 95.1
73.8 8.3
1.6 46.9
71.9 53.1
89.3 55.4
28.7 71.9
43.7 11.1
97.6 57.1
21.2 48.8
34.7 59.9
15.2 54.5
26.8 80.2
6.9 1
39.4 81.8
56.7 93.3
78 70.9
38.7 34.1
26.2 54.5
37.5 22.1
97.2 3.6
7.5 65.4
10 34.6
40.5 89.8
73 99.8
44.4 1.2
70.2 54.9
57.7 7.9
87.9 80.5
53.6 15.4
99.8 61.4
17.1 24.9
75.7 51.1
6.5 76
18.9 80.2
73.3 33.6
86.7 98.9
78.2 64.6
22.5 95.3
15.5 23.8
22.3 28.9
0 970
77
0 56.4
7.5 57.7
49.8 77.8
55.7 97.2
54.7 73.4
70 71.3
88 83.4
22.9 60
62.6 46.6
14.3 48.9
61.9 10.8
55.9 38.1
9.2 24.2
32.2 60.6
20.1 82.7
77.9 82
34.6 84.7
80 3
57.5 74.5
99.2 1.5
63.6 69.8
91 21.4
60.5 32.3
73.2 1.5
87.7 41.8
2.1 59
72.2 1.4
50.5 27.7
46.3 88.6
68.6 68.2
53.8 45.8
38.2 21.5
47.5 94.1
96.8 90.8
46.9 64.5
19.1 29.3
59.7 48.1
48.6 17.3
81.4 68.9
38.2 81.2
51.6 74.7
42.7 29.8
71.5 68.3
91.9 19.4
63.4 31.6
30.9 41.1
26.3 2.2
45.9 3
57.5 67.3
40.2 36.8
50.1 37
33.4 19.7
79.1 33.4
23 39.6
72.4 19.7
76.6 90.5
82.9 83.6
21.7 50.8
52.8 65.8
82.1 99.4
51.2 36.3
40.4 39
30.3 50.5
66 40.2
7.9 80
60.9 97.4
26.8 48.8
46.8 79
9.9 85.6
44.1 36
24.1 62.7
42.8 91
41 78.2
33.9 78.5
73 48.2
25.5 29.1
0 949.6
76
0 4.6
5.5 23.8
11.8 88.6
51.5 50.9
50.8 52.6
30.9 85.4
96.2 48.3
96.1 36.9
98.6 92.8
54.7 20.8
48.4 55.1
84.5 57.8
97.6 36.3
80.4 99
44 70.1
52.4 64.7
81.8 51.7
34.9 55.9
57.9 51.1
35.6 57.5
22.3 66.3
96.9 55.5
61.7 92
42.6 54.2
23.5 27.3
72.8 30.3
79.4 19
7.2 53
46.4 28.9
7.7 63.7
34.5 42.7
46.5 87.2
88.3 52.2
32.3 94.1
22.8 32.8
53.1 16.7
21.5 21.3
62.3 21
60.8 94.5
90.6 65.2
48.4 28.7
54.4 53
12.5 5.8
62.5 93
3.1 73.6
44.5 64.1
57.6 47.7
64.9 75.2
89.5 19.8
65 47.2
14 84.5
51.6 89.6
72.5 22.5
7.5 37.8
47.8 16.6
18.8 63.1
46.7 24.8
35.2 19.7
3 62.2
46.7 86.5
48.1 23.1
47.9 98.3
7.2 85.5
76.8 22.6
62.8 43.3
96.7 42.6
24.7 95.8
56.9 26
83.1 17.1
61 72.3
18.2 56.5
82.3 53.8
55.1 46
75.7 87.2
42.8 40.6
0 507
41
0 54.3
21.3 60.3
49.6 8.3
19.6 37.2
7.7 98.8
84.2 87.2
65.4 91.9
37.5 40.2
40.6 40.7
36.9 73.3
29.5 90
32.3 55.6
76.1 95.6
35.6 48.9
9.2 70.9
99.5 92.9
92.1 83.6
95.5 11.5
23.5 66.5
77.7 6.7
85.9 2.6
80.2 99.5
76 42.1
90.2 78.7
90.1 82
9.1 90.8
59.1 58.6
68.6 72.4
4.3 35.1
80.6 1.8
75.7 48.6
15.8 69.8
17.9 77.8
43 76.8
69.7 89.2
25.4 81.3
87.7 28.2
11.5 61.2
49.2 71.6
85.2 8.7
0 556.6
64
0 3.4
21 50.1
59.2 90
1.5 33.4
24.3 3.3
16.6 49.5
78.3 62.7
21.6 75.9
61 44.9
16.6 83.1
61.6 20
51.7 20.8
59 62
13.6 1.1
74.7 45.2
8.4 27.5
68.2 96.4
85 80.2
60.3 82.4
99.3 62.5
3.8 24.9
75.6 44.8
74.6 70.3
48.8 63
56.6 69.5
47.3 45.3
9.7 52.6
67.2 67
70.1 30.6
31.2 18.3
21.6 33.4
37.6 90.1
13.6 99.2
26.7 88.3
14.5 48.6
90.4 44.5
25.8 16.3
71.8 28.8
56.7 13.3
1.4 44.3
69.6 52.2
67 41
88.6 32.3
19.2 19
79.4 74.1
5.1 59.8
36.2 18.6
54.5 4.2
87.9 68.4
18.1 38.1
39.4 1.5
86.1 43.1
21 36.9
10.8 5.8
59.9 43.2
91.8 39.3
66.1 48.9
66.5 97.5
39.8 45.8
87.7 68.3
34.4 44.4
98.5 6.6
36.4 98.9
0 78.9
12
0 30.4
65.5 20.7
76 50
31.2 59.5
70.3 43.8
96.9 17.2
79.2 63.4
25.7 60.2
94.8 1.1
44.1 31.1
97.9 34.5
0 600.8
32
0 67.2
84 50.4
64.8 97.6
41.5 7.7
66.5 96.4
56.5 83.9
66 18.5
20.8 28.1
75.5 56.6
17 98.4
76.1 16
60.1 70.9
5.7 28.1
39.5 33.7
3.1 47.5
43.5 1.8
98.3 11.4
98 91
11.4 81.8
6.2 81.3
57.5 6.3
91.4 9.6
10.5 66.2
89.7 19.2
47 75.7
66 79
22.9 29.5
46.3 64.9
97.9 60
85.5 78.2
13.1 30.5
0 31.1
87
0 23
84.6 62.4
23.1 62.5
90 12.7
78.3 83.5
86.9 29.7
48 47.1
67.7 15
65.8 81
56.8 28.1
66.2 63.2
4.9 36.8
54.1 63.6
47.7 3.4
78.8 18.7
91.3 85.4
53.6 40.8
48.5 29.8
25.7 60.4
38 6.4
4.4 33.4
6.3 72.1
85.1 37
59.3 15.9
19.1 88.2
82.7 91.6
92.2 17.2
9.5 93.5
10 95.5
99.7 39.7
59.8 96.3
79 14.3
36.8 50.4
96.7 22.6
5 81.1
48.4 58.9
16.3 98.7
2.3 4.7
33.8 3.3
95.4 86.3
12.8 16.4
54.8 24.6
5.8 35.8
84.5 55.7
31.6 79
71.4 46.7
6.2 26.2
86.3 29.7
41.5 47.6
37.5 61.7
99.7 43.8
48.6 40.1
21.4 72.6
66.2 6.1
80.4 14.9
99.4 43.1
54.1 84.1
51.8 98
54.7 57.8
73.7 24.2
83.4 93.7
64.4 93.4
22.8 18.7
28.7 84.9
38.6 84.9
57.8 13
5.8 55.3
14.6 75.7
88.1 25.7
15.9 6.3
35.3 7.8
87.9 6.5
64.6 16.5
80.9 73.2
57.1 90.2
11.9 81.2
50.5 46.7
11.4 30
6.8 60.2
22.8 30.6
13.1 29.3
44.9 96.6
50.2 27
52.8 78.4
78.9 59.6
66.5 18.4
0 734.4
12
0 79.2
29.8 16.3
8.6 88.7
40.7 10.7
18.4 81.3
11 16.6
53.7 98.8
18.2 16.5
18.7 71.9
27.9 2.8
47.2 49.5
0 305.8
77
0 90.6
73.7 30.9
64.4 80.4
62.3 52.2
11.2 89.4
48.5 19.1
99.2 13.5
9.3 20.9
44.3 61.9
48.3 82.3
63 94.8
35.7 22.5
89.5 35.8
73.4 50.8
23.6 76.9
73.4 71.2
16.9 4.8
7.4 19.4
28.2 11.1
69.1 61.9
45 5.7
6 10
15.2 33.6
36.5 74.8
9.8 87.9
93.5 48.1
59.3 5.1
81.2 5.8
81.1 11
40.5 90.7
44.6 21.2
85.2 78.1
48.7 26.9
74.5 56.1
52.9 44.9
50.6 28
64.9 46.9
45.6 73.8
60.6 10.4
95 56.1
62.5 36.8
55.3 83.3
22.3 52.4
90.4 75.9
30.8 88.3
24.1 52.8
74.6 58.5
56 53.7
77.7 39.3
3.7 34.3
19.1 99.2
13.5 73.2
39.8 63.6
21.1 89.1
29.7 3.7
88.1 3
19.4 96.3
52.2 99.9
29.1 44.2
51.5 96.3
80.8 7.2
74.5 28.4
32.3 45.9
41.5 20.6
83.1 73.1
58.7 79
74.8 30.6
26.7 88
41.2 61.7
9.5 50.5
91 72.2
31.4 41.3
26.6 25.1
47.7 39.7
89.8 1.5
56.9 31
0 964.4
57
0 66
3.5 77.8
15.7 92.6
56.8 44.8
91.5 60.5
30 41.8
5.1 27.5
23.6 50.9
7.6 69.4
2.1 30.4
84.3 13.4
28.7 87.3
96.6 68.2
69.6 77.8
95 42.1
13.8 33.8
4.7 19.1
63.2 33.3
68.9 79.3
18.5 50.5
9.9 3.9
80.3 91.7
64 58.8
96.2 82.7
52.7 59.2
52 49.1
3.6 49.9
22.7 23.8
7.9 70.1
82.5 81.3
51 58.6
50.3 10
15.9 72.2
44.3 46
7.2 7.5
70.4 11.9
90 74.5
27.5 90.1
42.3 6
18.8 68.1
60.4 76.6
70.1 91.6
7 77.2
14 56.5
89.6 79.3
76.8 32.4
25.1 42.7
79.3 6.1
82.6 10.6
55.9 15.2
91.8 55.7
93.6 59.8
23.9 41.6
57.7 34.4
79.8 36.7
48.6 43.9
0 596
57
0 91.6
25.6 12.8
63.8 56.1
65.1 12
24.8 35
47.2 32.6
3.6 43
9.5 4
4.8 21.7
68.1 60
15 37.8
45.5 70.7
63.5 98.7
37.2 6.7
90.6 46
11.1 49.9
27.4 53
44.1 53.4
30.5 86
72.1 18.6
53.3 79.5
39.5 5.5
12.3 6
18.4 34.1
100 35.5
39.8 19.2
71.4 6.7
29.1 43.1
67.4 42.1
85.3 65
29.8 43.9
8.2 36.5
17.2 60.6
87.9 92.9
6 1.4
47.1 48.6
90.8 20.4
11.9 57.5
22.5 66.9
73.3 4.3
59.5 71.6
17.3 66.9
23.6 95.2
40.3 51.2
36.1 96.7
91.2 82.6
31 46.7
24.8 6.1
88.1 68.5
13.3 87
91.3 73.8
39.3 11.1
86.2 37.6
74.6 3.2
98.8 25.4
16.5 83.4
0 597
63
0 18.9
4.9 96.8
32.2 4.4
93.9 79.5
52.2 39.8
18 15.6
81.7 70
26 2
98.3 59.1
7.9 41.5
48.2 58.3
35 59.5
67.2 40.6
28.2 9.1
9.6 41.5
49.7 98.6
27.8 72.3
12.5 55.5
3.4 100
31.7 11.7
14.1 7.4
35.3 49.2
99.8 43.7
64.4 69.8
66 81.6
93.6 51
25 43.1
41.3 63.9
75 36.6
74.7 68.9
39.9 25.9
21.6 94
1.8 56.2
23.2 47.9
93.4 94.8
14.4 82.1
24.5 26.8
93.5 50.8
97.4 36.2
36.3 69.8
19.1 7.9
88.8 3.1
33.6 73.9
85.1 85.1
14.9 86.2
17.6 50.3
30.8 19.4
26.4 28.5
95.7 34.1
53.2 40.2
57.8 72.7
95.7 70.4
32.8 18.2
72.2 98.9
85.3 62.1
87.9 24
92.6 35.8
6.5 26.5
27.5 6.9
1 51.3
27.9 49.8
15.3 99.3
0 199.9
29
0 74
67.1 40.8
62.6 48.4
79 56.6
3.6 21.3
100 34
49.9 7.5
10.3 39.6
54.3 77.4
8.7 89.7
39.8 14.1
17.2 23
67.9 6.2
52.9 36.2
90.2 88.1
55.5 32.2
84.4 65.1
51.6 66.2
52.9 34.2
80.7 45.6
19.4 55.4
34.8 94.6
16 64.3
95.4 41.7
60.5 80.8
92.1 5.8
30.5 63.9
43.4 54.9
0 12.7
29
0 27
47.1 35.2
40.7 20.5
66.1 9.6
59.5 46.4
1.1 64.5
89.2 45.9
82.6 23.9
15.7 54.8
45.3 95.2
52.9 98.6
84.7 85.5
16.9 58
77.7 85.5
23.4 78.4
19.8 82.3
88.3 43.8
40.8 10.5
66.3 66.5
16.1 26.6
48.2 12.1
58.3 46.7
90.8 15.8
90.9 4
30.1 56.6
33.8 63.9
81.5 37.8
3.3 5.6
0 415.6
86
0 8.2
99.9 47
2 19.9
72.2 33.4
2.2 50.3
12.9 2.6
30.3 69.8
69.3 29.3
12.3 2.6
71.1 17.4
66.5 85.3
43.8 60.9
1.5 83.7
7 85.2
45.4 81.7
16.7 79
94.8 35.9
66.3 52.2
89.4 54.9
96.1 90
67.6 3.4
58.2 13.2
56 41.2
29 72.1
74.5 22.5
9.4 85.6
1.1 67.6
64.6 22.7
32.2 42
79.5 57
68.6 56.3
94.7 21.4
55 55.5
68 86.6
72.9 52.5
11.7 75.4
48.3 57.7
21.1 47.8
87.7 58.7
99.1 26.7
56.8 10.1
78.6 35.7
40.5 63.1
27.6 66
35.1 29.7
46 85.3
7.5 50.5
74 17.5
83.7 47.9
25.6 71.2
56.8 17.9
95.5 63.4
12.2 82.7
69.7 9.6
79.4 29.8
8.1 53.9
71.5 12.6
68 2.9
80.3 99.3
33.7 92.2
46.6 67.4
90.5 58.2
99.4 14.4
23.3 52.7
92 55.5
1.3 83
47.8 51.4
45.7 6.5
47.7 33.6
1 29.6
43.3 99.4
4.1 3.8
72.8 27.1
12.5 6.7
34.6 96.6
1.7 89
68.2 23.9
77.1 21.2
28.6 77.6
35.6 92.3
15.1 73.2
16.7 25.8
43.2 8.8
92.1 3.4
57.1 33.4
0 449.8
87
0 77.2
4.1 4.3
8.6 72.9
3.8 23.4
65.6 62.1
40.9 92.5
28.5 15.2
1.6 47
63.7 80.3
12.8 68.2
53.9 76.2
93.8 78
12.2 65.5
24.4 52.4
3.9 3.1
63.3 25.6
72.3 57.5
19.2 58.9
4.7 41.2
12 60.5
8.6 45.6
51.7 6.4
51.3 50.6
20.6 12.2
64.1 49.8
96.3 28.4
63.4 78.2
30.6 2.4
98.1 20.2
42.6 85.4
29.8 17.9
64.6 41.3
32.5 31.2
35.5 69.6
56.6 26
18.6 29.2
57.6 7.8
24.6 61.3
17.2 87.5
56.7 95.2
67.6 16.2
44 84.1
89.7 49.3
81.2 42.4
10 99.2
77.2 3.1
49.3 22.5
67.5 43.2
13.3 10.9
79.4 23.1
57.7 75.6
37.2 92.2
44.2 10.7
63.1 42.4
53.5 34.4
37.1 94.2
49.6 93.8
12.9 58.3
52.9 86.7
72.2 32.8
7.5 63.8
25.9 65.5
23.4 50.3
70.4 88.1
30.7 67.7
59.8 63.2
84.1 99.9
70 55.7
79.4 4.9
53.5 23.1
79 67.2
24.3 24.7
90.4 32.5
28.7 59.2
23.5 54.5
70.9 87.4
98.6 69.6
98.8 67.1
64.2 83.4
77.8 94
34.6 91.2
79.2 78.5
10.6 77.7
59.4 43.1
69 9.6
31.6 63.7
0 686.6
88
0 6.7
5.2 61.2
25.1 99.3
82.1 75
13.1 17.9
24.7 1
94.3 9.3
5.3 36.3
73.8 58.6
48.5 26.7
69.6 6.2
71.3 16.6
46.2 32.2
61.4 92.4
20.1 43.6
18.6 17.3
75.6 37.3
35.1 19.2
19.3 2.3
96.9 56.1
97.3 38.6
31.3 67.4
59.1 97.4
46.5 35
3.6 59.4
70.5 15.5
79.5 91.2
32 3
53.2 50.3
41.2 17.9
83.1 14.2
85.8 41.9
47 35.9
94.5 51.8
56.6 42.2
84.8 11
57.9 60
45.8 83.3
88.7 67.4
93.3 44.1
84.7 1.7
65.4 11
84 48.8
70 54.2
72.7 35.7
27.2 40.2
84.7 16.6
26.7 85.6
58.8 6.7
30.6 24.8
94.5 94.2
83.2 49.1
71.4 21.9
68.4 84
26.2 92.2
99.4 38.1
80.6 9.7
42 28.3
83.4 67
52.4 55.3
23.8 96.6
7.2 79.3
35.4 55
71.9 36
86.7 89.7
83.3 73.7
11.2 83.5
84.4 64.9
8.6 64.6
5.9 51.9
83.4 63.5
35 57.5
91.4 15.1
54 88.7
7.2 57.5
74.8 40
50 28
25.1 13.5
10.3 2.6
92.5 73.5
28.8 50.2
36.7 36.8
32.9 90.7
99.6 91.9
51.2 14.4
25.5 61.4
19.3 65.1
0 151.1
35
0 4.9
81.2 64.7
30.2 9.8
88.2 17.9
26.4 11.5
33.5 37.4
33.4 19.4
3.1 37.7
63.2 67.4
1.1 2.8
69.7 74
52.6 76.6
68.7 51.4
74.6 88.2
36.7 92
19.3 3.5
2.3 71.2
46.6 34.2
41 59.9
15.5 43.8
65.6 36.4
8.3 14.3
96.8 70.7
28.7 22.1
50.3 12
5.1 63.3
45.2 61.9
49.9 21.3
48.6 4.8
18.9 86
91.6 27.5
38.6 26.6
19.1 93.6
8.6 65.2
0 499.1
44
0 87.8
45.3 10.2
37.1 53
42.3 19.8
87.8 41.7
87.7 24.4
18.5 8.9
8.4 66.1
96.3 96.9
71.5 73.8
72 81.7
69 50.4
38.4 14.9
51.4 80.4
84.4 45.5
44.1 68.4
73.2 37.8
28.6 47.1
78.6 87.9
73.7 45
84.6 35.7
37 6
55.8 1.9
98.4 56.3
73.4 77.1
3.2 19.8
49.2 46.4
76.2 41.8
37.8 28.8
53.7 20.6
10.5 96.7
48 81.8
97.4 12.3
65.9 45.9
28.3 78.3
82.9 61.3
9.8 36
48.1 36.8
31.7 75.6
39 30.5
62.4 84.6
69.9 41.6
18.8 3.6
0 70.6
36
0 49.3
60.8 55.6
89.4 27.3
72.3 27
43.3 86.1
84.9 18.7
94.2 50.5
88.6 88.7
22.4 60.6
69.4 3.3
83.1 91.5
69.2 98.7
19.7 6.5
5.6 50.1
30.7 71.1
94.6 27.8
20.6 60.4
21.9 65.6
54.9 83.4
37.8 12.8
31.9 78.4
32.4 24
25.6 63.3
46.2 7.3
23.4 80
36.4 53.9
42.6 42.2
14.8 18
26.5 66.3
49.6 45.6
10 35.6
37.7 75.7
34.8 57.8
62.4 18.5
62 83.1
0 643.8
22
0 10.8
32.8 19.7
21 73.3
95.8 90.5
31.4 40.7
73.7 17
64.4 93.1
46.2 21.3
53.4 84.5
36.4 20.9
17.7 72.3
69.2 18.8
91.7 87.8
44.8 92.9
4.9 39.9
57 95.7
76.4 32.7
32.3 7.2
75 85.3
34.8 79.4
60.3 53.7
0 202.8
23
0 13.2
81.1 95.6
80 96.6
26.7 37.9
47.6 72.4
38.9 85.1
40 74.6
94.3 58
36.2 35.8
96.8 16.5
3.6 33.6
87.3 39.7
53.2 67.5
91.9 83.7
34.7 43.8
48.4 97.7
88.1 51.5
45.1 62.5
55.6 28.2
83.5 7.2
89.2 89.8
99.6 97.7
0 617.4
56
0 36.2
79.9 99
73.6 32.7
63.2 98.9
40.8 46.3
81.7 14.6
1.1 80.5
2.2 11
76.2 68.2
68.1 62
96.3 26.8
95.8 24.6
10 96.8
53.9 55.2
17 91.9
66.3 55.8
38.5 42.7
50.5 88.9
2.8 32
67.4 3.7
92 84.7
95.3 52
60.6 71.3
8.8 11.2
44.2 31.4
40.7 96.9
52.1 52.1
13.7 83.3
25 24.5
51.3 28.1
37.6 84.9
29.5 60.9
86.5 75
58.3 31
83.9 5.1
52.5 98.7
43.9 48.7
25.2 43.1
50.4 64.7
26.1 32.4
72.1 30.6
69.8 16.4
80.6 86.4
96.4 59.6
56 5.8
11.2 45.1
40.9 49.7
1.6 91.9
94.2 77.4
67.7 99.9
18.4 28.3
17.2 14.4
68.2 8.3
34.9 97
38 68
0 639.3
36
0 67.6
95.2 57.9
17.4 17.1
43.4 59.9
79.4 65.4
16.6 26.5
69.1 91
8.3 92.4
17.1 10.4
48.9 46.1
91.5 6.6
12.9 20.1
86.8 93.1
86.5 83.9
4.3 39.6
47.6 75.2
38.3 87.8
60.3 87.6
86 32.5
73.9 58.2
61.9 33.3
10.4 31.7
13.4 71.6
3 10.3
43.9 61.7
43.5 46.1
73.7 35.2
74.3 5.3
89.7 71.5
76.4 14
60.7 18.5
2.8 58.4
53.4 69.9
50 24.8
99.3 68.5
0 220.5
80
0 29.9
98.9 20.6
70.2 57.5
42.8 3.2
16.2 20.5
38.5 15.5
50.5 2.6
28.9 80.2
27.2 13.9
77.7 79.2
75.9 30.7
11.2 47.8
28.7 84.5
77.6 45.4
67.4 99.6
20.8 89.4
86.7 36.7
39.9 83.4
47.9 6.3
92.1 5
96 50.5
23.4 30.6
72.1 9.1
8.3 24.5
6.7 80.4
36.3 45.3
43.8 81
54 79.3
96.5 99.8
43.7 78.3
41.9 99.1
15.3 5.9
99.3 52
2.7 85.2
51.3 20.6
71.1 82.2
8.2 92.7
83.4 52.3
72.9 87.8
19.4 43.1
40.5 63.5
13.5 42.5
90.8 50.3
97.7 69.9
54.8 49.8
53.5 15.9
11 8.9
2.9 37.5
58.5 45.9
76.1 49.2
33.5 99.2
69.3 41.5
90.9 63.5
58.6 38
85.3 70
78.2 35.1
36.4 32.8
67.7 51.3
38.3 84
79.8 7.6
98.2 32.1
94.3 9.8
79.5 17.7
25.2 1
46.5 71.8
70.2 62.1
11.2 72.7
62.9 36.3
77.2 82.4
12.9 49.1
74.1 60.1
52.3 45.2
64.7 23.3
49 28.4
12.5 41.5
20.3 73
13.4 21.5
84.2 3.2
45.9 7.5
0 110.3
77
0 72.5
76.1 58.8
30.5 32.6
41.3 23.8
96.7 77.2
25.1 52.2
7.4 87.4
10 91.5
5.8 51.5
79.2 22.9
92.5 90.6
66.4 52.7
59 30.4
81.9 46
62.6 82.1
90.8 18.3
7.6 31.1
69.6 33.8
8 74.3
55.8 55.6
90.5 13.2
53.4 62.5
96.4 21.8
68.7 80.8
23.4 77.8
49.8 4.4
10.9 39.9
33.3 87.8
67.7 67.2
17.2 6.3
69.4 76.1
42 28
40.3 33.5
38.1 80.7
43.5 32.4
27.9 53.3
31.7 31.7
37.5 34
35.7 82.2
63.5 11.3
48.2 98.4
96 44.4
10.4 79.1
86.6 48.7
85 81.8
58.2 67.2
34.6 44.7
9.7 71
1.3 7.9
73.5 24.3
75 98.1
99.9 34.7
22.6 14
5.5 75
34.2 93.7
77.1 78.9
83.6 36.3
83 52
28.5 22
99.5 74.6
1.6 89.1
44.1 80.3
66 67.4
42.2 87.5
89.4 54.3
27.6 67.3
87.8 21.9
56.3 85.5
64.4 55.7
21.2 7.7
78.6 82.8
64.1 6.2
58.6 26.5
7.4 8.1
64.1 38.7
5.6 76.9
0 658.9
13
0 94.3
76.3 23.2
25.2 83.5
88.5 33.1
15.4 97.6
37.5 98.2
47.6 53
69.9 20.3
4.9 46.7
3.3 43.9
80.9 67
73.2 3.2
0 118.8
98
0 63
57.9 88.7
12.3 74
95.4 81
11.9 87.7
83.2 3.4
47 49.4
45 1.5
12 44.7
84.7 26.8
23.2 3.5
77.7 14.7
47.7 76.8
78.9 67.3
40.5 86.9
61.9 56.5
43.2 15.3
43.3 36.1
13.8 83.7
68.3 27.6
12.2 35.2
69.4 20.5
80.8 83
98.2 35
29.8 30.9
36.9 4.2
51 61.8
12.3 9.6
20.8 77
58.7 15.2
37.8 91.6
78.7 35.5
48 83
20.4 19.5
62.1 6.7
46.5 35.7
48.2 76.1
18.4 83.5
64.4 16.4
55.2 17.6
21.2 2.7
72 24.2
79.9 39.4
44.4 14.5
53.7 92.4
21 94.5
63.2 56.2
25.9 80.7
99.9 48
42.3 77.5
28.7 69.2
92.1 43
51.8 31.6
64.9 10.1
10.5 95.8
25.5 18.2
82.8 29
68.3 32.1
38.9 5
45 38.8
57.5 89.3
60 78.2
35.1 19.5
31.9 99.6
89.3 76.1
73.4 31.4
12.2 7.3
73.8 68.9
73.7 37.8
43.7 22.7
78.7 76.3
27 21.1
8.7 50.1
16.3 18.6
28.7 3.2
86.5 29.7
76.7 78.8
44.9 53.9
74.2 59.5
51.6 96.3
18.8 49.5
76.4 61.8
22.4 57.1
92.3 6.4
26.3 10.9
74.5 64
57.5 11.1
84.5 95.5
83.6 8.6
86.1 35.9
82.8 91.2
60.1 33.8
35 26.3
42 23.3
10.9 24.2
14 49
78.4 4.1
0 632.7
62
0 68.9
90.1 70.3
30.6 88.9
73.1 2.2
31.9 35.8
1.6 63.9
79.4 68.6
1.7 17.7
58.7 70.1
18 40.5
8.5 52.5
43.2 3.9
76.8 49.6
43.6 72.4
11.8 56.5
60.6 40.5
23.2 12.2
52.8 65.8
62 14.3
33.2 55
20.4 52.2
43.8 89.3
70.9 85.9
9.6 37.7
2.9 89.8
23 63.2
55.8 72.5
39.6 47.8
77.5 44.2
71.7 22
65.2 96.8
15.6 86.1
14.4 11.9
71.4 12.8
21.7 89.1
15.8 39.2
51.4 13.5
61.8 50.2
70.5 20.8
33.7 3.4
50 86.5
60.1 29.2
14.6 82.1
68.3 69.3
51.9 58.8
100 49.1
7.8 13.6
56.8 39.5
37.1 22.6
72.7 14.2
55.6 69.1
29.6 89.5
16.2 51.6
39.4 23.3
30.5 97.2
46.6 71.9
92 2
28.4 81.1
13.6 15.2
97.4 73.2
18.6 86.4
0 577.1
76
0 50.1
40.3 90.4
61.7 90.9
65.6 71
5.6 44.2
27 92.4
62.5 11.4
31.4 85.8
64.4 48.7
5.3 64.8
47.8 42.5
69.9 41.1
24.9 94.4
48.3 19.2
99 5.7
67.7 19.1
92.6 56.7
64.3 94.8
2.9 36.4
65.8 64.7
84.1 21.5
85.4 14.6
86.4 55.2
68.2 8.6
12.3 14.9
49.6 47.3
81.1 73.9
88.4 28.4
39.9 84.9
51 62.7
27.5 21
94.2 51.9
96 8.6
58 26.1
76.6 97.3
15.6 64.7
1.1 29.1
25.7 3.7
91.1 70.4
88.3 87.3
31.3 24.8
25.5 7.7
50.7 82.9
77.3 60.4
51.2 45.8
8.7 77.4
47.3 24.2
81.4 46.3
77.1 78.5
92.1 95.7
51.9 65.7
80 43.1
27.6 8.7
70.2 28.5
72 74.2
95.5 92.9
60.3 10.2
58 89.4
96.5 39.4
33.4 17
7.3 49.2
24.8 37.5
46.4 77.1
13.9 76.6
8.5 49.9
85.1 28.6
69.7 80.8
52.1 33.3
60.6 32.5
78.7 27.8
3.5 3.6
78.4 5.2
46 38.7
16.6 6.4
60.3 91.3
0 580.8
53
0 21
25.5 26.4
28.9 58.3
94.9 56.8
51.3 39.7
9 36
72.8 69.3
91.4 20.4
17 69.5
85.3 37.1
3.4 43.7
48.3 94.3
14 20.3
82.3 85.1
54.4 54.9
52.5 46.3
64.9 91.6
81.2 81.7
11.5 45.3
51.2 97.1
44.8 78.4
51.3 12.7
8.6 94.7
94.3 83.5
30.4 49.7
36.4 36.7
82.1 30.7
47.5 19.9
25.2 2
20.7 7.4
17.7 66.2
67.5 22
20.6 46.3
96.5 46.7
84.9 92.6
98.6 92.8
81.4 59.6
6 76.2
17.4 45.1
35.9 14.7
19.7 74.6
4.2 59.3
93 38
31.6 48.4
52 47.8
72.6 25.8
68.9 38.9
65.7 46.1
67.7 84.9
45.2 34.1
12.7 22.8
69.7 95
0 26.7
32
0 80.7
45.1 1.9
48.9 84.3
68.6 99.5
11.8 24.1
87.1 47
11.7 35.2
81.7 4.2
74.6 94.5
92.3 21.5
24.7 86.4
42.3 97.3
50.3 81.1
88.2 18.2
84.3 41.8
26.2 99.6
82.1 97.3
88.4 33.4
10.7 69.9
99.4 33.6
2.1 50.9
13.7 38.5
63.5 97.9
75.8 7.1
96.1 65.8
48.6 42.3
2.4 12.1
25.2 45
16.4 87.5
91 72.8
45.4 96.4
0 83.3
53
0 18.6
47 53
41.7 33.7
77.4 24.7
86.6 4.8
36.9 25.1
93.6 19.1
84.3 20.7
88 6.7
11.2 63.8
6.1 46.2
59 46.9
14.9 90.4
42.3 59.2
4.9 45.4
45.1 38.5
83 43.9
87.1 14
82.4 38.2
18.5 4.9
20.9 2.6
99.4 56.3
77 50.3
50.7 6.2
23.6 75.8
74.1 2
5 55.6
6.5 74.1
40.9 47.5
95.6 52.1
33.7 42.6
4.2 48.2
50.3 82
36.8 8.7
46.3 75.9
10.1 58.1
28 97.1
15.3 41
46.8 88
22.3 71.9
17 1.5
21.3 62
24 55.7
68.1 39.3
48.1 13.8
14.4 75.6
32.5 68.8
35.7 40.7
37.4 42.4
7 72.6
79.2 30.9
64.1 36.1
0 253.1
45
0 20.2
49.3 21.4
56.4 56.4
64.9 16.3
25.4 49.9
2.4 90.7
70.4 39.3
33.9 63.3
48.5 24.3
79.8 76.9
17.5 71.4
23.1 78.4
81.6 90.7
75.3 87.3
65.5 83.3
6 54.4
14.5 45.5
84.3 42.5
73 1
84.3 29.4
98.9 99.1
13 41.3
66.8 71.7
5.3 50.2
73.2 42.9
53.3 72.4
64.3 29.3
91.3 81.7
19.3 33.6
31.2 92
53.1 7.9
86.5 85.4
49.3 18.7
88.7 27.9
41.7 54.3
39.4 69.1
98.2 32.3
46 76.7
97.7 50
26.2 59.3
56.2 76.4
6.2 14
2.1 4.7
78.5 61.3
0 223.2
83
0 40.7
3 61.9
28.8 14.9
61.6 80.1
94.7 37.2
36.9 45.2
67.9 17.2
16.1 6.8
63.1 88.2
45 6.5
20.8 11.4
72.5 54.7
87.9 87.8
31.5 86.5
85.2 89.2
12.5 61.3
63.7 71.9
6.1 65.5
67.2 15.2
42.9 51.8
18.1 70.9
25.8 38.4
87.2 73.9
93.8 30.9
30.2 58.9
28.5 2.5
32.9 25.7
89.5 20.1
56.4 85
51 82.4
15.2 54.6
4.5 2.8
30.7 28.4
42.4 26.6
60.4 65.5
46.4 88.7
63.1 97.5
69.3 40.2
75.9 14.2
33 3.3
16 57.3
73.9 15.3
19.5 64.6
35.9 91.1
9 95.5
83.8 11.3
3 35.9
97.5 54.7
51.4 15.3
82.2 87.8
12.7 75.8
37.9 12.5
33.2 31.7
57.2 63
44.4 3.8
56.2 95.2
65 13
96.9 1.5
46.5 35.6
60.2 1.9
76 94.3
19.4 10.7
81 87.6
13.5 95.6
8.9 37.2
63.1 67
10.5 48.6
87.9 74
62.8 28.6
64.7 4.3
90.1 95.9
51.1 21.1
17.5 36.5
97.8 96.9
84.4 6.8
38.9 17.2
7.8 9.8
92.9 2.6
3.3 32.8
19.6 33.4
81.3 12
39.9 31.6
0 221.4
5
0 12.3
55.3 25.7
31.4 94.2
21.6 53.5
0 755.5
47
0 58.6
13.9 42
52.7 99.2
75 25.6
29.3 78.9
99.6 76.6
27.2 75.8
51.4 36.3
44.6 25.2
94.7 63.1
7.6 88.8
30.3 92.7
30.2 12.2
32.1 98.4
51.8 11.6
11.9 20.1
26.5 89.5
22.3 91.1
39.5 3.8
5.5 83.6
89.3 48.9
56.4 46.5
84 82.1
29.9 44.8
68.7 68
78 33
33.5 83.5
25.9 70.4
27.2 99.7
78.2 45.3
54.9 26.7
64.5 71.6
24.6 63.8
36 99.8
47 91.7
99.7 2.7
55.5 67.6
81.1 52.9
65.4 27.1
15.4 54.6
1.1 46.1
73.5 88.9
5.1 29.8
78.4 72.4
18.1 14.6
58.3 71.8
0 669.7
8
0 36.2
67.1 90.8
68.1 7.1
91.4 41.9
1.6 98.7
47.1 58.1
76.3 64.6
0 41.9
70
0 42.5
73.9 91
15.7 36.1
88.1 75
81.8 48.2
54.6 30.2
66.2 41.4
90.1 60.5
38.7 35.1
29.7 30.9
34.7 28.9
99.1 27.7
37 94.2
72.4 31.7
96.4 69.8
70.2 98.8
50.4 84
42.6 2.4
30.9 82
45 30.5
87.8 9.5
40.5 40.3
7.2 49
26.2 21.8
84.4 7.4
84.4 73.8
26.8 66.8
59.5 56.7
69.5 9.7
81.8 9.1
14 63
58.7 91.1
29.2 65.6
66.8 57.9
73.6 2.6
87.4 98.3
38.7 36.2
8.4 35.1
84.7 46.8
92.4 73.8
92.7 4.2
97.6 39.3
90.8 95.5
49.7 61.8
24.9 16.4
50.1 71.9
1.4 95
22 35.3
29.4 87.5
74.5 87.2
71.2 92
71.4 14.1
98 50.8
78.4 11.8
57.1 33.6
98.6 43.3
58.5 75.6
73.5 98.6
61 81.8
11.4 64
32.6 27.8
21.2 53.8
61.1 74.2
65.6 38.5
8.9 44.1
84.5 71.3
22.7 66.2
93 19.4
80.4 40.8
0 671.6
85
0 23.5
78.9 53.3
15.9 88.3
27.5 75.9
71.2 50.7
56.1 86.3
36.1 29.2
49.3 22.7
99.5 68
95.7 36
5.3 7.1
17.1 14.4
81.4 53
8.2 46.8
61.4 4.6
78.2 60.2
8 61.3
14.4 69.3
85.6 96.5
60.4 38.7
49.6 33.5
14 91.1
20.9 12.4
40.8 9.5
35 33.4
40.6 48.1
29.8 72.4
43.9 70.4
49.1 41.7
32.7 91
33.9 30.8
25.8 72.6
46.4 49.3
33.3 17.8
49.3 75.6
11.3 6.7
34.6 41.4
34.3 9.9
82.6 94.4
76.4 1.7
98.6 11.7
86.9 33.8
17.5 76.9
30.3 73.4
40 62.8
92 49.7
22.6 37.9
85.9 90.8
16.3 13.9
79.1 83.1
96.5 85.6
15.1 52.7
90.7 22.8
18.9 21.4
90.3 88.6
19.4 40.5
80.8 66.8
92.3 75.2
3.3 40.8
35 82.4
84.5 5.4
53.6 89.1
94.6 27.1
29.6 38.5
32.9 69.8
37.2 65.9
5 52.1
39.6 77.9
94.9 53.4
50.6 26.5
1 84.6
79.7 57.2
97 20.2
13.7 31.1
99.2 52.5
46.1 14.8
36.1 77.4
62.8 23.9
94.9 64.4
36.3 56.1
8.6 35.5
83.6 46.1
8 10.9
24.7 79.4
0 981.5
27
0 82.2
16.7 15.7
12.5 52.6
58.3 31
47.3 71.7
85.5 55.5
89.4 56.7
98.2 31.2
75.4 57.1
56.8 1.2
23.6 36.4
81.2 58.7
78 48.4
87.8 87.6
94 53.8
4.4 80.8
51.1 44.9
94.2 43.6
2.9 38.8
49 37.1
85.3 37.5
38.7 90.7
56.8 8.7
23.4 52.8
73 35.3
16.8 15.2
0 686.5
79
0 90.9
32.9 11.9
64.5 32.1
36.5 89.6
17.5 78.5
9 18.1
36.3 29.7
3.1 30
4.1 19.6
38.2 74.7
52.4 14.1
36 96.2
85.7 30.6
76.7 69.8
80.9 29.5
36.5 65.3
77.8 45.5
64.2 77.2
29.1 3.5
60.1 51.2
77.2 27.2
21 34.4
21.5 83
12.4 35.3
39.7 4.9
10.8 72.5
16.3 62.3
54.6 52.8
22.5 2.4
5.5 40.9
33.1 93.3
17.9 67.6
1.6 78.2
36.9 13.2
54.2 33.7
23 73.2
26.9 97.2
79.2 60.2
15.3 58.2
85.4 4.5
71.9 4.5
14.9 18.2
74.1 20.2
79.2 20.1
34.8 36.2
16.3 34.8
80 79.1
86.5 28.8
28.4 21.4
52.6 15.5
68.9 78.4
67 24.5
89.3 35.6
73.1 34.3
64.3 81.6
64.3 14.7
58.8 89.2
80.2 98.8
4.6 6.9
21.1 99
40.4 25.8
10.9 67.7
2.3 24
66.8 90.2
64.5 62.1
4 53.4
8.6 17.9
42.2 36
12.9 74.1
4.2 88.3
44.1 34.4
52.4 93.1
37.9 71.7
87.5 21.7
18.2 30.4
16.4 47
32.3 94.7
11 91
0 436.1
100
0 26
85.1 71.7
31.6 1.5
60.4 37.2
48.6 95.5
95.1 81.8
39.3 72.2
72.8 9.6
93.1 27
14.9 32.3
32.1 97
2.3 59.9
52.6 64.9
28.4 50
85.7 79.3
75 70
81.4 17.1
77.8 52.7
8.4 43.9
68.5 90.8
17.2 5.3
92.7 47.6
24.3 7.7
71.6 62.2
3.8 78.9
18.5 60.8
68.1 91.2
45.4 76.5
37.7 75.2
94.8 52.5
83.8 40.8
79.9 1.2
25.1 52.8
50.9 18.9
88 37.6
81.4 7.1
8.3 80
52.5 65.2
78.6 95.5
52.1 5.5
31.5 6.8
77.3 6.1
62 43.1
17.3 55
94.7 52.6
78.7 76.9
83 94.8
83.1 25.5
33.8 14.7
39 15.8
44.1 68.8
77.1 88.6
88.9 70.4
85 25.2
33.5 38.1
52.3 18.9
23.9 51.8
15.4 93.6
8.2 17.9
52 52.5
13.6 22
76.3 84.2
83.3 47.4
21.8 71.2
48.6 66.3
51.6 53.6
7.8 9.9
17.3 4.4
4 60
99.8 91.8
40.5 5
32.2 85.6
64.4 62.2
48.3 22.5
68.6 35.9
58.4 21.8
27.2 29.5
84 5.8
63.3 9.2
66.4 54
93 94.5
3.8 9.8
18.9 16.8
76.9 32.1
68.8 16.2
95.2 52.8
76.6 67.3
38.3 83.3
55.2 40.9
88 63.7
88.7 13
89.3 4.1
45.6 69.4
11 15.6
48.8 71
34.7 7.3
21.7 9.2
31.5 67.9
42.6 47.9
0 981.1
50
0 18.4
3 15.7
49.3 82.5
67.1 80
93.5 50.2
34.5 59.6
11.2 32.4
4.3 95.3
18 46.2
73.4 69.3
75.6 44.8
84.9 38.7
13 94.6
73 35
8 92.5
7 81.1
20.8 69.6
28.7 64.4
18.4 49.7
21.3 11.3
10.1 91.2
41.8 58.6
24.9 19.7
82.5 71
23.4 15
29.8 44.3
47.4 93.7
1.9 12.8
63.2 28.4
86.6 87.7
49.7 87.2
67.2 25.8
91.2 19.6
10.4 46.2
93.7 42.9
18.6 77.1
48.7 8.3
99.4 22.2
1.9 58.8
17.3 24
18.4 83.2
78.8 49.9
15.6 50
54.4 97.6
23.1 59.9
7.5 61.8
32.4 78
74.6 69.5
57.9 9.1
0 4
82
0 46.4
44.8 81.1
63.7 14.6
23.7 60.1
33.6 93.4
57.2 41.3
89.2 73.9
60 91.3
95.4 32.7
45 89.2
34.6 10.8
8.3 34
61.7 55.4
22.2 78.7
50.9 91.2
78.8 53.3
81.4 41.2
91.5 15.7
25.6 95.3
41.1 2.2
3.3 9.1
20.7 69.5
32.3 64.5
77.7 34.5
1.4 33
2.5 93.1
75.8 17.1
69.6 67.2
38.5 49.2
42.2 68.9
11.7 80.6
25.5 99
18.7 75
89.2 51
44.3 40.2
80.1 22.1
5.6 47.1
36.5 23.7
53.5 27
12.5 62
27.3 20.2
73.6 28.1
14.6 5.9
93.6 89.3
29.7 33.2
9.3 36.8
48.3 25.4
12.1 36.6
16.9 99.7
1.3 24.1
32.2 16.5
58.2 6
87.8 43.2
14.3 84.1
90.6 21.1
63.1 7.9
54.8 29
53.2 35
45 95.6
17.9 39.5
94.2 6.7
85.1 72.9
78.3 51.5
46.4 11
7.9 9.9
14.2 97.8
37.4 66.9
25.5 99.7
66.2 8.2
41.3 6.7
35.5 70.1
68.5 6.3
68 58.7
3.9 39.2
65.6 94.2
92.8 98
49.3 62.6
13.1 41.9
16.5 89.3
48.6 37.1
66.3 95.4
0 461.1
74
0 30.4
16.7 92.5
71.4 97.1
18.5 91.8
34.3 45.4
85.7 77.8
34.4 87.3
87.3 29.2
44.2 52.4
80.5 55.7
41.6 98.1
83.1 85.6
17 42.3
27.5 25
40.6 34.5
58.1 2.5
29 15.3
36.1 32.6
29.7 80.1
62.7 42
67.1 30.3
66.6 87.9
78.4 71.2
65 25.7
40.5 20.3
22.7 43.8
55 71.2
44.2 63.5
5.9 31.5
23.7 59
91.7 15.7
68.7 97.8
27.6 21.2
24.2 91.2
48.2 50.9
75 72.6
24.9 9.2
18.5 38.1
24.3 86.3
42.7 74.3
46 40.9
60.4 89.5
2.1 48.7
42.8 30.8
89.1 50.3
87.8 11.6
87.3 16.1
7.8 65.5
34.8 89
80.6 22.2
79.8 23.8
56 98.6
33.2 61
10.4 60.7
36.9 61.2
33.5 26.2
79.9 81.2
15.9 91.8
44.9 93.9
38.2 43.4
75.5 32.3
27.5 95.7
95 11.3
26.3 44
53.4 22.5
36.1 9.8
64.7 23.5
28.9 51
12.2 53.6
57.7 38.4
1 87.5
55.2 10.1
2.2 11.5
0 953.5
18
0 85.3
34.1 26.7
43.9 70
49.6 22.4
99.6 13.2
38.1 18.9
70.7 32.9
70.7 6.7
87.4 64.1
33.4 67.7
43.2 69.4
93.3 20.2
71.7 43.7
53.5 32.1
59.4 34
17.7 69
62.2 23.6
0 657.2
82
0 26.2
26.1 45.9
66.3 63.6
34.2 11
66.8 86.4
32.5 46.9
62.8 44.3
62.7 72.4
27.6 21.4
56.2 95.8
96 65.8
33.7 2.1
21 77.2
14.1 6.4
98.2 9.9
42.4 11
40.7 45.8
74.7 39
98.3 40.6
80.6 77.3
51.8 40.4
77.8 49.7
87 95.3
43.5 97.6
30.4 21.1
79.2 77.3
58.6 39.8
29.5 33.5
91.2 56.9
91.9 65.1
23.6 27.5
20.9 14.7
63.3 60.2
79.6 83.1
52.2 91
44.8 49.1
22.4 55.1
11.7 33.9
97.5 47.3
85 64.9
62.8 23
59 90.6
10.7 67.4
77.7 5.8
7.6 67.6
74.4 46.3
86.8 45.7
89 43.3
76.1 71.8
28 44.9
55.9 4.8
84.8 91.8
65.8 30.7
30.5 40.9
92.8 28.7
14 81
46.8 89.9
18.8 94.9
23.5 15.7
57.2 41.6
8.2 19.4
87.4 19
8.9 1.9
19.5 19.7
35.9 33.4
88.8 6.9
82.1 7.8
36.7 18.6
75.9 54.5
77.9 35.9
79.7 17.2
10.9 26.2
63.6 98.9
13.8 86
45.1 24.7
4.8 35.7
62.8 55
76.6 87.4
93.1 27.2
38.5 74.3
21.9 81.9
0 662.7
69
0 63.6
35.7 80
97.5 38.5
94.4 44.2
31.9 16.6
71.4 76.4
85 42.9
96.6 26.8
40.8 95.2
43.8 17.8
74.5 28.6
34.8 92
14.6 39.2
44.9 33.4
93.5 68.9
90.3 73.2
75.1 46.4
63.4 33.1
44.2 37.4
67.4 74
92.4 47.9
70.7 74
74.8 40.1
45.9 70.4
31.9 40.9
43.9 98.4
33.7 95.8
36.4 97.6
7 75.2
4.9 75.9
75.7 30.8
6.2 94.3
29 95.4
71.7 59
22.5 92.5
16 79.7
31.8 94.6
71.9 91.6
92.2 45.3
94.4 48.1
92.8 30.9
74.9 70.9
63.8 85.3
7.8 74.7
40.1 53.3
64 42.5
69.8 37.7
29.7 28.5
75.3 74.6
43.2 69.1
66.9 9.5
75.8 69.5
32.6 80.2
25.8 95.7
59.9 26.1
12.2 58.6
21.3 28.4
4.4 64.2
55.3 23
65.6 56.6
57.3 23.3
39.1 6.5
40.7 14.2
13.8 58.5
80.4 76.8
45.5 76.3
90.3 23.1
79.7 71.3
0 413.7
15
0 86.5
89 45
49.6 59.3
51 11.4
97.6 94.2
81.6 11
27.2 82.2
6.5 54
34 26.9
73.9 60.6
70.1 70.3
34.4 31.4
1.8 88.4
13.8 41.8
0 769.6
7
0 89.5
69.6 44
62.6 59.1
32.2 2.7
19.5 7.3
58.6 82
0 190.4
37
0 72.5
71.6 59.9
33.3 80.9
64.4 38.1
9.7 90.5
18.8 83.3
36 9.5
25.8 37.1
65.3 83.4
23.4 64
63.4 94.9
51.5 47
60.4 69.4
15.9 69.3
37.7 42.9
51.9 59.8
12.4 68.9
24.9 31.9
65.2 38.2
95.5 65
73.6 59.7
82.3 3.6
88.8 49.4
85.9 15
94.4 49.9
44.9 1
48.1 1.3
8.1 44.3
40.8 35.2
74.8 48
86.7 7.3
10.7 25.1
38.2 19.9
60.7 15.3
83.6 41.4
80.6 37.5
0 388.7
46
0 7.6
57.1 46.5
62.9 96.9
23.5 11.1
77.6 98
6.5 62.9
91.3 15.1
95.4 5.2
87.8 20.5
59.2 47
5.7 67.3
95.7 66.4
13.2 78.1
80 47
57.4 16.7
7.8 75.7
66.4 46.5
11 50.6
22.6 19.4
74.1 39.5
24.9 17.8
16 52.2
87.2 62.3
69.3 52.9
58.1 81.7
77.9 72.9
23.4 5.3
16 42.5
78.7 14.6
59.9 84.8
27 68.4
67.7 45.1
49.2 4.3
45.8 79.1
52.1 33.6
61.6 7.3
11.9 96.5
52.2 30.3
57.9 81.1
9.4 75.7
67.6 73.6
73 21.8
23.4 77.6
92.3 64.2
94.4 76.5
0 348.7
70
0 75.7
46.6 31.3
41.5 95.9
70.6 62.9
23.5 57.9
54.6 44.3
23.6 68
22.6 54.8
93.5 59.1
33.9 49.8
3.1 34
12.7 35.4
67.8 72.8
58.3 99
49.2 82.7
24.4 35.4
36.6 46.9
56.2 43.8
66.4 5.4
85.4 91.8
72.5 3.2
2.4 78
19.2 73.2
26.5 58.4
83.9 97.6
90.6 61.9
83 62.4
40.2 50.8
21.8 1.9
16.3 26.5
33.1 75.6
26.1 65.9
19 39.1
91.7 18.8
93.4 22.9
60.8 96.1
69.9 71.8
66.9 23.1
43.5 65.6
33.5 42.1
63.9 23.2
98.4 21.4
86.9 92.3
90.1 62.5
77.5 34.6
43.1 43.7
53.7 39.4
71.5 99.8
33.6 52.1
58.3 82.6
45.4 89.9
12.4 49.5
1.9 49.7
38 66.6
42.7 60.5
41.1 59.2
93.2 85.6
54.8 86.1
85.4 24.5
65.6 23.9
47.5 68.9
6.4 42.2
19.2 81.3
87.5 38.6
90.6 42.4
97.5 97
54 57.7
46 44.1
63.2 9
0 189.5
74
0 2.5
2.1 42.9
21.9 78.3
48.1 87.1
77 19.1
77.1 14.5
73 71.4
84.6 48.1
90.1 13
35.1 23.9
20.6 60.9
48.3 84.9
68.5 51
16.9 16
39.4 43.9
55.5 28.2
30.1 74.6
34.4 8.6
61.7 84.7
85 17.8
48.4 65.8
32.8 56.3
61.4 46.9
99.2 52.6
11.4 92.5
63.6 75.5
24.8 27.3
17.4 81.1
7.2 9.4
44.8 32.8
75.9 89.3
84.4 97.2
92.2 61.4
44.5 72.6
10.1 31.1
26.9 68.5
71.1 40.6
96.3 40.1
39.7 96.2
61.6 95.6
10 15.4
66.2 99.9
31.7 63.6
67.1 79.1
26 51.7
4.2 5.9
10.1 84.6
75.5 42.1
42 62.2
80.1 7
31.1 18.2
70.7 23.5
12.2 68.6
2.8 49.9
64.7 83.9
76.8 23.6
60 5.8
10 1.8
17.9 82.3
27.9 53.3
95.1 47.3
64.2 44.5
64.1 86.5
38.3 10.4
67.3 65
65.5 86.6
53.3 90.5
4 10.8
45.5 14.7
50.7 53.5
14.8 26.8
66 20.2
40.9 79.1
0 498.7
58
0 60.2
58.7 81.8
26.3 46
66.4 39.9
4.4 48.6
91.7 94.3
37.9 83.8
29.7 70.4
76 21.6
43.4 88.6
69.3 25.9
56.7 75.1
84.9 11.8
70.1 59
29.8 60
78.2 31.5
7.6 40.1
33.7 93.3
26.9 49.3
70.3 65.6
97.6 44.8
8.3 54.4
61.7 20.8
67.3 33.4
50.4 33.7
29.2 61.5
46.4 25.5
8.4 58.3
28.5 84.7
56.6 28.4
76.4 86.3
26.6 85.4
5.1 3.3
53.9 58.3
70.1 36.2
19.6 67.1
30.4 9.7
20.6 2
60.9 56
70.4 44.6
58.8 55.3
47.2 72.3
41.4 69.3
39.4 95.5
17.9 3.4
53.2 99.6
8.7 15.9
1.8 58.9
69.6 71.8
79.5 93.5
43.3 68.8
12.2 78.3
79.5 96.2
16.2 81.4
67.1 56.1
73.7 59.9
99 14.8
0 900.5
34
0 36.3
24.9 51
95.7 8.3
49.2 97
71.3 58.3
21.3 25.4
58.3 49.4
91 17.9
13.6 84.7
69.2 50.9
88.9 9.9
43.4 93.1
33.1 21.8
92.1 1
45 90.7
34.4 88.8
16.4 35.8
74.7 18.9
90 32.6
91.6 3.5
52.1 70.3
88.6 67.5
89.5 64.5
41.3 89.9
2.7 5.2
28.6 78
23.6 79.6
84.1 72.3
34.7 44.6
65.3 74.7
78.6 70.3
22 51.3
98.7 34
0 751.4
