94
70 82 5621
71 70 644
17 71 870
29 17 104
59 29 23
4 29 48
72 29 254
83 72 900
74 4 396
79 70 497
40 4 732
37 59 229
1 29 746
32 74 613
62 83 1
6 59 680
67 37 135
27 29 715
28 71 509
53 62 369
23 70 985
22 23 90
68 23 721
84 28 113
39 83 533
57 1 506
55 79 35
2 22 456
69 37 780
42 37 516
20 71 404
24 20 3
47 42 199
45 68 444
90 2 701
41 39 364
10 22 946
64 71 583
31 1 728
85 55 637
94 32 25
66 28 285
73 85 143
92 40 975
7 74 952
78 62 814
49 68 926
35 85 248
82 62 20
12 92 606
63 39 456
60 22 753
76 60 525
15 57 468
34 32 393
52 59 496
16 74 944
3 59 657
19 41 715
56 34 207
36 64 355
43 16 9
50 16 485
33 50 432
48 94 651
86 50 129
25 90 782
46 34 698
87 57 762
61 50 822
65 37 773
54 86 840
91 34 846
9 63 451
13 74 278
51 52 293
11 32 591
80 3 650
5 82 554
30 28 182
26 48 934
88 27 6
93 37 165
44 39 763
21 39 914
8 93 762
77 56 556
81 61 384
58 20 371
89 19 617
38 32 41
18 31 406
75 17 519
14 93 582
28 92 634
94 65 646
44 70 767
44 88 203
60 9 703
65 89 500
41 10 797
9 59 825
2 50 128
53 90 258
30 27 200
66 30 663
51 81 896
12 4 985
86 45 736
13 12 722
16 43 801
25 84 72
13 28 920
15 80 301
84 18 51
54 76 683
1 25 733
82 47 933
29 42 587
21 59 972
12 46 911
68 59 565
31 1 963
29 70 376
26 83 177
16 49 160
24 79 242
88 17 312
15 73 772
61 14 931
59 19 968
53 52 945
17 40 361
21 66 244
48 61 279
6 67 793
15 44 201
42 71 613
93 9 602
4 20 951
76 16 863
37 75 550
13 34 534
92 36 663
66 41 855
68 36 895
72 21 645
5 7 900
5 84 702
78 75 122
93 75 79
24 58 922
76 70 220
42 37 174
26 87 482
39 74 540
5 10 435
28 32 63
3 21 918
12 61 306
21 50 660
46 84 596
81 71 663
85 41 838
68 82 906
35 13 451
1 54 664
23 50 872
32 74 52
44 43 749
41 34 856
68 5 873
52 79 908
16 46 515
64 83 367
88 11 694
11 76 910
3 37 688
70 1 854
46 91 846
3 38 529
32 62 868
38 46 846
57 12 636
30 63 522
41 84 671
24 87 776
25 73 161
82 64 265
29 69 530
41 2 545
32 85 974
86 84 782
19 37 508
86 46 254
10 63 32
18 22 339
6 14 144
32 67 263
3 62 603
73 59 730
5 64 279
58 86 493
74 75 67
20 90 944
28 72 185
26 37 663
13 91 114
91 10 293
27 75 664
36 21 702
36 82 588
41 19 326
71 42 92
38 10 976
91 88 192
16 13 806
43 87 38
61 85 872
45 52 79
8 39 634
91 85 189
80 82 964
19 8 601
73 11 730
72 76 263
81 19 323
88 18 750
41 88 976
9 25 209
13 22 9
43 21 299
41 68 769
59 57 966
92 27 731
22 44 424
2 25 768
80 46 253
42 38 528
26 31 817
86 35 38
57 24 31
65 73 329
55 58 973
85 38 606
84 57 112
1 73 304
51 72 139
36 73 421
94 44 549
14 38 380
62 91 972
55 19 643
3 50 532
85 69 22
41 42 949
37 65 453
24 28 216
50 29 566
16 28 784
83 52 585
8 79 185
24 56 583
25 9 482
15 57 536
13 56 590
7 42 636
44 31 408
93 2 582
32 15 800
89 15 291
29 87 428
47 9 215
82 92 291
44 76 518
37 77 478
26 17 135
36 42 693
27 14 622
55 76 234
77 59 486
66 63 968
18 77 90
74 64 353
27 61 590
38 42 584
72 64 237
43 2 942
88 69 12
54 59 302
71 37 201
56 52 736
16 28 794
46 91 312
46 26 828
23 4 764
33 65 685
3 37 68
53 83 596
3 27 7
6 11 367
15 64 369
7 12 491
15 85 781
13 9 264
52 18 868
22 42 503
43 49 685
9 88 841
45 50 164
49 82 909
35 78 928
10 49 184
67 29 730
6 24 976
55 4 612
74 78 948
24 69 708
22 42 854
26 57 860
60 93 502
7 57 412
30 89 143
82 19 253
32 61 414
55 90 226
74 38 618
88 62 937
36 53 181
59 67 795
70 61 928
75 22 945
53 74 579
4 6 29
63 45 696
4 56 626
10 24 723
62 80 321
87 22 424
14 56 709
53 63 351
74 41 836
48 45 718
89 76 845
50 38 973
54 53 847
12 43 601
66 25 692
22 51 416
51 4 822
85 89 526
86 13 224
17 90 796
32 40 257
34 38 860
35 55 423
13 28 28
2 50 607
56 81 351
66 6 576
13 48 806
36 16 706
60 33 655
10 90 699
46 92 80
9 6 804
8 4 803
56 49 195
6 43 813
93 17 841
81 18 704
17 75 723
89 11 881
86 14 354
44 31 738
86 54 193
6 64 242
43 15 837
11 43 89
55 74 581
43 59 767
35 70 859
52 60 352
84 81 27
85 13 359
69 50 195
7 68 465
24 23 984
63 86 542
89 35 522
49 1 422
80 85 594
54 21 254
20 46 596
18 57 727
4 23 570
3 57 717
71 8 141
94 10 178
84 42 92
54 45 229
52 6 969
43 47 892
86 52 744
51 16 3
41 89 113
35 82 120
80 23 629
14 78 704
44 87 586
79 46 29
58 57 743
75 48 858
31 48 413
55 52 555
51 23 699
38 53 668
23 66 189
48 88 98
63 5 644
54 33 12
59 68 661
50 12 22
55 77 344
79 76 24
69 73 200
26 29 592
72 68 562
92 78 208
45 17 693
37 27 333
36 30 559
60 52 442
59 49 775
17 50 760
21 8 105
92 61 644
89 59 139
73 74 866
85 92 362
91 82 410
37 25 516
63 54 709
7 89 226
12 32 887
78 29 235
60 37 312
57 83 388
17 57 324
25 45 916
65 12 330
41 46 920
2 78 307
13 79 936
85 76 687
41 59 731
46 80 620
33 25 731
64 89 855
35 91 521
39 62 378
84 9 292
75 68 258
15 76 74
29 38 626
2 33 452
73 66 170
61 54 475
55 60 290
92 5 959
59 70 945
61 41 96
45 38 672
63 6 545
17 40 817
29 37 726
56 29 761
24 42 223
92 72 967
85 52 263
35 29 540
68 44 102
64 93 764
34 56 345
82 79 34
35 82 283
49 1 947
82 83 613
82 91 23
33 75 330
73 40 112
91 28 581
87 31 355
61 65 142
90 59 749
81 85 61
36 61 352
36 78 319
39 14 260
3 50 991
13 60 203
55 82 857
70 60 710
65 26 847
74 44 940
56 8 511
34 67 589
33 25 876
24 51 154
13 34 354
76 46 238
5 82 741
25 81 251
1 57 925
70 51 277
32 69 399
22 45 369
37 90 605
55 15 445
75 91 953
46 7 679
60 44 267
37 15 439
70 17 143
92 11 891
15 2 204
88 23 189
10 59 51
23 19 127
22 84 350
45 73 385
51 52 734
28 29 939
36 83 142
87 57 626
39 36 522
58 80 122
50 54 646
42 79 473
91 53 48
17 78 308
70 27 837
43 62 967
81 79 402
49 85 795
69 5 684
93 51 969
53 73 766
48 56 781
52 54 616
78 31 736
66 82 285
78 54 433
18 60 734
88 51 661
19 58 551
11 63 710
15 83 462
67 83 872
26 18 351
60 6 120
47 16 910
72 20 178
38 93 256
75 51 883
88 24 411
23 4 541
20 83 549
59 36 269
41 2 569
5 51 669
74 60 822
71 9 493
9 58 167
91 56 367
31 28 872
92 19 971
73 25 808
11 47 209
50 29 865
16 46 40
77 36 794
66 59 164
6 78 251
88 17 593
74 90 309
5 45 613
66 27 352
87 20 162
14 24 187
74 64 672
74 5 903
28 32 228
36 87 547
85 80 695
14 9 318
21 36 455
71 51 20
47 73 622
60 83 724
3 78 415
31 21 821
60 12 120
88 52 452
39 63 340
15 85 392
10 5 242
26 29 880
79 94 447
5 14 909
25 82 593
75 25 794
86 37 482
60 21 105
35 94 42
51 43 538
79 44 131
46 30 700
20 42 349
50 78 304
8 76 101
33 83 410
36 79 847
78 82 224
46 77 483
86 68 408
88 38 61
19 4 620
60 86 904
44 25 610
22 44 472
45 13 945
62 59 736
85 18 332
6 77 256
79 82 932
24 86 985
42 9 790
70 23 304
6 70 464
44 77 886
66 46 461
93 44 193
24 25 654
72 93 738
3 8 604
86 23 945
77 58 461
30 50 422
56 49 61
26 24 672
26 15 369
51 82 738
15 65 919
24 73 297
56 68 669
82 56 115
16 72 559
31 33 93
83 67 129
17 91 510
26 9 581
64 62 490
83 57 157
25 85 333
24 23 574
59 39 374
80 24 474
12 37 152
16 26 159
20 84 487
78 76 331
40 69 789
42 5 288
45 61 637
43 18 842
75 91 263
49 89 800
49 50 243
39 87 418
18 22 517
13 73 851
38 54 37
50 8 755
31 45 16
78 59 821
43 45 479
10 45 690
38 63 941
63 52 236
72 38 457
49 23 734
25 10 776
41 57 826
73 58 83
74 57 14
79 52 996
9 25 966
19 26 327
83 5 586
25 57 815
61 4 55
29 33 368
23 16 367
76 93 892
5 61 922
92 6 770
82 66 496
37 14 314
53 54 573
93 90 342
47 19 544
58 16 78
60 19 993
33 76 542
50 2 92
12 56 193
74 10 38
4 3 244
56 84 17
66 74 711
20 66 744
63 82 426
75 28 252
21 41 699
70 9 141
88 59 10
51 35 780
43 36 862
72 25 836
27 12 236
59 92 291
3 1 420
30 80 140
48 93 518
16 58 325
43 15 488
33 54 352
6 59 775
63 30 279
51 21 389
37 80 102
48 12 704
1 21 259
61 5 451
13 47 133
87 21 968
93 6 941
8 10 277
74 36 687
22 42 468
56 7 266
75 31 460
62 29 352
75 65 733
56 65 772
79 65 618
51 69 352
79 61 88
21 5 780
15 1 594
53 93 965
48 53 100
55 18 242
71 28 188
3 63 542
69 94 987
57 94 928
24 34 907
18 81 477
23 76 263
57 67 99
57 17 804
78 69 71
3 8 798
2 43 717
89 87 334
70 3 636
21 70 615
67 42 485
1 72 229
46 24 287
67 6 153
73 71 776
56 57 640
23 80 118
33 8 929
78 45 718
85 74 231
54 43 214
27 57 493
28 3 893
57 29 136
83 84 784
90 79 440
27 7 414
72 50 635
30 52 532
89 12 851
55 46 956
34 15 93
32 2 801
22 18 385
71 47 95
47 8 326
44 55 13
70 74 846
10 81 467
53 87 713
79 12 610
61 48 985
63 1 946
25 78 830
63 8 420
61 17 927
11 34 401
1 57 964
5 41 341
90 72 528
33 23 557
85 9 573
85 21 565
66 56 557
76 1 154
9 45 817
7 47 327
17 47 928
33 61 147
89 40 565
49 32 419
2 71 478
42 64 767
69 76 182
43 23 541
26 32 209
60 68 152
69 50 226
27 49 537
63 58 252
72 15 507
46 14 779
3 18 161
77 67 810
62 88 539
7 76 439
55 76 249
37 90 378
94 50 875
78 17 337
5 9 600
80 40 930
69 31 694
57 88 152
36 25 363
63 42 875
65 36 308
80 60 242
57 66 100
5 16 79
38 71 280
48 89 289
70 55 448
56 76 53
56 13 899
6 26 399
27 62 901
49 38 343
42 45 424
16 62 595
55 9 190
76 82 751
44 23 281
22 45 580
70 89 799
37 39 847
68 54 756
42 1 467
36 45 542
42 24 83
55 19 272
72 62 6
32 63 713
68 79 531
88 59 455
63 10 981
37 38 845
15 89 70
35 32 467
29 54 26
63 77 751
40 51 213
9 83 67
46 44 172
68 12 634
15 74 156
51 94 802
60 10 265
79 63 365
11 36 339
32 31 145
60 37 721
35 66 210
10 55 960
27 77 866
57 27 630
66 44 670
4 1 491
92 75 832
43 60 203
55 32 101
57 28 190
45 69 372
57 23 234
75 55 831
23 55 62
69 35 217
26 46 697
42 50 138
44 18 962
49 13 138
66 21 57
29 9 926
3 85 7
41 7 993
41 93 225
1 57 38
59 7 31
4 62 55
74 93 521
6 72 426
27 64 842
78 72 515
27 32 800
6 73 145
24 27 368
64 29 459
44 82 662
67 55 923
51 46 908
67 39 293
69 67 318
12 79 307
60 22 42
91 17 552
18 67 31
34 75 989
92 7 818
18 54 590
31 56 262
23 56 740
48 13 237
23 30 481
65 42 439
29 10 743
5 48 641
71 34 92
77 71 42
12 8 829
62 90 121
65 37 627
80 90 713
51 73 515
48 84 264
55 28 79
75 68 880
4 52 911
88 94 191
38 91 184
64 63 890
65 94 116
84 18 557
13 42 422
57 65 126
13 24 111
27 83 179
35 21 901
53 16 157
67 39 15
49 9 860
87 94 202
63 35 810
46 32 985
13 7 108
46 44 313
90 43 497
85 87 1000
90 42 123
14 87 424
2 25 864
75 23 9
24 55 269
67 13 139
29 55 432
43 32 304
44 37 468
52 90 300
71 86 866
91 74 640
12 1 190
94 33 864
15 60 779
47 61 452
85 46 529
88 6 307
7 15 541
78 44 840
56 5 851
37 57 152
92 41 79
87 35 973
80 40 59
8 32 520
53 73 392
5 61 576
92 59 832
25 16 227
83 33 762
23 86 70
13 4 779
88 73 424
3 42 43
75 29 136
54 21 593
74 18 65
76 77 193
75 40 584
81 53 65
82 46 530
41 79 477
11 71 669
15 59 57
42 61 987
63 72 282
2 57 456
55 7 69
3 75 526
7 82 266
53 49 240
91 35 367
3 11 849
11 8 931
65 39 842
88 74 845
9 36 93
38 8 101
91 19 395
85 44 524
2 33 902
39 65 164
59 44 873
57 7 258
5 58 492
15 7 149
7 54 287
37 28 522
4 40 953
75 45 815
46 21 673
71 48 106
29 20 352
80 83 760
75 72 153
24 94 164
68 30 878
27 12 836
59 17 837
15 42 879
50 71 237
88 12 156
19 68 835
17 61 174
93 71 288
50 94 167
85 75 774
10 52 114
58 25 28
40 33 709
49 51 761
3 1 141
48 29 232
40 67 764
76 44 957
72 73 886
24 64 470
32 14 752
28 9 917
7 3 73
70 80 721
26 36 910
66 32 189
36 7 749
17 56 267
18 36 774
33 27 423
90 76 799
30 75 667
16 51 844
3 81 775
57 4 730
89 85 751
7 88 476
61 4 275
53 92 757
8 28 864
51 15 842
50 54 20
84 5 462
50 2 18
51 4 91
60 13 580
13 43 260
14 20 108
42 60 29
61 92 475
26 21 96
79 31 721
10 56 685
64 7 740
60 93 473
90 62 100
61 44 915
18 48 266
38 9 143
63 55 327
72 40 389
86 11 346
3 58 647
4 36 214
64 70 790
89 9 463
25 90 247
34 19 952
44 54 625
40 88 605
43 36 78
80 37 908
86 29 39
70 33 62
84 62 67
27 47 64
7 8 789
27 29 416
55 13 942
46 87 419
28 12 994
14 79 336
49 31 969
29 33 915
48 81 445
9 74 863
13 62 427
43 37 557
4 49 94
64 40 527
38 83 762
52 10 219
62 58 612
9 50 181
45 12 408
32 30 644
26 25 518
44 48 55
15 11 435
64 40 563
45 59 466
49 66 787
21 2 853
9 44 226
5 2 203
21 48 197
81 19 488
91 34 745
27 11 68
46 27 694
90 32 462
31 6 465
80 56 987
82 60 265
74 22 431
68 69 563
19 44 728
20 56 841
79 83 917
30 29 235
38 82 276
79 52 147
66 72 515
17 90 203
88 20 911
67 83 48
26 19 468
56 91 494
5 2 846
19 45 526
80 10 148
15 56 146
41 56 525
89 70 381
41 38 8
51 57 96
8 79 283
1 75 216
63 49 662
38 64 472
40 62 333
84 70 22
63 46 906
93 87 550
78 62 638
67 33 690
10 89 263
73 26 545
36 43 158
75 12 297
80 23 350
28 54 14
36 6 58
7 68 594
28 13 102
65 68 115
77 75 155
43 72 517
62 79 755
42 19 302
55 13 480
31 53 341
1 13 149
84 11 104
21 3 261
73 68 395
84 57 753
56 23 0
73 28 318
25 33 729
45 12 377
82 73 297
9 89 449
94 40 402
53 88 515
45 15 918
44 70 139
85 11 381
57 9 419
71 77 519
59 89 292
60 81 832
24 64 941
22 25 247
7 5 397
11 71 294
51 77 402
24 57 159
10 62 674
5 27 17
5 91 680
6 57 20
68 12 99
90 6 256
24 7 257
90 22 413
47 58 64
11 32 229
39 77 39
52 32 99
14 12 855
67 23 570
39 55 538
38 33 785
82 9 681
71 52 223
44 94 340
45 48 550
3 80 248
76 41 340
89 17 907
66 58 43
64 14 353
68 74 72
59 28 806
38 23 782
20 55 76
83 80 396
4 76 954
31 35 569
74 6 753
64 20 79
67 17 158
65 49 980
29 13 305
3 27 76
1 27 344
9 62 532
76 65 362
17 23 839
90 54 88
7 31 415
13 41 509
26 32 714
89 12 625
11 71 620
1 36 663
89 13 37
24 56 834
74 46 211
55 45 222
68 93 657
31 70 68
17 68 360
5 70 748
34 30 358
31 4 903
11 87 130
42 40 381
5 53 119
45 82 790
28 94 573
8 16 344
38 25 58
69 12 428
88 51 527
11 1 782
70 17 793
67 73 268
14 58 765
18 68 360
74 88 749
45 87 765
24 39 781
44 21 654
61 78 390
31 3 597
47 80 486
90 85 478
53 89 334
54 56 650
71 79 769
19 13 418
9 94 179
79 76 391
40 62 177
78 57 762
56 93 977
25 14 921
60 22 426
90 80 120
82 45 297
74 90 807
46 67 507
81 27 232
84 69 602
78 61 656
89 87 458
70 5 432
20 74 356
62 41 897
9 86 604
56 26 450
81 15 666
94 29 873
17 42 26
39 7 2
90 82 518
63 76 702
42 60 580
37 83 480
37 64 641
94 77 793
31 42 439
86 24 587
12 25 559
26 68 378
74 32 4
62 79 191
61 93 14
36 45 251
41 66 287
2 25 432
71 5 538
22 77 993
52 76 820
7 91 870
44 11 385
43 91 409
21 24 523
34 48 799
9 23 894
32 92 784
76 65 260
4 18 502
55 79 696
34 26 350
16 50 101
14 91 525
52 69 33
52 47 935
80 8 954
78 48 39
12 11 305
88 42 655
47 56 658
65 68 735
24 65 561
88 73 485
43 62 287
92 58 188
34 77 561
71 22 819
40 82 921
84 17 384
13 74 838
71 78 818
22 50 695
91 20 746
75 83 107
40 93 433
78 52 309
16 31 825
61 33 657
66 79 23
38 55 679
94 9 155
64 63 965
9 62 785
11 20 733
20 14 121
37 16 261
20 87 770
93 3 470
12 55 3
30 51 249
78 62 603
14 65 649
81 38 5
5 54 309
5 12 712
62 27 651
89 50 29
42 76 287
82 47 847
58 75 372
46 49 569
68 23 1000
84 53 736
14 58 556
13 45 823
22 21 135
71 61 408
35 63 660
46 38 12
94 28 596
38 49 477
59 36 115
19 75 825
34 7 191
11 51 53
94 46 674
32 45 984
70 81 779
82 64 606
11 76 814
31 71 227
34 83 354
11 52 81
47 21 611
60 85 285
69 90 891
26 71 6
70 89 652
90 8 319
71 79 879
60 91 697
2 48 281
75 78 200
71 5 362
91 25 292
17 74 533
79 61 417
9 83 783
75 15 572
58 93 375
82 13 843
70 28 644
76 45 337
42 2 457
39 71 804
51 44 565
92 10 260
44 62 666
23 28 138
94 72 223
35 51 327
69 63 770
1 14 372
24 69 322
40 35 943
45 73 874
33 72 677
27 61 595
62 21 857
89 39 76
84 29 486
40 47 180
77 28 437
39 18 525
15 23 827
54 33 137
7 52 101
57 30 460
69 76 599
85 14 541
9 38 713
57 17 315
91 44 559
70 83 737
7 84 104
58 35 54
47 65 505
20 91 12
48 29 821
7 90 895
51 85 745
4 54 233
27 54 132
13 74 915
71 77 406
3 76 582
91 5 597
2 57 358
22 38 374
87 45 636
8 85 464
42 35 835
5 59 673
72 70 406
14 55 504
40 33 796
91 17 91
7 29 758
29 70 609
14 29 874
76 73 711
7 8 545
11 24 787
89 66 705
79 22 72
58 45 402
72 64 285
42 18 146
60 48 549
86 57 880
53 23 558
3 75 669
94 27 536
62 57 924
84 68 667
25 73 742
34 17 45
78 13 712
44 72 283
55 14 64
17 48 7
25 22 64
40 42 901
6 22 964
68 37 448
53 23 769
38 67 105
80 47 282
16 12 19
89 86 288
15 61 662
73 49 698
47 89 840
25 63 137
35 90 581
73 33 265
81 51 411
72 66 744
80 79 843
63 8 97
80 79 775
83 87 191
64 90 594
65 52 114
10 93 563
41 51 986
27 60 241
45 90 135
83 35 487
47 42 820
27 5 803
56 55 225
61 19 1000
29 53 770
67 93 702
64 39 155
76 11 713
30 20 160
5 12 541
76 84 726
20 71 12
80 75 840
7 15 299
46 18 513
80 78 559
26 56 605
83 52 913
94 66 267
10 18 597
86 21 102
81 46 225
15 69 956
26 23 968
88 60 376
2 71 858
90 24 789
68 69 269
40 7 449
36 22 705
86 16 456
11 53 890
15 42 700
86 2 235
26 94 879
94 5 351
33 69 189
32 94 483
7 42 294
45 55 555
64 78 87
10 17 643
8 5 638
60 25 149
66 64 160
67 12 598
72 87 663
7 37 216
5 86 433
18 23 437
8 49 362
23 47 267
47 56 526
64 12 758
47 14 759
32 22 976
33 29 187
45 83 919
82 93 829
94 50 282
65 26 513
75 92 417
25 65 984
34 80 177
89 63 614
25 91 863
7 46 895
57 9 922
58 84 145
66 34 774
78 31 164
45 11 191
49 11 539
45 2 243
55 32 554
71 90 715
65 38 974
23 85 486
13 53 167
48 20 147
89 6 912
27 25 19
60 69 171
84 73 296
61 41 116
13 75 550
62 16 207
1 70 219
29 10 720
20 25 677
47 83 403
75 52 964
92 77 764
47 34 101
19 4 693
62 54 675
47 28 88
14 63 937
29 3 115
25 31 949
81 33 21
3 61 933
70 56 13
54 34 165
57 1 841
61 78 846
1 8 792
90 44 2
16 17 942
41 82 45
11 50 633
63 76 590
39 20 44
49 76 685
2 1 97
65 83 659
4 76 66
20 42 407
86 75 799
31 68 271
19 18 394
34 59 210
30 13 743
61 64 207
57 76 373
79 11 5
9 78 80
8 81 273
20 8 411
46 19 360
81 93 428
24 53 937
25 93 859
54 40 587
47 24 797
28 60 24
1 30 332
36 51 328
39 84 483
65 74 87
1 83 548
88 74 99
49 70 205
36 35 553
27 1 702
44 20 924
29 14 204
87 10 421
61 60 584
42 20 81
2 74 907
36 53 29
52 26 975
61 91 715
7 1 672
2 89 889
45 79 954
86 60 884
68 17 689
17 79 715
69 33 21
58 81 478
82 37 541
82 44 767
42 94 172
66 92 972
31 28 120
78 60 956
35 34 655
56 46 1
49 3 512
5 78 600
90 42 46
86 13 481
39 11 368
12 82 779
35 46 909
50 25 129
82 30 628
33 45 309
40 7 949
82 8 353
65 28 913
58 14 873
20 66 154
80 13 332
57 18 399
51 13 439
58 32 832
5 22 746
89 57 233
60 54 554
27 15 769
28 87 252
77 8 376
33 12 915
9 45 148
64 93 273
58 28 100
41 86 263
26 90 810
75 84 59
70 93 491
4 47 722
41 3 496
72 71 529
41 10 403
92 83 426
6 50 282
18 67 490
47 31 453
57 23 836
33 73 151
8 90 755
34 19 403
53 56 966
69 49 216
79 39 447
39 63 581
29 68 175
51 21 666
73 54 996
91 68 220
49 79 229
4 26 350
72 61 683
18 23 493
32 85 906
40 60 862
63 19 26
22 48 250
28 64 518
87 49 131
17 14 232
56 79 436
19 72 731
48 76 636
86 63 880
74 25 948
63 2 554
77 75 619
49 45 446
55 2 987
31 42 851
47 11 743
36 40 715
63 76 699
65 88 932
36 19 525
87 40 286
92 59 30
82 2 173
17 9 456
72 86 657
45 14 670
5 36 227
13 90 957
12 44 725
29 57 102
42 63 274
50 62 958
57 60 960
5 65 210
33 68 916
36 23 216
11 46 229
31 66 45
86 45 310
56 69 198
86 93 451
88 86 195
57 80 798
92 19 679
41 32 114
13 53 437
43 50 301
4 40 926
88 20 473
51 83 224
31 21 445
92 56 738
4 79 130
28 55 50
12 68 552
31 72 955
56 26 806
18 84 87
74 1 281
87 38 214
49 39 577
68 66 380
34 45 289
60 12 169
34 36 292
79 69 750
6 27 937
14 86 52
2 4 482
92 85 253
69 32 146
42 43 268
25 46 99
14 85 524
48 72 926
51 38 849
19 44 304
69 33 954
12 19 864
37 55 659
8 24 806
68 87 839
29 61 31
61 6 407
3 52 884
19 40 32
5 27 413
66 52 618
89 64 193
85 76 505
74 12 864
76 67 365
64 24 942
14 91 660
82 39 856
84 41 623
9 77 103
60 63 823
46 24 239
61 57 660
24 85 222
56 28 826
10 71 934
70 36 748
9 92 289
60 40 408
57 28 999
11 77 890
12 25 195
18 72 874
80 61 530
74 40 729
10 48 961
18 80 922
60 93 182
72 70 921
25 23 260
73 34 556
1 30 363
56 28 605
51 43 989
91 85 375
88 4 382
93 33 471
89 77 284
10 14 982
36 49 760
15 58 840
15 68 169
39 20 914
20 92 375
64 93 520
59 47 201
44 26 318
26 39 800
12 19 345
24 65 881
69 28 308
33 54 658
73 36 136
45 93 733
56 72 397
20 72 406
19 9 184
20 4 879
18 53 921
22 43 236
36 91 214
3 27 987
58 33 512
56 49 72
80 25 60
50 6 740
46 45 322
8 79 572
20 45 101
4 94 978
20 13 257
17 86 886
6 83 273
56 3 811
61 6 543
47 68 651
54 88 554
19 24 186
64 31 40
14 46 438
17 77 522
12 89 424
13 48 416
57 45 406
55 12 406
81 35 835
5 13 121
31 41 111
70 68 858
70 7 756
75 42 614
72 10 399
91 27 77
73 93 858
21 65 916
70 47 442
51 21 959
93 26 220
25 74 573
37 80 407
53 18 284
91 78 565
1 64 916
19 32 522
27 76 812
46 65 212
3 66 613
68 6 535
24 79 707
47 28 723
13 76 380
30 75 554
17 61 824
53 24 37
43 24 780
53 13 839
10 53 615
53 23 778
32 91 964
88 22 958
68 57 836
85 5 164
21 4 623
79 29 766
93 37 516
50 25 955
64 9 528
43 45 314
4 75 940
88 61 660
4 77 480
26 54 287
2 52 907
76 78 246
13 20 492
18 15 988
82 38 687
4 36 301
81 15 710
85 40 522
20 77 163
46 20 812
31 66 146
31 58 397
75 28 347
10 57 670
50 29 685
26 66 463
25 83 682
49 58 449
45 28 68
10 72 403
92 4 564
62 35 293
92 4 889
31 9 701
30 62 12
27 15 555
20 83 949
59 91 302
1 69 479
34 61 399
38 67 149
17 35 948
9 29 649
31 74 786
68 1 185
72 78 276
12 79 480
69 44 653
22 58 446
45 53 739
3 36 827
13 8 403
67 45 897
65 37 688
78 23 332
35 51 473
19 37 276
77 73 204
17 21 343
73 56 179
47 79 698
91 34 448
6 64 701
77 76 161
29 50 905
39 91 888
23 68 155
76 23 603
86 63 429
19 59 441
73 61 52
69 67 610
7 89 972
2 25 442
84 35 772
7 12 819
51 77 791
49 71 128
41 38 184
31 30 199
15 3 402
56 83 958
83 40 235
1 49 436
19 46 313
33 90 630
72 10 695
26 40 635
81 17 399
20 19 570
50 69 379
72 17 439
29 91 504
21 29 576
57 7 164
46 86 291
21 14 864
39 42 655
43 55 373
59 90 237
47 12 613
31 78 573
16 48 547
94 82 23
28 55 570
81 69 0
67 29 369
13 2 915
38 25 288
28 85 238
64 68 324
43 11 377
3 33 442
30 23 63
70 66 441
39 77 987
68 12 266
45 26 380
74 17 825
37 17 906
79 12 245
15 7 923
59 17 938
43 63 422
58 51 530
21 3 221
31 9 26
79 63 563
25 49 570
51 67 712
56 28 667
81 22 530
14 19 328
55 69 493
86 37 322
90 74 408
27 82 116
10 83 906
4 8 380
55 9 99
34 40 48
89 54 842
77 87 103
58 76 451
34 43 722
2 71 57
54 90 131
3 72 856
65 25 13
60 25 903
70 11 316
70 32 599
2 78 236
47 86 793
90 50 7
77 61 727
59 44 945
87 9 627
80 87 90
64 2 890
12 58 262
14 36 351
14 31 615
92 10 689
45 9 999
14 38 9
59 48 475
7 6 359
75 37 74
59 24 353
74 48 313
43 83 68
85 4 834
32 37 128
32 81 398
72 12 248
57 77 152
22 50 321
51 54 566
87 5 981
49 43 940
80 90 848
40 82 237
5 3 327
21 27 814
38 67 507
76 20 621
14 55 879
52 88 632
66 19 457
8 47 898
69 28 486
79 94 527
28 86 511
89 33 159
94 68 176
31 8 972
42 43 146
77 15 779
47 50 240
12 30 398
44 25 387
37 17 518
16 76 181
19 90 58
15 71 298
73 10 621
14 61 633
34 8 933
52 17 555
55 49 581
12 60 496
29 49 84
11 72 879
45 30 597
65 16 736
77 81 239
32 8 92
41 59 710
16 6 337
42 75 540
54 78 448
41 59 403
15 63 862
17 35 176
90 2 716
25 64 557
71 65 798
77 30 774
27 45 471
28 55 742
5 76 776
47 56 330
50 53 673
90 10 268
89 58 710
74 67 436
29 38 937
3 25 57
16 56 34
6 87 509
8 44 324
63 77 543
17 90 120
77 64 735
2 4 719
59 67 54
26 86 707
23 28 855
8 13 389
54 69 14
23 77 934
3 69 157
85 57 922
55 19 487
13 82 944
13 80 583
7 13 214
40 20 896
85 26 892
75 12 487
34 90 732
8 94 123
93 67 547
10 67 214
72 32 469
11 17 72
89 74 690
49 87 293
81 72 949
43 27 396
79 37 266
24 77 31
92 49 755
5 72 959
62 43 560
22 19 46
26 93 755
52 39 582
46 15 788
79 19 355
43 52 809
85 61 834
30 60 177
63 40 322
78 19 954
9 90 495
76 35 698
8 54 209
94 75 31
52 12 264
3 47 166
17 2 216
53 75 715
92 29 850
4 8 388
53 51 779
44 38 201
90 13 297
57 74 453
19 89 141
78 9 735
53 24 342
5 37 737
73 76 49
90 64 123
83 10 538
44 38 279
46 14 961
90 79 170
87 75 989
78 71 720
3 84 455
9 34 735
46 32 912
52 65 621
50 85 968
21 27 500
49 38 189
74 46 223
19 83 701
78 7 790
15 52 922
22 93 110
68 65 374
78 72 154
87 85 140
36 73 918
7 70 424
85 26 601
52 71 576
84 76 281
30 36 867
85 7 366
83 12 419
65 89 592
16 41 171
84 3 153
43 38 808
45 36 207
56 17 750
83 70 810
52 82 370
14 19 908
53 62 920
92 11 932
71 32 899
14 66 917
94 60 434
65 92 874
19 57 919
39 34 797
90 92 348
59 86 164
4 12 279
85 20 570
13 36 987
64 72 789
28 93 330
49 50 656
91 63 462
33 82 70
18 53 629
65 73 586
27 18 145
89 28 813
41 64 464
53 1 516
2 66 33
86 83 320
10 26 836
10 29 87
84 6 991
64 28 562
46 23 470
10 57 19
85 82 428
43 78 452
47 4 303
50 24 128
37 22 298
22 28 725
13 11 492
91 39 355
55 21 789
72 56 827
8 56 110
4 28 528
68 80 647
78 71 611
68 52 15
56 68 856
35 71 106
84 82 678
35 26 592
74 28 30
67 66 460
85 41 282
26 10 449
46 87 941
41 1 855
8 61 865
9 24 655
73 86 912
22 9 219
26 81 654
13 66 511
29 5 382
13 40 911
87 23 990
7 85 782
27 55 303
42 57 903
10 37 633
94 44 989
21 56 636
23 10 116
31 57 300
49 7 740
2 41 655
63 9 849
56 60 341
23 22 247
40 51 17
3 47 174
23 58 82
29 15 820
5 64 510
76 78 713
24 94 708
66 1 297
20 39 285
78 49 333
25 16 12
58 11 205
32 40 6
75 62 445
91 68 140
35 43 898
56 79 264
11 56 794
79 80 113
28 63 336
59 60 245
85 63 968
82 18 766
90 56 66
37 11 813
55 11 311
38 34 645
68 70 312
82 69 975
16 82 862
65 42 85
28 70 430
73 53 371
72 7 197
34 9 566
29 53 177
32 42 675
46 85 435
74 65 400
62 72 864
85 76 966
85 93 753
58 92 611
84 39 709
56 54 218
34 56 597
46 16 850
84 21 545
76 68 817
7 52 662
42 34 201
36 15 894
29 22 343
84 19 160
41 56 83
69 90 782
76 21 858
57 86 282
71 39 171
50 49 13
15 47 707
53 93 379
25 91 485
8 54 255
13 89 52
40 5 814
74 36 867
28 89 390
9 83 655
72 91 165
15 18 969
60 31 82
43 27 774
90 35 237
84 65 908
94 18 782
68 25 141
4 61 869
40 42 705
15 82 390
65 86 839
21 46 941
33 75 561
76 61 302
9 48 207
9 49 357
93 81 108
74 19 157
12 77 387
85 91 103
67 80 65
24 92 151
85 38 820
86 12 300
91 13 215
31 16 173
47 34 255
76 40 970
38 3 922
63 94 636
56 39 802
86 16 644
28 56 320
48 41 855
25 82 356
45 4 219
56 77 820
24 33 487
11 68 117
3 7 130
23 75 665
55 2 661
67 8 241
55 19 364
12 63 493
44 5 6
72 91 722
41 77 901
74 46 665
13 50 501
67 60 339
44 34 360
35 1 766
39 49 487
28 42 28
34 31 468
8 88 514
10 73 655
56 62 79
51 77 982
82 86 67
4 10 215
50 75 742
13 94 555
74 15 457
59 53 899
26 2 1
53 20 234
76 16 721
39 6 219
76 68 972
77 6 461
46 47 984
47 29 340
42 50 523
15 12 34
69 92 166
47 1 901
31 60 461
90 42 80
91 52 607
33 67 409
5 83 824
44 18 538
93 16 56
76 64 640
55 54 267
69 86 461
36 65 921
21 16 197
82 91 745
57 26 474
41 54 575
26 67 291
3 51 318
11 78 55
27 35 620
14 73 688
50 23 848
44 83 187
36 42 654
8 33 90
23 74 9
75 47 674
13 55 11
76 84 435
37 33 909
29 65 98
45 66 936
31 21 834
69 17 104
63 11 917
40 12 190
34 33 844
42 64 291
10 57 688
78 43 341
11 2 681
51 91 592
54 85 848
64 43 91
55 27 515
5 1 192
16 84 513
73 83 351
2 57 336
27 61 867
47 50 75
86 87 585
91 75 386
10 8 857
49 51 842
27 48 379
50 8 226
31 59 990
85 47 746
57 13 275
22 73 274
26 71 778
87 7 166
62 66 343
93 82 153
61 52 982
21 46 451
94 47 489
24 88 112
72 65 206
87 22 408
61 59 868
52 7 753
90 63 199
47 52 966
63 30 931
66 49 123
21 33 354
45 57 390
1 78 142
89 21 517
53 73 132
94 86 696
49 36 400
28 14 419
61 43 83
43 6 434
73 74 108
61 1 228
42 9 491
49 7 651
25 63 312
27 32 486
13 16 765
6 13 745
73 36 825
37 13 902
59 92 386
16 41 607
41 7 133
94 80 369
81 79 684
70 4 253
3 40 450
63 21 610
80 93 82
62 66 206
91 23 76
5 91 879
72 57 282
41 87 865
44 11 915
34 60 196
42 65 676
41 47 94
93 8 45
89 1 808
11 25 608
89 30 596
3 23 292
22 29 225
73 61 33
81 9 940
86 49 874
48 32 141
75 34 412
85 30 897
68 82 391
32 9 879
84 7 867
12 51 23
39 35 833
44 25 855
47 66 518
78 33 289
70 77 633
74 38 148
28 87 376
5 38 440
82 79 311
86 70 24
60 16 168
90 33 142
20 35 235
33 62 124
31 3 509
3 22 132
62 13 605
54 64 494
87 32 300
33 1 169
43 44 870
75 68 902
8 25 325
4 78 281
54 16 483
58 71 89
70 10 822
47 37 705
88 11 965
18 62 517
77 90 903
16 64 993
46 82 572
25 5 541
87 39 128
5 9 661
6 58 811
1 86 573
32 35 885
67 15 664
6 59 576
38 29 951
8 18 499
65 15 923
58 47 850
57 45 890
54 91 843
45 48 594
4 36 908
48 58 957
69 52 67
17 5 280
38 82 690
4 16 249
30 73 531
79 41 530
41 2 86
17 44 587
88 75 397
29 51 14
53 31 49
32 50 296
53 19 430
56 74 256
16 38 761
7 1 612
78 67 965
57 13 478
74 4 494
4 30 193
39 50 607
13 51 265
9 66 354
15 73 314
17 25 857
22 93 192
58 21 557
74 68 654
11 70 550
28 75 592
10 2 266
17 35 81
81 50 376
48 10 817
74 63 86
39 34 616
49 44 298
12 88 344
58 84 266
70 58 641
39 83 993
20 63 106
50 53 711
19 41 30
18 51 238
64 3 819
52 45 391
32 36 157
47 58 770
26 23 339
71 73 957
17 8 204
16 62 913
26 83 64
23 85 230
63 65 972
51 71 914
1 20 249
8 54 715
37 25 391
82 81 286
49 57 670
62 67 346
68 13 593
33 52 296
19 20 472
77 17 495
18 46 608
32 16 607
17 69 791
45 67 674
80 25 870
27 13 131
8 60 507
67 1 167
77 49 342
56 58 50
82 25 262
40 31 965
65 60 443
40 14 634
29 63 88
52 29 501
38 68 626
57 43 572
79 37 398
1 62 882
91 81 902
60 67 785
1 15 815
38 39 687
24 28 927
11 74 199
21 71 957
57 68 890
12 40 885
12 60 23
70 72 373
39 22 465
52 89 400
28 62 390
87 84 916
71 86 740
48 43 482
24 52 815
80 53 684
2 62 624
43 7 439
8 60 721
82 62 423
88 1 134
86 26 729
57 24 645
22 78 774
75 10 846
67 3 110
5 90 893
18 85 968
65 15 665
25 92 689
7 54 492
28 88 798
93 32 651
34 83 56
30 67 701
31 36 67
12 72 234
72 2 338
58 50 75
34 78 350
12 14 838
3 53 72
92 53 29
20 87 405
46 5 316
57 51 145
21 26 427
61 73 982
51 94 153
24 19 611
50 46 46
73 52 82
91 41 942
15 69 924
57 3 659
17 81 575
38 29 60
57 79 829
63 61 763
83 57 771
37 56 156
78 35 150
80 57 984
54 56 355
17 36 564
3 52 73
17 37 26
67 32 205
50 53 122
8 57 598
8 57 586
72 75 667
7 48 952
13 76 240
83 64 145
2 43 921
32 44 163
82 75 265
74 55 737
38 14 985
36 43 920
45 17 864
17 12 179
72 29 133
15 67 106
36 88 926
79 37 848
57 21 942
85 86 94
2 19 860
51 81 748
59 53 189
92 26 719
90 44 768
2 6 508
33 38 658
40 27 747
17 77 277
5 45 299
37 73 366
69 50 498
26 69 342
94 8 187
2 29 21
26 71 764
22 81 277
91 60 106
29 17 33
34 54 821
71 79 704
11 29 315
28 33 994
42 75 606
4 36 806
63 74 979
66 37 374
3 80 184
31 68 540
93 29 579
42 17 480
72 75 933
85 47 23
17 28 648
33 76 730
48 6 213
57 31 443
81 78 55
80 4 553
82 2 952
24 58 977
71 4 382
16 1 456
18 32 582
34 78 528
64 79 336
52 19 961
46 58 8
48 25 269
19 65 598
66 83 607
73 74 670
54 53 993
53 23 34
85 33 338
82 77 578
69 3 109
12 42 571
68 75 154
81 67 558
65 85 266
6 64 217
82 24 980
83 50 611
23 5 762
89 90 81
37 16 213
35 8 761
68 49 847
44 22 379
12 55 775
79 24 318
46 40 87
56 80 835
87 51 608
6 64 132
19 40 985
71 38 986
82 31 14
24 47 45
68 44 514
7 11 981
44 33 402
36 45 557
84 2 388
2 20 626
82 35 226
14 70 202
75 32 413
75 70 805
24 2 366
70 94 513
70 78 423
37 44 8
6 9 636
73 4 56
26 81 37
78 25 649
80 64 429
90 67 431
68 82 853
36 24 884
10 61 185
81 8 577
46 48 826
56 90 99
40 81 267
3 64 758
77 1 164
74 69 631
49 74 969
30 35 210
77 50 726
86 28 565
17 88 264
16 52 174
33 75 966
91 57 165
5 20 648
16 7 376
89 90 3
1 86 655
54 34 286
87 9 643
47 33 77
64 83 973
84 35 332
58 6 959
3 26 740
68 27 188
90 89 812
18 3 129
40 73 871
31 38 810
48 56 898
87 72 410
75 85 372
70 71 6
67 5 431
76 15 871
68 27 958
24 53 167
89 67 648
10 39 364
20 70 971
9 15 359
77 17 322
1 38 942
39 68 440
93 34 889
5 36 926
58 68 598
18 67 511
48 65 283
30 37 703
90 74 287
1 51 780
93 55 901
78 88 25
61 63 36
37 76 294
4 42 205
85 29 116
66 82 424
29 32 147
65 60 31
45 23 590
47 45 281
81 3 300
67 82 427
61 53 330
72 50 547
34 67 512
19 21 523
31 20 857
19 15 577
1 15 842
79 58 809
50 14 470
69 63 1
60 14 181
73 29 149
44 75 944
67 29 828
66 61 308
41 49 176
60 1 516
35 36 843
56 62 545
72 75 586
24 56 80
11 70 135
61 53 802
63 77 923
79 66 677
16 4 703
65 85 273
81 20 834
7 76 342
35 3 936
76 14 323
59 43 654
58 42 540
74 35 850
34 21 502
8 31 299
39 18 529
58 71 659
16 76 329
32 44 715
20 42 898
73 85 179
41 94 751
82 56 282
34 36 885
8 70 438
85 93 107
80 83 489
1 83 871
16 94 259
33 27 821
55 51 509
20 61 362
59 44 836
40 63 983
77 88 634
83 43 865
16 62 237
39 92 38
48 12 921
74 79 320
46 83 318
92 4 463
17 60 40
83 62 872
2 45 65
87 49 930
20 29 800
29 33 447
94 30 169
59 33 839
74 67 836
55 88 201
11 20 121
54 94 441
19 49 538
28 46 428
89 46 36
46 13 369
7 5 108
83 77 49
24 50 866
7 78 690
90 75 705
48 2 294
28 94 567
63 17 17
51 85 117
75 82 896
78 79 719
55 49 700
45 88 964
69 20 329
66 80 573
65 12 751
4 83 732
91 22 648
37 73 753
35 53 434
57 70 35
5 85 293
44 89 20
62 36 175
68 88 678
21 52 262
12 38 766
55 74 309
40 21 144
43 56 170
4 18 932
42 38 944
66 85 174
47 58 83
47 60 997
67 64 435
11 52 839
54 33 311
42 63 790
15 35 897
3 87 348
7 35 170
38 26 770
33 37 572
1 65 82
10 24 732
13 94 802
89 58 249
65 29 903
50 75 953
55 5 944
69 16 563
39 79 383
16 9 970
22 43 465
83 88 690
20 68 792
69 24 562
87 20 950
80 47 483
62 12 673
58 76 100
55 44 153
14 73 160
61 86 748
49 29 992
52 89 899
71 87 317
62 45 474
37 62 984
85 46 197
21 6 51
59 12 466
79 40 291
2 49 602
77 14 556
85 80 842
37 61 48
74 82 653
60 35 580
53 34 313
36 14 232
67 2 853
75 71 730
58 77 510
88 23 873
54 82 977
63 45 903
82 47 432
81 50 889
79 45 847
58 71 521
24 34 285
17 34 472
56 60 151
52 45 265
81 54 368
44 28 700
93 91 230
35 52 947
42 62 638
16 24 331
10 4 904
77 86 974
33 56 891
94 74 613
6 37 173
54 84 181
93 90 14
40 53 27
85 71 542
27 5 261
11 73 536
26 5 3
89 81 282
15 36 665
19 49 882
43 80 615
79 41 676
77 86 441
76 33 668
28 3 213
60 73 975
31 16 372
3 87 690
73 71 785
31 73 715
86 11 751
38 48 154
36 32 768
42 81 247
54 3 574
34 7 363
13 62 766
28 81 977
34 9 632
5 91 340
75 33 513
25 17 297
72 54 818
8 60 40
62 42 128
34 46 159
32 59 20
60 8 497
30 23 810
17 92 945
40 11 672
70 29 629
11 66 935
70 33 902
35 46 138
22 86 661
80 32 585
38 25 437
83 19 827
54 86 526
67 71 932
82 65 175
39 42 844
41 34 49
39 69 248
23 28 56
12 59 291
80 39 142
14 10 351
86 94 290
16 8 462
43 87 626
59 21 922
7 37 899
35 72 940
90 42 22
1 39 673
60 80 947
10 39 588
66 39 368
92 39 213
37 40 135
90 61 157
18 56 78
7 23 961
46 71 476
87 89 507
2 24 812
26 59 285
50 2 984
10 11 41
4 65 893
48 20 399
48 87 816
50 68 980
89 32 36
30 73 218
5 68 410
2 44 557
71 7 872
34 7 74
81 63 143
43 11 108
17 85 592
1 80 734
42 74 283
31 3 595
31 57 261
60 41 108
24 34 560
93 57 366
71 8 204
21 41 68
87 28 797
70 10 574
60 30 223
75 58 7
80 88 231
67 53 58
64 20 146
27 3 881
33 66 476
64 78 485
51 14 292
15 61 390
54 92 667
76 66 799
58 82 393
89 50 39
41 81 173
23 24 141
24 85 643
93 77 197
31 87 761
21 26 379
86 60 608
34 82 914
40 76 419
32 31 980
6 71 110
31 33 874
56 48 236
91 30 208
6 58 672
62 37 916
70 35 288
88 72 691
80 73 586
28 3 246
82 85 810
32 4 153
59 30 423
57 85 657
92 4 262
2 93 626
80 7 261
93 94 432
51 46 786
27 56 215
13 29 645
13 29 337
4 89 414
58 30 479
81 60 18
42 12 877
89 37 255
55 85 960
2 11 573
4 50 428
31 89 665
36 21 226
12 55 109
61 23 816
32 23 156
77 72 605
42 21 630
59 90 178
25 93 344
12 20 271
41 13 967
63 31 671
51 94 87
49 21 154
53 52 86
20 93 172
24 43 490
4 62 699
3 40 516
79 91 315
50 64 616
22 72 695
36 30 54
19 44 278
82 84 684
45 88 279
40 2 898
59 27 428
45 90 570
12 60 309
25 78 2
90 32 225
25 76 660
62 10 591
26 58 682
21 37 475
21 15 716
27 2 167
59 37 577
48 90 731
89 10 787
90 47 229
44 83 475
68 75 801
41 83 179
69 92 659
19 82 218
78 55 26
80 51 524
47 75 263
51 27 761
33 35 572
67 50 368
44 67 8
59 39 673
61 1 9
3 47 84
23 15 897
50 9 652
25 41 897
48 13 357
62 17 429
76 94 793
87 64 139
82 91 956
58 83 858
70 6 109
62 76 779
73 2 620
68 87 665
36 14 37
24 15 305
12 52 200
30 84 779
8 49 615
20 52 734
88 27 565
5 56 425
14 91 252
93 74 823
3 26 955
70 91 341
65 10 75
73 47 688
28 44 71
59 83 954
12 13 433
39 59 769
53 1 890
63 78 790
63 44 395
47 58 593
64 30 248
45 3 383
57 82 231
40 35 20
21 74 934
87 8 370
69 21 339
1 45 707
41 39 779
85 89 977
33 34 684
57 30 157
12 21 38
40 35 183
39 6 779
20 15 68
63 17 861
72 29 341
2 28 238
59 42 408
70 48 952
61 73 406
67 30 335
30 6 491
51 21 587
65 3 647
61 18 406
62 24 736
60 51 433
92 77 127
43 47 403
92 68 429
88 82 748
7 83 351
78 79 700
65 3 550
58 92 660
90 49 714
14 48 765
78 74 372
15 6 582
89 59 818
62 34 952
62 29 792
37 64 711
66 83 792
71 55 66
23 13 891
82 48 274
84 38 122
34 93 624
77 38 793
73 93 997
29 80 3
12 32 799
28 44 767
59 83 629
54 66 650
18 89 222
36 57 441
80 32 181
39 78 952
73 80 711
45 59 776
4 55 177
88 9 517
16 60 440
91 71 989
93 40 949
75 30 734
44 66 933
86 45 559
5 41 655
91 58 514
79 91 963
61 74 30
10 68 929
15 40 690
48 76 910
24 75 592
27 38 641
2 87 778
34 93 217
92 39 585
79 85 748
24 13 90
36 60 756
27 29 789
3 34 769
37 54 945
56 69 859
30 39 427
37 36 964
26 78 537
55 6 819
13 62 758
85 13 441
66 78 64
51 38 159
55 22 487
2 65 329
80 9 609
57 73 301
16 34 7
58 90 885
60 55 984
27 52 763
61 72 925
21 24 934
41 70 113
72 29 208
20 22 975
13 29 490
23 32 393
27 73 176
17 82 327
55 8 981
70 77 338
63 36 788
90 61 477
50 12 172
41 38 553
59 32 70
11 22 821
68 34 491
47 44 718
36 6 339
59 15 516
60 25 510
64 44 723
83 62 272
59 38 241
70 83 624
40 48 624
60 23 893
35 45 785
79 1 204
91 13 806
48 78 990
43 63 429
13 11 822
29 1 274
71 53 4
86 43 726
49 10 605
67 20 291
44 6 194
71 59 797
37 12 166
91 23 235
75 80 554
81 19 747
20 78 294
23 54 21
89 38 614
73 74 393
2 85 862
46 18 188
63 33 195
63 2 134
29 89 859
62 88 585
15 44 714
63 23 382
65 58 828
8 24 475
93 54 456
75 65 787
27 90 183
49 31 527
56 70 929
67 71 715
63 89 102
47 87 249
51 63 783
89 91 569
62 71 879
52 59 927
17 6 364
50 47 650
89 64 64
88 12 13
44 33 678
78 93 874
81 72 483
84 82 125
56 86 446
61 69 463
20 42 470
73 88 687
5 6 165
76 23 591
63 85 779
22 35 543
93 71 713
42 38 927
58 32 735
63 90 227
27 64 768
18 44 157
68 6 474
27 7 972
37 75 573
89 9 466
20 8 84
18 27 921
39 25 18
93 89 972
94 13 743
52 11 318
16 34 19
78 53 68
3 89 171
5 32 978
27 74 987
81 37 640
66 39 512
64 86 419
18 22 979
79 92 906
94 66 156
33 22 759
55 52 311
39 85 639
13 82 229
42 10 700
84 5 934
18 63 422
56 24 7
3 56 114
94 46 328
24 84 927
85 76 345
26 25 913
86 14 393
84 13 610
48 64 907
49 67 803
84 43 229
44 50 639
25 64 589
41 76 38
94 10 486
88 29 663
21 92 852
90 78 807
72 67 161
21 65 826
49 21 895
19 22 746
81 31 89
17 68 322
4 89 664
28 11 194
84 30 573
75 14 69
29 68 804
63 57 876
27 94 343
59 37 233
22 37 563
56 81 41
87 80 233
87 21 992
49 60 110
65 13 90
76 85 956
51 79 75
17 2 887
20 1 790
43 46 293
16 34 463
21 58 233
53 54 665
42 78 968
75 71 509
27 52 793
75 87 151
6 61 218
42 70 358
2 27 990
72 74 253
36 85 709
37 22 224
64 56 958
52 43 595
88 69 36
65 73 687
17 77 682
37 86 337
27 31 746
70 45 659
66 68 727
64 78 368
4 38 250
19 7 525
34 62 583
20 80 706
13 68 24
51 6 967
82 39 466
77 30 85
2 29 946
21 68 862
42 62 412
68 92 352
38 49 735
76 92 600
74 55 161
82 43 345
22 14 942
56 32 658
80 50 801
43 71 401
47 51 697
24 38 576
8 78 483
31 79 499
90 32 880
18 54 996
48 91 686
24 9 662
72 28 409
89 15 388
17 47 40
67 29 925
6 16 710
59 6 461
29 77 692
70 2 5
49 50 294
57 16 781
25 28 364
78 28 95
15 81 13
44 64 219
41 69 507
24 17 361
12 64 993
18 87 114
70 10 405
49 18 718
91 87 472
86 27 699
91 89 448
35 15 751
71 67 317
36 60 201
40 71 967
13 36 183
22 82 317
87 65 314
34 61 224
88 78 795
32 58 472
83 66 295
47 52 794
37 94 13
28 54 506
48 89 18
37 12 481
13 79 869
56 71 125
6 74 464
3 62 516
17 67 438
64 48 626
11 82 1000
21 22 748
87 75 793
5 43 873
4 18 828
15 12 923
40 94 749
61 66 458
52 51 210
4 69 900
72 94 970
21 57 559
24 56 375
65 2 84
18 31 868
91 47 123
7 43 723
10 53 351
82 38 990
79 11 798
24 63 851
44 24 288
88 14 617
54 22 831
63 7 439
15 76 110
9 14 218
11 29 73
67 37 825
27 58 870
70 4 197
29 55 942
88 67 159
14 54 480
26 20 320
90 69 706
7 46 436
26 54 387
11 62 714
30 17 107
59 1 418
27 92 33
12 31 768
35 25 280
54 93 701
49 60 261
74 37 772
16 32 374
72 71 58
6 80 232
47 90 341
22 29 919
78 80 710
13 11 780
22 85 713
91 52 441
85 89 255
22 34 382
62 75 347
23 58 893
35 33 58
92 43 856
44 11 935
57 58 686
18 73 947
44 42 429
22 7 458
1 83 959
62 88 288
71 51 164
62 86 771
29 64 724
74 55 630
56 15 785
85 94 226
22 83 66
27 39 499
50 32 199
49 45 262
91 31 443
23 41 712
22 11 624
7 40 46
26 38 294
72 15 919
91 74 63
84 13 698
22 32 127
87 59 225
21 29 950
10 80 595
82 36 205
87 9 550
58 37 388
16 4 884
59 31 675
32 36 364
91 52 171
15 2 824
71 14 86
57 92 126
44 80 158
36 16 342
55 66 114
21 87 379
76 80 260
91 9 1000
57 83 171
94 12 422
17 59 552
46 90 709
11 74 266
12 70 829
15 55 450
39 34 349
25 10 53
49 70 914
6 82 625
92 41 229
35 74 243
20 36 190
19 40 52
7 75 930
67 57 627
9 10 806
94 20 667
84 82 970
75 14 861
17 12 964
90 72 606
40 7 923
28 53 902
64 28 220
41 49 407
17 39 497
50 66 35
35 83 80
60 14 231
60 42 377
53 70 346
56 13 227
18 5 380
73 83 896
33 17 161
63 85 123
32 33 960
51 29 948
49 33 344
17 66 334
26 45 665
10 46 239
49 54 474
33 73 898
78 41 111
49 93 240
62 78 129
85 5 30
3 39 54
72 86 432
81 32 868
2 54 309
73 35 596
32 41 112
53 79 853
11 72 807
85 19 585
36 9 968
60 83 772
19 65 839
23 68 456
56 10 372
51 76 199
61 86 720
47 9 137
80 72 248
7 63 18
1 4 65
33 9 852
70 24 509
83 36 389
43 59 918
37 64 495
35 13 789
83 72 585
77 8 790
65 39 198
82 88 787
85 50 888
52 78 331
65 9 188
18 57 516
11 55 434
56 62 487
14 28 449
30 83 542
51 34 680
31 38 703
33 4 803
19 79 364
17 18 700
5 19 874
27 10 893
22 64 134
11 67 225
71 56 938
71 19 147
27 70 284
83 63 193
81 5 545
68 25 825
57 67 429
29 17 969
56 53 720
73 31 543
36 12 821
19 65 562
47 92 45
1 61 789
29 51 463
8 45 897
10 14 967
23 82 763
40 26 980
89 30 617
33 80 786
10 5 874
19 18 22
34 10 17
84 39 571
82 75 150
63 94 349
45 90 829
37 60 732
7 29 800
27 23 539
34 89 89
50 20 744
80 13 801
52 31 796
52 37 453
4 62 669
18 9 47
52 93 282
3 88 958
46 12 745
88 74 369
30 78 395
53 5 573
35 39 887
27 57 805
23 65 887
79 11 840
3 70 256
12 90 151
88 37 497
92 24 453
9 87 859
6 35 881
93 74 702
58 18 621
70 12 260
39 12 28
6 81 880
33 74 28
42 9 720
40 36 736
75 26 303
80 23 985
85 79 34
64 56 478
75 22 21
29 4 639
65 83 115
29 87 134
14 82 809
68 41 86
34 94 83
58 38 874
4 17 17
28 6 988
56 5 218
86 45 453
4 45 384
12 84 713
23 68 653
30 61 313
27 16 670
88 26 616
80 56 418
63 76 776
87 2 918
68 49 166
15 60 214
31 54 409
75 30 746
14 10 138
4 75 936
81 56 790
23 9 288
88 83 208
30 2 389
32 85 856
88 23 377
87 56 334
52 35 356
51 66 461
6 70 624
88 56 419
12 74 175
27 57 397
18 81 726
77 45 101
52 2 232
10 53 921
93 75 462
30 73 813
52 75 798
6 91 669
29 59 632
20 86 993
7 26 914
77 34 380
71 25 668
67 80 232
50 1 62
35 24 559
21 82 660
76 20 91
14 36 954
86 76 934
26 16 631
16 70 85
56 79 394
67 72 89
71 91 404
55 41 260
20 16 508
25 59 666
3 83 718
85 35 403
16 28 897
66 82 631
67 60 255
66 8 933
43 39 128
56 13 160
37 76 508
49 5 341
89 77 44
88 70 237
63 43 671
91 84 78
66 9 20
35 25 206
94 49 690
38 86 361
93 50 465
41 77 107
45 33 606
10 38 651
16 27 878
14 3 869
6 66 430
51 5 190
72 38 336
88 82 298
21 1 436
93 34 468
62 34 792
51 54 855
4 38 978
82 87 235
11 83 295
59 88 111
21 47 99
74 78 433
65 26 531
59 35 178
31 49 744
77 22 612
49 73 550
56 44 53
85 68 529
61 48 275
58 26 644
35 77 297
63 41 566
23 3 862
84 83 500
89 11 607
6 68 591
34 77 222
10 52 120
6 53 962
72 35 972
46 19 902
66 18 242
28 60 601
14 87 156
40 27 691
9 1 824
77 48 501
32 65 239
3 65 592
58 26 862
69 45 908
80 23 387
90 25 87
34 74 766
73 29 449
88 53 72
39 63 982
77 52 976
17 84 153
17 2 63
32 63 629
28 24 242
72 19 127
18 84 983
31 12 380
74 34 493
61 57 869
38 92 287
19 52 352
46 70 961
20 79 357
87 5 443
4 43 798
50 51 932
8 79 524
76 12 316
14 41 952
16 26 952
42 30 295
5 78 131
63 12 487
70 73 302
56 17 11
17 32 128
18 91 450
65 23 458
53 64 300
37 47 740
75 23 458
78 2 671
54 79 12
46 72 956
36 33 415
23 93 911
39 47 847
1 41 91
76 26 785
42 59 77
83 27 396
84 85 506
31 29 29
77 24 196
50 33 630
29 84 875
1 67 571
63 50 694
69 59 979
73 42 951
63 46 19
16 68 829
72 54 874
70 54 465
86 88 707
5 9 661
21 57 955
82 9 583
63 94 639
43 70 453
70 60 145
9 75 380
36 21 77
55 43 21
77 28 383
68 24 123
43 34 961
54 60 306
65 84 298
59 88 543
15 46 476
13 63 348
49 75 320
14 3 393
64 88 736
80 91 859
82 7 592
2 13 2
10 31 554
56 13 567
56 15 324
85 89 813
34 75 118
75 89 545
67 69 90
46 63 322
67 51 356
22 9 908
54 37 771
59 51 153
89 16 39
50 56 105
28 86 445
36 71 565
13 29 219
10 57 620
16 60 968
80 74 756
60 22 648
18 45 636
54 71 986
40 66 59
3 42 344
25 94 53
60 76 633
76 74 721
60 46 613
28 72 289
65 20 952
18 40 151
5 17 280
30 21 936
9 32 770
90 3 612
21 8 58
45 80 331
7 12 72
35 71 172
68 8 727
31 88 417
44 25 801
73 5 418
31 83 375
55 9 79
66 13 457
13 8 228
30 47 406
52 9 847
56 44 156
39 22 587
32 17 810
92 6 86
68 84 680
59 1 763
3 63 522
61 10 537
25 65 854
63 52 965
82 70 662
72 78 533
26 8 322
63 40 796
63 31 402
36 14 400
28 77 742
30 76 338
51 22 384
6 67 910
25 59 453
12 76 731
14 69 287
36 4 889
71 50 325
66 8 914
93 19 700
91 52 274
14 61 672
7 47 449
47 82 749
40 53 411
52 1 661
18 68 889
28 24 825
16 61 855
37 40 304
59 17 421
15 73 129
27 75 930
94 52 571
14 54 180
70 24 887
66 6 340
69 82 517
64 4 870
68 48 882
76 23 492
16 32 316
27 80 326
68 54 746
24 40 345
27 12 278
13 57 587
15 43 982
47 16 341
77 10 191
40 56 126
85 25 860
46 18 148
70 66 185
10 11 144
87 75 931
52 54 368
47 55 653
75 82 856
62 26 611
14 22 873
30 39 557
14 46 770
52 59 405
55 32 402
75 69 97
46 69 289
78 50 507
26 23 876
78 33 177
40 72 268
28 31 326
40 49 850
77 57 967
77 19 567
22 93 8
81 60 643
75 68 686
25 66 413
22 76 340
16 64 899
92 39 117
4 22 938
60 16 714
25 53 365
48 54 656
83 76 251
50 66 748
14 70 673
78 76 175
45 89 541
56 92 249
71 85 749
82 90 696
5 52 358
6 87 171
13 18 29
37 49 147
55 19 865
11 5 226
87 62 38
91 44 243
41 80 236
56 57 723
42 90 684
15 90 99
82 92 236
35 85 53
73 67 546
9 27 321
93 78 902
57 20 6
84 52 523
72 53 550
61 27 881
78 51 339
6 87 61
9 85 304
76 18 731
18 40 848
22 5 795
31 94 999
88 10 183
45 62 624
30 46 830
68 14 807
90 75 760
5 94 423
88 43 396
83 45 101
37 77 665
78 77 496
75 70 201
82 16 954
54 69 453
13 41 645
8 18 45
80 7 849
26 70 371
20 63 978
57 87 3
38 84 919
62 82 978
92 32 269
51 35 750
24 16 598
2 87 145
63 91 296
56 6 315
42 71 123
5 47 567
83 26 257
20 32 836
70 71 824
70 69 412
69 92 103
85 67 667
16 79 747
40 74 306
76 61 477
70 3 726
49 80 801
26 8 783
19 91 777
11 42 677
28 39 580
81 56 206
17 69 43
70 23 562
48 8 953
66 34 664
6 75 624
1 43 641
71 78 985
41 46 379
58 10 268
56 72 690
84 68 304
15 37 311
2 71 685
41 25 940
90 35 460
63 28 767
28 37 855
46 5 2
94 73 14
24 51 983
72 46 272
21 3 20
60 10 465
15 64 352
71 9 29
15 23 812
90 73 752
62 72 22
8 38 16
41 19 251
84 70 754
63 19 752
26 6 516
2 54 225
53 43 404
6 31 727
82 52 378
36 60 615
84 14 382
92 11 342
45 61 521
32 35 560
29 59 642
85 56 86
89 92 294
82 53 692
65 17 168
69 70 890
82 54 896
24 62 19
54 63 607
69 5 570
21 68 463
48 39 856
74 58 680
56 35 540
18 77 422
31 79 288
54 86 865
40 85 786
11 34 702
14 71 229
4 10 991
60 10 3
62 48 269
14 34 426
63 29 690
45 36 369
85 57 53
49 75 399
27 9 38
68 4 314
51 77 160
93 64 622
32 71 692
78 29 226
15 43 733
51 76 853
94 37 550
88 13 592
28 29 281
21 31 112
5 79 747
4 72 19
94 8 417
5 68 651
3 88 637
38 92 725
44 22 846
49 54 484
42 8 760
62 28 764
37 58 931
11 43 195
23 1 359
89 62 888
33 19 760
10 62 827
44 4 145
28 72 38
92 58 671
46 53 418
44 53 474
78 31 392
58 67 204
37 16 754
63 60 989
19 22 85
72 82 804
11 66 748
4 73 459
83 15 121
26 39 394
5 7 899
66 84 581
30 7 823
46 33 602
50 82 753
34 28 433
60 45 92
40 38 819
8 63 177
89 55 88
5 20 184
29 39 566
43 61 550
85 55 638
18 25 754
40 81 384
31 52 81
72 10 215
64 19 997
79 85 206
83 47 106
56 46 542
41 4 523
34 81 492
67 65 509
66 51 111
22 58 296
79 81 882
9 23 358
13 90 235
70 10 533
17 16 713
34 20 924
78 63 956
84 79 327
79 21 968
88 9 702
68 35 724
32 90 151
47 77 111
35 55 890
73 87 315
61 68 339
45 4 187
40 32 905
43 84 374
17 65 50
5 44 262
5 14 502
5 27 317
47 80 101
6 34 848
82 58 886
93 45 727
3 41 451
24 81 723
45 53 253
80 78 705
86 31 273
76 60 793
67 48 391
71 83 549
54 35 773
11 92 379
88 55 60
4 71 64
45 75 687
12 91 300
1 82 234
6 72 423
47 94 59
77 37 343
38 49 502
51 9 849
66 22 923
59 32 720
59 24 933
32 27 362
86 24 672
7 49 103
89 88 617
30 76 412
37 34 730
13 8 570
22 26 533
75 35 97
10 56 804
46 86 273
29 49 986
12 45 406
28 11 700
39 14 776
23 38 530
10 93 19
1 65 733
19 62 478
9 41 749
91 23 14
25 7 658
41 75 471
37 54 140
21 30 59
61 85 254
73 63 241
24 86 402
77 89 798
58 23 105
27 45 8
40 94 404
28 47 556
18 65 797
85 24 312
60 88 414
83 86 107
79 5 893
41 37 836
78 52 852
31 25 164
57 78 421
32 64 413
21 89 521
76 26 116
10 45 957
48 28 417
81 22 110
11 61 59
89 40 0
15 50 873
79 72 801
51 34 364
89 71 175
15 17 944
23 75 222
59 4 350
22 40 934
71 46 285
31 56 88
80 62 816
65 11 501
35 80 850
85 32 443
23 14 733
28 94 832
31 12 482
40 47 292
31 61 326
48 40 792
48 67 912
26 21 532
76 34 974
35 39 622
92 28 282
82 15 736
10 67 832
59 6 593
34 74 334
53 85 409
31 85 384
65 88 417
36 25 530
57 63 851
1 78 789
61 9 690
83 18 911
17 53 429
53 50 231
23 9 10
44 26 563
11 87 831
15 87 545
52 71 69
25 44 622
34 23 276
49 70 545
52 67 48
70 38 220
85 9 654
86 65 760
76 84 653
58 47 975
18 11 573
19 92 292
11 9 645
35 25 235
17 15 708
44 63 372
7 62 184
31 89 462
69 84 809
59 69 903
16 26 947
28 43 166
15 17 271
24 3 526
24 88 675
70 8 740
1 44 73
65 58 40
9 83 786
19 92 698
77 73 48
13 21 988
94 43 997
48 38 879
46 87 910
75 47 631
47 73 371
93 4 349
53 27 839
37 45 666
44 45 195
51 81 787
92 60 76
63 12 822
36 27 590
33 2 376
58 46 993
77 76 124
37 82 797
28 54 914
72 28 1000
45 36 929
73 31 738
87 5 714
68 22 640
4 10 115
17 5 889
74 17 117
89 15 519
24 82 310
81 79 216
43 86 801
85 69 899
60 20 384
53 83 760
14 72 495
51 92 985
49 29 769
34 5 380
66 90 177
55 71 885
55 37 170
1 92 521
14 4 542
30 49 484
41 53 934
20 48 841
76 28 331
13 89 24
6 28 144
46 64 843
56 76 170
67 12 856
65 88 143
90 12 218
48 78 464
80 40 426
49 37 275
68 35 383
39 73 555
27 23 322
27 5 476
42 73 274
21 34 878
70 75 815
43 34 618
47 76 154
43 81 384
16 57 533
78 91 850
59 42 410
79 46 350
80 33 575
26 76 927
29 61 511
20 81 893
25 83 767
93 72 401
34 18 550
7 63 595
49 65 482
77 65 463
54 77 67
10 5 993
58 82 207
91 57 177
55 70 686
69 72 744
75 34 517
52 86 427
87 55 702
51 59 699
12 83 265
16 89 675
81 79 763
93 33 876
51 23 916
56 57 68
38 21 698
20 26 112
16 69 895
8 23 75
43 77 669
32 26 232
48 11 39
13 22 896
2 42 943
94 63 377
13 75 494
81 16 898
89 51 310
18 56 231
57 66 651
91 48 821
14 28 621
2 79 434
36 30 495
27 94 692
69 83 786
42 79 477
46 93 484
72 66 549
59 70 392
37 59 743
67 70 981
35 32 665
20 24 380
6 36 422
93 7 972
62 24 648
30 70 798
11 75 230
66 59 715
82 90 645
37 70 985
72 22 299
24 25 262
24 7 650
88 51 767
13 7 127
85 67 216
92 59 12
67 61 6
72 68 502
11 36 657
47 42 299
91 37 538
54 73 428
87 37 972
80 61 644
12 40 913
62 28 162
35 83 289
30 11 846
7 80 134
54 75 121
57 69 893
2 49 903
24 5 710
39 82 779
71 87 740
91 53 942
50 14 414
61 1 620
58 65 41
46 58 358
32 93 553
65 8 446
84 92 163
24 22 915
73 80 467
87 54 651
39 3 743
8 9 228
19 49 467
14 12 670
82 44 91
24 65 112
4 86 372
15 31 867
15 17 493
63 62 955
77 94 404
47 72 515
91 81 889
83 56 691
23 94 782
41 2 15
59 84 364
74 24 29
91 24 118
72 63 280
39 23 824
22 15 480
75 70 892
64 48 289
76 51 378
10 49 281
20 94 310
46 80 252
13 35 171
79 48 596
86 67 405
38 43 628
44 2 824
15 12 299
87 89 638
70 88 725
86 1 295
71 58 559
85 76 576
55 66 455
9 8 58
24 40 14
75 21 988
37 35 137
44 17 233
87 93 23
49 40 533
48 64 896
70 23 876
43 90 127
41 25 584
14 34 891
39 33 606
27 74 306
35 10 317
77 2 170
78 24 981
36 69 117
31 86 410
80 68 387
35 18 142
18 33 855
67 43 401
6 63 920
72 25 247
77 87 370
28 16 970
66 68 965
26 31 301
38 74 849
2 15 451
32 6 786
13 44 226
3 66 425
13 76 92
67 28 589
24 45 449
17 25 374
34 1 959
91 93 718
83 20 327
36 64 435
87 65 416
18 64 447
5 70 460
93 59 533
43 28 721
63 68 937
76 53 976
90 9 929
12 54 374
3 87 882
12 63 819
65 13 9
1 12 453
42 41 630
50 55 189
71 93 970
61 8 330
31 62 372
14 68 132
60 27 573
1 82 387
22 61 959
12 45 35
83 15 318
91 88 542
17 80 975
64 44 480
22 11 144
67 53 132
36 61 935
24 74 858
77 9 248
24 26 484
68 40 903
58 77 516
31 87 218
7 64 663
80 25 286
47 61 128
39 64 468
50 57 465
55 59 209
79 89 860
75 91 386
92 32 891
40 74 311
47 39 856
33 79 131
63 46 191
54 90 815
37 66 593
1 66 876
94 39 363
8 71 665
5 4 681
18 2 559
51 58 304
40 9 313
6 8 28
17 5 584
29 82 703
11 25 194
86 59 736
23 57 604
34 64 539
1 2 38
87 90 250
23 19 329
61 41 542
87 54 168
66 72 592
17 48 505
91 94 357
89 59 201
47 29 10
45 92 423
33 9 945
41 43 443
6 80 104
36 16 108
71 11 704
4 22 195
19 69 243
56 80 16
47 45 198
1 55 262
50 70 543
38 8 287
42 73 291
81 88 720
81 56 820
81 78 588
30 53 421
65 29 812
53 64 412
92 51 762
25 65 394
20 44 407
71 29 839
33 74 890
37 55 860
3 29 878
42 43 707
82 50 494
15 60 728
18 30 722
60 21 772
79 15 678
44 40 153
7 10 969
4 80 184
26 18 693
51 39 489
39 84 775
67 3 932
75 38 105
78 56 550
71 75 833
58 23 125
69 82 597
53 7 680
60 80 74
83 24 131
78 42 637
81 46 614
55 16 296
16 32 934
68 20 255
83 94 744
31 17 918
20 75 9
76 45 360
49 50 164
45 37 963
60 9 410
89 5 963
86 30 195
26 80 200
11 50 137
25 87 349
43 37 367
69 80 702
48 81 267
61 24 896
21 88 374
79 13 49
76 20 532
86 8 898
9 64 649
19 74 598
39 64 591
79 25 860
79 44 529
32 65 88
43 65 1000
70 72 857
82 29 713
25 51 91
49 7 64
2 79 102
58 22 285
7 69 719
51 47 44
45 85 789
3 87 372
31 24 108
55 52 821
44 48 594
52 73 319
4 76 364
70 58 657
28 71 959
23 44 67
50 67 181
78 52 32
25 3 843
43 71 995
27 68 253
86 74 233
78 74 22
81 1 225
53 85 191
30 78 414
35 49 121
94 21 466
76 8 548
15 18 279
82 63 850
60 34 436
42 61 35
14 22 635
87 92 118
81 53 850
90 15 977
71 26 449
4 76 195
26 91 452
30 10 147
25 5 926
35 15 239
66 64 164
36 53 935
34 12 47
94 77 350
59 77 277
43 86 674
69 46 586
78 47 361
20 81 540
53 42 593
2 18 743
20 8 772
79 93 823
17 7 872
17 94 915
78 6 900
17 36 76
84 48 292
16 14 428
43 13 442
41 57 771
87 42 276
29 61 536
20 93 742
55 93 94
65 17 283
89 20 699
10 87 1000
6 20 551
19 71 123
90 41 914
7 83 893
25 83 367
73 67 556
75 38 726
45 22 111
6 41 75
31 16 427
67 40 702
40 56 996
51 11 215
50 43 237
22 19 835
79 84 126
19 75 10
66 42 679
34 52 486
51 13 594
89 42 788
1 27 490
9 30 680
70 1 985
72 11 43
8 26 512
31 76 513
18 50 180
86 71 393
50 76 18
35 42 304
25 55 346
12 27 875
62 77 948
11 63 120
28 50 805
61 45 613
38 77 386
82 57 365
20 42 179
73 20 786
44 26 792
94 54 649
70 69 679
30 78 654
77 36 432
39 88 666
8 50 52
31 59 834
92 23 285
19 43 850
38 82 709
63 39 122
35 12 300
4 46 976
56 12 703
8 18 197
87 7 566
26 38 920
78 57 548
85 2 882
20 90 301
56 63 747
89 91 38
71 81 496
53 11 560
63 54 423
9 4 778
14 53 947
85 90 336
8 75 238
34 72 572
22 84 580
26 83 361
47 53 708
78 3 209
18 57 793
10 84 737
73 16 28
27 63 983
47 60 107
56 40 841
66 70 596
60 29 639
31 92 290
59 32 830
45 26 369
59 14 284
83 62 451
32 34 736
23 8 297
48 42 162
36 59 454
53 81 462
3 11 95
72 75 794
18 82 267
73 67 372
40 10 676
83 11 560
79 55 121
18 24 343
67 24 4
78 70 81
10 92 612
15 57 663
59 28 501
63 32 558
59 37 249
73 5 80
66 43 663
71 9 486
81 3 116
12 79 339
5 49 989
71 70 943
28 66 377
69 11 970
34 74 728
43 55 711
4 9 587
32 58 708
63 79 49
13 51 593
68 45 213
12 63 979
67 30 844
15 54 356
11 55 520
20 21 906
58 9 650
2 63 615
37 68 309
13 56 929
18 61 168
35 8 132
30 53 11
23 33 853
79 83 674
15 61 434
52 61 426
73 57 278
22 41 587
74 89 88
41 48 840
77 88 684
82 83 430
84 19 252
53 39 854
58 49 571
87 45 966
61 8 23
11 92 442
82 21 690
66 59 122
53 18 950
85 62 422
14 48 847
14 30 324
33 78 898
75 48 325
77 9 260
54 56 65
52 23 738
44 37 756
29 72 232
60 70 550
16 90 934
21 53 165
36 11 211
7 42 303
60 78 253
47 68 395
17 31 599
87 35 549
83 59 326
85 48 23
89 86 722
33 67 46
32 12 60
57 74 498
0
