30
9 49
9592908 6178146 14297905 7494930 8343339 17896971 6196616 3604616 11708470 
1 2
3 2
4 2
2 5
2 6
7 4
5 8
9 7
47 47
9446481 13784610 10618920 10288329 13420359 9996349 3172200 9418804 10223392 5794397 7088356 18910786 6001017 7644842 19174572 3999838 11061816 8088874 16002797 1743329 18099852 4130503 19525728 5320742 14125461 19373625 17879434 12510162 5605886 9834284 8855629 17948901 15987203 558545 14806998 14025331 2301170 990802 14435503 12061187 5970370 14376656 6448633 4505973 8014009 2078977 19676189 
1 2
2 3
2 4
3 5
6 4
7 6
8 7
7 9
9 10
11 9
12 9
10 13
10 14
11 15
12 16
17 12
18 13
13 19
13 20
21 16
22 16
23 17
24 17
25 17
17 26
27 20
21 28
29 24
25 30
31 26
26 32
28 33
34 31
35 31
32 36
37 35
38 36
39 36
36 40
36 41
42 40
43 41
42 44
44 45
44 46
46 47
14 8
17329346 19414350 19969827 3267182 178488 9438286 16535960 11416267 4576193 4066098 775861 14518654 4686713 15145285 
1 2
3 2
3 4
3 5
6 4
7 5
8 7
9 8
10 8
10 11
12 11
11 13
14 13
50 45
10125319 3211277 3868792 16255738 18170742 11448467 3868169 5793302 8758087 4237322 8524653 14621075 58110 13313013 12115945 3080860 19638087 7164036 6381748 4289595 4000833 7714212 953278 5931825 8801821 16752399 16452156 7822681 17696319 5588948 6135387 18173893 4208968 13668231 1434188 408762 6153449 625234 11729518 11065861 15860697 1785909 11221065 15285970 16068456 1421125 1624027 19980488 1829552 2144147 
1 2
2 3
4 3
5 3
6 3
7 5
6 8
9 6
6 10
11 7
12 7
7 13
14 9
10 15
13 16
13 17
18 14
14 19
14 20
21 15
22 17
23 18
19 24
20 25
20 26
27 21
28 21
21 29
30 22
26 31
28 32
33 28
34 28
35 30
36 31
37 33
33 38
34 39
40 35
36 41
39 42
41 43
44 42
42 45
46 43
47 45
48 46
49 47
48 50
28 32
12641401 3643306 19729587 19685592 2788914 9982100 4528545 6048500 2892898 11552741 10316610 7055054 1087913 850760 8937217 4382253 15920139 17406167 6004097 19278217 19953528 10314712 15303260 5607350 14366021 8344450 16503534 8325751 
1 2
3 2
4 3
5 3
6 3
5 7
6 8
9 6
10 7
7 11
8 12
13 8
9 14
9 15
9 16
10 17
18 15
16 19
20 16
18 21
18 22
23 19
20 24
21 25
26 22
27 23
28 25
9 0
296889 12484954 3404569 1192028 4622961 7372431 16712185 2880985 12034754 
1 2
2 3
4 3
5 3
5 6
6 7
8 6
9 7
9 10
14070999 7169951 5458644 3747284 1136670 17515490 17026135 1042680 3274017 
1 2
3 2
2 4
5 3
6 3
7 4
8 5
9 8
37 49
14275341 9598664 2577231 4599441 13470918 16790918 1539545 4996154 17813246 3932824 8674978 12321302 2484443 10565951 3117776 17921538 17694273 11336681 11657328 1963083 18639553 3278016 1641244 8298283 3238949 7343776 16780363 4766414 9993656 18114960 17204147 2464499 16547495 4587334 10682320 12145276 14367773 
1 2
3 2
4 2
5 2
6 4
7 4
5 8
9 5
6 10
7 11
8 12
13 9
10 14
15 11
16 11
11 17
18 12
19 13
16 20
18 21
22 19
23 20
24 21
21 25
26 23
27 23
26 28
27 29
29 30
31 29
32 31
33 31
32 34
35 33
35 36
37 36
45 47
17148875 16810597 11162621 16446795 18066130 19397369 15537862 14856215 18348984 16749561 8887960 19445737 5590801 17209132 5968731 6899295 12416005 8628528 14352370 19744626 11543434 14464538 18382496 18016412 6649639 11061905 9587524 16043673 6367023 17716690 6783993 1253989 2364104 15094109 2655527 15971188 12376122 620631 14658440 5895444 19503518 13368971 9314528 3736311 17411609 
1 2
2 3
4 2
3 5
6 3
4 7
8 5
9 6
10 7
7 11
7 12
13 9
14 12
12 15
12 16
13 17
13 18
16 19
20 17
18 21
22 18
19 23
24 19
20 25
26 22
22 27
28 23
29 24
25 30
31 25
26 32
26 33
34 27
35 27
27 36
37 27
38 28
39 29
40 29
41 37
42 40
43 41
43 44
45 43
43 14
4369397 544041 11882898 19962167 15027869 13276993 8833249 3079739 799639 12752603 6118695 18614074 16582989 19112054 16969964 270333 7681091 6254036 5320171 4536204 14347543 18896686 9862861 7470850 5030220 8318250 17706053 8635986 19291741 6411166 17033848 10260611 9163772 18863778 18742411 5995486 15047594 3597438 11495164 5981833 6347514 10944365 939229 
2 1
2 3
4 3
5 4
6 4
6 7
8 6
9 7
10 7
11 8
12 8
12 13
14 12
12 15
16 15
16 17
18 16
16 19
17 20
17 21
22 19
23 19
24 22
25 23
24 26
27 25
28 25
29 25
25 30
31 29
29 32
29 33
30 34
32 35
33 36
37 34
38 36
39 36
37 40
38 41
42 39
42 43
27 19
12096532 17988334 16418284 487560 5898338 7943521 1525596 11377949 2802253 13394415 15483397 2604319 18329391 8572044 8320531 15896970 9336483 11487945 5067346 10133370 18113586 14194306 12401110 19196391 9461636 7590964 16800637 
1 2
2 3
2 4
3 5
3 6
3 7
4 8
4 9
5 10
6 11
8 12
12 13
14 12
13 15
16 14
17 14
18 17
19 18
20 18
19 21
20 22
23 21
22 24
25 22
24 26
25 27
11 45
10147522 15128534 19264028 2238927 18591649 945260 11663512 5544884 8137814 15679864 13164193 
2 1
2 3
4 3
5 3
5 6
5 7
8 5
9 8
10 8
11 10
49 34
6624590 11528974 12263611 16290886 6797734 11413765 2657106 2374115 2712767 14640592 6963478 7366819 2669336 7214266 7660480 1031908 2859736 16146349 6029703 8104749 1836167 12966937 15909448 18343828 10364892 15727191 5788787 13141365 17298046 15171508 19010497 16050974 8649475 5152181 10989431 15775688 18075842 2000157 19571442 10971284 11841205 1614537 968187 15676897 3435977 7259294 1797286 1729871 12682321 
2 1
2 3
2 4
5 3
6 4
7 4
8 4
4 9
7 10
7 11
12 8
13 8
9 14
9 15
13 16
17 14
14 18
19 15
20 16
16 21
22 16
17 23
24 18
19 25
20 26
22 27
24 28
29 26
30 27
31 27
32 28
28 33
34 30
30 35
36 31
37 31
38 31
39 35
40 37
38 41
38 42
38 43
44 42
42 45
46 45
46 47
47 48
49 47
23 4
7393583 10953661 16693957 17636071 16564957 17087444 7893715 7368948 18376472 17119648 7255904 5029807 1383242 7171656 14043225 1991963 2270758 11674460 8918925 18072528 6508440 6177651 5991006 
1 2
3 2
4 2
4 5
5 6
7 5
6 8
6 9
6 10
11 7
12 10
13 11
14 11
15 14
16 15
16 17
18 16
19 16
19 20
21 20
20 22
23 21
50 11
3602622 18331894 10497257 12621080 3295050 6953770 4754092 3601763 3898765 18269560 6474850 3602681 19334031 14733787 7843543 7065022 8057109 3943443 6504909 7047611 16484724 13312200 18519753 16854466 5881101 19284717 8775614 17835856 2600170 8801473 10898065 5516008 4491803 10690566 10251083 9590756 10148106 4874038 12537452 2659968 10324715 2789660 2443270 949322 19724038 6710694 13653387 12844758 9571671 10508389 
2 1
2 3
4 3
5 4
5 6
7 5
6 8
9 7
8 10
9 11
9 12
13 12
14 12
15 13
16 14
14 17
17 18
18 19
20 18
21 18
22 20
23 21
24 21
25 21
26 21
21 27
21 28
21 29
30 26
31 26
28 32
29 33
29 34
29 35
36 30
37 32
34 38
39 35
36 40
37 41
42 37
43 37
44 39
42 45
43 46
43 47
44 48
45 49
50 48
48 19
4959023 15906709 12456562 7887333 459047 8353582 9422863 18231455 8292425 5134346 12279569 3527248 15924508 10562785 10106426 6799917 7970319 10368322 13167578 16328625 18916958 9390872 2377803 4487946 6080659 1501443 6839175 5479023 5068146 3515941 6519738 15442939 5013334 5494260 240580 9379418 10575172 17592972 14731120 3161668 13036631 3129851 108182 11933883 13857416 10014765 11635305 13155164 
1 2
2 3
4 3
5 3
4 6
5 7
8 7
7 9
10 8
8 11
9 12
13 9
14 9
13 15
13 16
14 17
16 18
17 19
20 17
21 17
18 22
23 20
24 21
25 21
26 21
27 23
24 28
26 29
30 26
31 27
32 27
27 33
34 29
30 35
30 36
37 32
33 38
39 34
40 35
41 35
42 36
43 38
38 44
45 42
46 43
47 43
45 48
21 42
18882943 19725589 12708882 13880583 18048321 1059889 11526354 8381561 18056182 12754418 16539166 5091101 7983272 7305072 8531016 1143272 8055032 9177227 4166602 4070634 16801492 
2 1
2 3
2 4
5 3
4 6
6 7
6 8
9 6
10 8
11 8
12 8
13 9
10 14
15 11
16 13
15 17
15 18
18 19
19 20
21 20
47 25
6079259 18112309 12800451 7501307 15173131 6158587 6694025 14473845 14240222 1377668 13841026 15526889 11067810 8480800 94184 17499203 4196612 6702545 17171576 17003453 1153764 3762097 9258060 18047880 13710246 5124832 12937453 2047764 16904351 1363774 1087318 10918180 2387413 5447618 19123284 5009398 19631880 3198973 17842769 18440556 10413951 17402563 5644161 10888507 5424959 19626741 17166036 
1 2
3 2
2 4
4 5
4 6
5 7
6 8
8 9
8 10
9 11
12 9
10 13
14 10
10 15
11 16
12 17
18 12
13 19
14 20
21 14
22 15
23 15
24 21
25 21
23 26
27 23
28 25
29 25
25 30
31 27
32 28
29 33
34 30
35 31
36 34
34 37
35 38
39 36
40 38
38 41
39 42
41 43
42 44
43 45
46 43
47 44
11 40
14318543 13164878 11089450 10918437 6717807 12778792 4735697 15555891 16821451 12949108 17301370 
1 2
3 2
2 4
5 3
3 6
7 4
8 5
9 6
7 10
8 11
28 2
8339945 1003476 6673047 3089359 1935392 14834241 10300322 14283063 18960633 843453 6546541 4312012 19500494 2684955 8824409 15054231 14803805 507216 15131240 4545100 3311415 1013931 1761238 18044321 14111337 2767815 16628096 14568759 
2 1
2 3
4 2
3 5
3 6
7 4
4 8
9 4
4 10
11 4
12 4
13 5
8 14
15 9
10 16
17 11
11 18
19 15
16 20
21 16
22 16
23 16
24 17
25 19
26 22
27 23
28 25
10 43
1281243 18890300 2883847 19993994 8043924 3116264 12587776 5522327 10358099 1906629 
1 2
2 3
4 2
5 2
4 6
7 5
6 8
9 7
10 9
33 33
12795576 5842703 16171401 5605987 11538545 12568595 4256100 3020644 11085749 8929950 2667470 15992442 8336467 2753211 12011830 19369803 13854944 8604129 5684886 12973244 1493281 10149397 6506175 8261772 11766417 9056838 7859123 8003042 18457428 12995418 12904599 11832537 16478106 
2 1
2 3
4 3
5 4
6 5
6 7
8 6
7 9
10 8
11 9
12 10
11 13
12 14
15 12
14 16
17 14
18 15
17 19
20 17
21 18
19 22
23 20
24 21
25 23
23 26
27 25
28 25
25 29
30 28
31 30
32 31
33 32
7 1
11482686 17029350 14944058 9554606 4673432 12703535 4290489 
2 1
3 2
4 2
5 3
6 4
7 5
48 37
5564988 4837537 1165720 4003256 8287168 17118812 13275036 16073035 18184064 14592498 1445560 10901118 16679886 1930142 6884008 16394268 18322857 19168310 19174834 8399503 18556853 18225693 11792027 18006402 19039307 18574843 19540168 7173749 9068143 17229965 14920756 19320788 12927719 19074436 6897110 15826465 8484974 10039136 19846016 9652986 12409861 5722620 4926713 14762664 11490811 13104023 11870206 7355612 
2 1
3 2
2 4
5 2
6 2
7 3
4 8
5 9
10 5
11 5
6 12
13 6
6 14
15 10
16 11
12 17
13 18
19 14
20 16
16 21
16 22
23 16
19 24
21 25
26 22
27 23
24 28
29 24
30 27
27 31
32 28
29 33
29 34
35 31
32 36
34 37
38 34
36 39
36 40
41 37
42 37
38 43
42 44
45 42
46 43
46 47
47 48
38 9
2959767 11494395 13133788 10376862 16216685 4040044 4425448 19388809 12171150 7688842 16102937 18982912 14039613 1483906 13145497 6461980 8054001 11917266 15553724 466224 8564688 5110867 19077510 18412993 8772815 10930745 12869690 7130958 12402067 15210278 8324769 6839776 15574533 9016296 8839856 13770586 15761709 3905948 
1 2
3 2
4 2
3 5
6 4
7 4
8 5
5 9
10 7
11 7
12 9
13 11
11 14
12 15
16 14
15 17
16 18
17 19
20 18
18 21
19 22
23 20
21 24
25 21
26 22
22 27
28 23
29 24
30 25
26 31
28 32
33 32
32 34
34 35
35 36
37 36
37 38
47 0
4133054 2182081 6464681 13307470 19312458 13411695 4860033 17987008 14206069 9398361 7821227 13326997 6302290 13519513 10667214 19171732 16482021 8020404 9213494 11616806 3280899 9958614 11199726 17903784 287147 9298433 14220637 13405805 6222003 8827110 236975 8999220 2820180 13639525 644267 10504068 6683809 3325361 14641132 16036431 5073200 8180955 18231061 1662928 11478727 10709526 7792753 
1 2
2 3
4 2
3 5
4 6
7 4
8 5
6 9
7 10
11 7
8 12
8 13
8 14
15 8
9 16
17 11
12 18
13 19
14 20
21 15
22 15
23 17
17 24
25 18
26 20
20 27
21 28
29 22
24 30
28 31
29 32
33 30
34 32
32 35
33 36
37 34
36 38
39 36
37 40
38 41
42 38
43 39
44 39
45 44
46 45
45 47
41 6
18835406 3503627 261359 17425594 11387725 6546546 4398403 6370408 14384270 13993875 15495380 3314817 18059160 2599454 16848440 4938942 19601558 15388821 18665292 14405579 10874050 3283720 17221227 8556901 14711620 16599237 11209251 17434390 18732670 2827186 10979462 8791099 17176739 3442584 17955482 6168143 6743135 16988625 12850053 18288429 2495880 
2 1
3 2
4 3
5 4
6 5
7 5
6 8
9 6
10 6
11 7
10 12
13 10
11 14
11 15
16 11
17 12
13 18
13 19
14 20
21 15
22 15
23 16
24 18
25 19
26 20
21 27
28 23
23 29
25 30
29 31
30 32
30 33
34 31
33 35
33 36
34 37
34 38
39 36
40 36
41 40
6 29
4773248 4436820 9806669 6348697 10748780 5219308 
1 2
3 2
4 2
5 4
5 6
39 24
11554950 7309675 5604607 8413098 6212186 4385875 16595324 5652497 10495320 148270 3316174 718995 2058059 9296668 4616798 4148604 2620603 11041380 5803258 15528269 14186346 19098806 15084416 299775 763799 12478675 18286619 12217918 10998159 1918654 14500200 15654725 12127742 648449 510080 3060122 12290737 10598672 11167927 
1 2
3 2
4 3
3 5
6 3
5 7
8 6
8 9
10 9
9 11
9 12
11 13
12 14
15 14
16 15
17 16
17 18
18 19
18 20
21 19
19 22
23 20
24 20
25 21
26 24
27 24
28 27
27 29
28 30
29 31
32 29
33 30
33 34
34 35
36 34
36 37
37 38
39 37
14 16
9365424 16210233 16015898 1158405 1485978 7826421 270181 5136637 10656777 4304346 11089300 8397230 435163 8342802 
1 2
2 3
3 4
5 3
5 6
7 6
8 6
7 9
10 8
11 9
10 12
10 13
14 12
