30
50 42
5872013 7036683 13457190 6836754 4918634 19469595 5172609 13137135 6412373 17243831 7126231 13240952 5186768 10273344 2393872 13650715 8084974 10671445 9991705 5408737 7889673 19721413 2730787 16461476 3907223 19934681 14668621 16436519 5924149 199780 6039182 6849352 15964809 5511616 10957106 14386292 7837276 2088711 2653758 6312059 17141759 17629587 7944669 743023 4484805 13501893 15568973 15921906 6968496 11414687 
2 1
3 2
4 2
5 2
3 6
7 3
4 8
5 9
10 5
8 11
10 12
13 10
10 14
11 15
16 13
17 14
14 18
19 15
20 15
16 21
22 19
23 20
21 24
23 25
26 23
24 27
24 28
25 29
26 30
31 28
30 32
32 33
33 34
35 34
35 36
35 37
38 37
39 37
40 37
39 41
40 42
42 43
44 42
42 45
46 44
47 45
46 48
49 46
50 49
50 45
13395964 1380700 4578719 6388239 13023919 10238719 2482288 14488790 4504855 9284456 68492 7172879 14517093 18596051 14715925 8679107 1432459 11489183 5813110 484195 9541767 9661162 9331796 12981361 17481291 4202036 17583322 13094928 19556558 1658797 2256319 9844386 18080889 6536056 8722910 15102193 18097702 8140989 8832424 9282962 15099972 842123 4266313 14108653 17868906 16186579 19858634 952637 15236490 7319692 
1 2
3 2
4 3
5 4
5 6
6 7
8 6
6 9
7 10
11 8
12 9
13 11
11 14
11 15
12 16
17 12
18 14
15 19
20 15
21 15
16 22
23 16
24 17
25 17
18 26
27 18
19 28
29 20
21 30
31 21
32 21
22 33
23 34
23 35
23 36
37 28
38 31
31 39
32 40
41 34
35 42
43 36
44 36
45 36
46 36
42 47
48 45
49 47
48 50
50 39
13133523 5919394 575138 12713605 12986407 1954789 19721670 7044217 19656615 17509682 19759525 1043270 13189519 3760727 6300840 9222288 18923738 2930385 19419951 13754246 2037803 10044166 4035680 11348782 14337858 16683871 8692131 19632290 10084659 2228733 7813705 7319831 15744514 15957122 16805948 13304285 5909793 19824889 15838439 9027402 14878043 3884722 3015221 228690 10241081 2049180 558784 18830625 3428023 14060817 
1 2
2 3
4 2
4 5
6 4
6 7
8 6
7 9
7 10
11 8
8 12
13 8
11 14
15 11
12 16
13 17
18 14
19 14
20 17
18 21
22 19
23 20
24 23
24 25
24 26
27 25
25 28
25 29
25 30
31 26
32 29
29 33
34 30
30 35
36 31
34 37
38 35
35 39
37 40
41 39
40 42
41 43
44 41
45 43
46 44
44 47
47 48
49 48
50 49
50 4
9221631 7874785 10334315 3573251 6376942 3783606 9500578 19842890 17331351 12977530 13318418 2608234 3848406 14813614 4809753 15875151 3887880 15945720 5805455 12316194 16983676 9955585 434660 19952539 13765672 13444805 19457532 3128703 878032 5690029 19132825 4816455 8103090 14095591 19101920 7209550 8687855 7974438 19386847 19330199 10542012 2176486 12770266 1915919 8681104 14931281 15579029 4300177 1226654 4561247 
2 1
2 3
4 3
5 4
6 4
7 4
5 8
6 9
7 10
8 11
12 8
13 9
9 14
10 15
16 11
17 12
13 18
19 14
14 20
15 21
22 15
15 23
24 16
25 18
26 20
22 27
23 28
29 23
30 27
31 28
29 32
30 33
31 34
32 35
33 36
34 37
38 35
39 35
35 40
41 35
36 42
43 39
40 44
45 41
45 46
45 47
45 48
49 48
49 50
50 23
3676361 13336530 5971750 17502731 3294924 4826192 11189711 10142775 15618870 11601708 10445110 19270750 14866664 13332563 19578929 16384707 18197252 15471354 900637 4281036 647159 18963748 13062089 9529149 18362453 2274960 2024309 4015143 7370371 2167716 5874712 12250570 17891612 16484988 17745164 3657098 10701082 6363244 14407205 18131349 11677571 995366 10871999 8949460 9442308 3866674 735835 4111755 5461651 14139140 
2 1
3 2
4 2
2 5
3 6
3 7
5 8
9 8
8 10
10 11
11 12
13 11
13 14
15 14
14 16
17 14
18 15
15 19
20 16
21 16
17 22
23 18
19 24
25 21
23 26
27 24
28 24
29 25
30 27
31 29
29 32
33 31
34 31
32 35
35 36
37 35
35 38
39 36
40 37
37 41
42 38
43 38
41 44
43 45
44 46
45 47
48 47
49 47
49 50
50 45
17842789 18786749 8593308 4439993 2932527 15283648 17186881 13331485 1468051 7583824 17208719 19106805 9024129 3273 14870843 3294751 1925492 9015462 14889617 17786700 19377339 22912 3758138 2930540 1958394 36640 13718114 16950046 6699853 12076280 18811385 1179608 16642142 9802635 18825094 10824178 8025192 9416486 11407632 19999419 18946849 10014424 5915742 19467569 11264336 5768925 441351 11994187 3826841 13632418 
2 1
3 2
2 4
2 5
6 3
7 3
8 4
9 5
5 10
5 11
12 6
13 8
14 8
15 9
10 16
17 11
11 18
16 19
16 20
21 16
17 22
23 17
18 24
18 25
20 26
27 21
21 28
22 29
23 30
25 31
32 26
33 27
34 27
28 35
28 36
29 37
38 29
31 39
31 40
32 41
42 34
35 43
44 35
45 37
46 38
47 40
44 48
46 49
50 48
50 5
18248824 19237338 15277999 2519974 5630181 16763421 1002017 2227230 2620525 9725093 49916 16078185 4390097 7268589 17533322 15675680 3045202 2365815 3706450 17287397 16834540 12162343 164518 15484097 14383199 16065403 10328286 2595436 9522081 19982053 8050472 12819425 5280003 11803069 2900728 2653641 4351451 8284388 10534762 729829 3510134 9269150 3739831 16368710 10245373 13964949 11026454 15857173 2777287 15266517 
1 2
3 2
4 2
4 5
4 6
7 4
6 8
9 6
7 10
11 10
10 12
13 10
10 14
10 15
16 12
12 17
18 13
13 19
20 14
14 21
15 22
17 23
19 24
20 25
21 26
22 27
28 22
29 25
26 30
27 31
32 28
28 33
32 34
32 35
32 36
37 33
38 35
39 36
37 40
41 37
42 40
43 42
44 42
44 45
46 45
45 47
47 48
48 49
48 50
50 1
11242505 14370061 16033337 13285934 18614110 17182858 5922348 10080465 12008314 417372 10371035 18634355 16264148 19023315 10711554 1723174 468948 14195294 8938213 1047686 7131511 1620114 14426561 2269802 15689632 16769004 14548510 4729560 12758522 5240515 10441320 15788482 12334311 357516 7871259 11280299 7329279 13978467 17454761 19929443 6915359 1424641 512486 3363066 6109239 168970 10018261 10184640 16806684 5603511 
2 1
2 3
4 2
2 5
2 6
7 3
8 5
5 9
5 10
11 6
12 6
13 10
14 10
10 15
11 16
12 17
18 12
19 12
15 20
16 21
17 22
18 23
19 24
25 20
26 20
21 27
22 28
29 24
24 30
31 25
32 26
27 33
30 34
30 35
31 36
37 34
38 35
39 36
36 40
41 40
42 40
40 43
43 44
44 45
46 44
45 47
48 46
48 49
50 49
50 32
2229786 5447818 2415529 16376113 14251563 11348850 15488902 14855731 10213454 19394797 12459250 12924354 2654679 1713197 13417645 4508053 2821692 18987580 12212884 6667557 11159365 1862770 18544550 12159730 16459848 16684366 17009083 15504794 977019 3550042 17697222 695885 15049772 59590 18118375 14391015 6943415 11345031 11505566 170143 9662146 5802142 16838142 12496676 19780160 6657928 9888528 17392549 17963931 7677760 
1 2
2 3
2 4
5 4
6 4
6 7
8 6
9 7
10 8
10 11
12 10
11 13
12 14
12 15
14 16
15 17
16 18
19 17
19 20
19 21
22 19
21 23
22 24
23 25
26 24
27 24
28 25
29 25
26 30
26 31
26 32
27 33
27 34
31 35
32 36
32 37
33 38
34 39
40 34
34 41
42 37
37 43
44 40
40 45
41 46
47 41
45 48
48 49
50 49
50 22
18233049 15002319 5315744 10412791 17970415 16307315 1945480 3757562 13311481 6435520 4879631 6197154 12649609 1111389 14081135 16981101 6809274 4668552 10963724 5187677 5477353 17135625 14885623 10871249 16414779 1788690 17821608 3977405 15356272 13512385 11283735 4870980 1274773 10494629 8597034 6863420 11561528 17511705 13630572 10730093 12258252 6512616 16167527 707376 7476147 13779178 19678183 18745226 13163226 3396896 
2 1
3 2
3 4
3 5
6 5
6 7
8 6
6 9
10 8
9 11
9 12
13 10
14 12
13 15
14 16
16 17
16 18
16 19
20 17
21 17
22 19
19 23
20 24
25 22
26 23
27 23
23 28
29 27
27 30
31 28
32 28
33 29
30 34
31 35
32 36
37 32
38 35
39 36
40 37
41 37
42 37
43 38
39 44
39 45
41 46
42 47
48 43
49 47
48 50
50 18
12079012 4516716 7943243 16926175 6885732 5222429 7524525 4010083 2609698 8388625 16370453 19474274 3539554 1985716 17699743 2922996 15650002 13015320 6213549 7228274 2257733 13534831 7205727 4647029 10492191 7766005 8427954 15065230 19027778 5443945 17608377 12728701 5787012 3390818 10925013 16881197 13613780 9482976 4985402 17729136 15251629 856664 7808031 12317926 5947550 12175600 2195360 8880827 19994401 14885787 
1 2
3 2
2 4
4 5
6 5
6 7
8 6
9 6
10 8
8 11
8 12
13 9
14 9
11 15
16 12
12 17
14 18
15 19
20 16
21 16
17 22
17 23
24 17
18 25
26 21
27 24
28 25
25 29
26 30
31 27
28 32
33 29
34 30
31 35
32 36
37 32
38 32
39 33
34 40
34 41
35 42
43 36
36 44
45 37
39 46
47 40
48 40
49 41
50 44
50 14
3163032 15883899 10421062 16495455 13022629 8637996 12930631 7812096 354377 15322651 10400848 17941778 16688701 9577927 15304063 19103057 6242100 5407770 11700491 4879165 18423252 556938 7875472 1805600 974627 3499988 19379820 1583711 4693590 10311307 18274723 12971514 12547313 7835212 7535332 5005855 228488 6840098 921473 13274373 4929052 13940167 15981463 4437796 6140675 6697250 8465184 18623565 15549225 5139148 
1 2
2 3
4 2
2 5
3 6
7 5
8 6
6 9
6 10
6 11
12 7
13 10
10 14
12 15
16 12
13 17
18 13
14 19
20 14
15 21
16 22
16 23
24 16
25 19
19 26
23 27
24 28
29 26
30 26
31 28
32 28
33 30
34 32
35 33
33 36
34 37
36 38
37 39
40 38
41 39
40 42
41 43
43 44
45 43
44 46
45 47
48 45
49 45
45 50
50 47
18466371 2751261 19377276 19024901 17296887 15763549 14758060 14397743 19668694 19833181 14703545 1313508 19273004 12606933 6368065 15153518 17705604 1077077 19432656 6513121 4584493 3080269 9707192 237547 18606541 10392046 10507144 18238961 14022511 15106612 12094042 16277685 5707769 16237854 18638751 9861517 4963020 2819919 9253369 19486005 7149 19803854 3479147 10299622 2512037 12732816 14747106 10917048 3428845 7810472 
2 1
3 2
3 4
4 5
5 6
6 7
8 6
6 9
10 8
11 8
12 8
8 13
8 14
8 15
9 16
17 9
18 10
11 19
20 14
21 14
22 15
15 23
23 24
25 24
26 24
27 24
24 28
29 24
30 27
28 31
32 29
33 29
34 30
32 35
32 36
37 33
35 38
39 35
40 35
41 37
37 42
43 40
44 42
42 45
43 46
47 45
45 48
48 49
50 48
50 50
19201544 15788659 15315119 4223099 10323792 7337629 13829218 17761229 12752011 16231195 7073783 14813023 14941259 2650437 10712745 1673041 815154 12604452 4802083 7379293 11629872 2112129 14900688 3155077 2611240 14235864 8412839 1864042 19858769 3218126 18638714 9237617 15638332 17584576 14103792 16446072 5909957 2519307 14504461 6981579 10536347 7308879 12301988 19058323 17067915 793731 13810477 3839618 7617262 17254471 
2 1
3 2
4 2
2 5
6 2
3 7
5 8
5 9
6 10
8 11
12 9
13 10
10 14
11 15
16 12
12 17
18 13
14 19
14 20
21 15
16 22
23 17
24 18
20 25
20 26
21 27
21 28
29 21
30 21
31 22
32 22
23 33
34 26
35 30
30 36
37 31
32 38
39 34
34 40
34 41
42 40
43 41
42 44
45 43
46 44
45 47
48 45
45 49
50 48
50 48
13109229 19074020 19975496 18265203 13532640 10520372 19795752 7799674 12351411 6778047 1668956 12444762 10267124 18279316 9892900 10582624 2348524 14144152 12387929 18439268 8838204 6065153 1802271 5240229 5642686 6166395 17500453 5143590 7086465 7203244 3053873 7614283 7315461 2509317 7146820 18079347 686619 19861027 1032535 13396939 17771609 6580305 9819724 4994264 6104134 14726006 17554405 8761085 14487497 2845857 
1 2
2 3
2 4
3 5
3 6
3 7
4 8
9 4
10 4
4 11
6 12
6 13
7 14
7 15
9 16
17 11
14 18
14 19
15 20
21 16
22 17
23 17
24 17
17 25
17 26
27 18
19 28
24 29
25 30
31 26
32 27
28 33
34 29
29 35
31 36
37 32
38 33
35 39
36 40
36 41
38 42
41 43
44 42
43 45
45 46
47 46
46 48
49 48
49 50
50 17
19897228 7376461 4164947 16382050 13684390 12103618 16672045 10632113 11245094 17747273 19035634 17053025 11451128 8448888 5635241 1446143 632957 1046521 7616270 572660 11199144 8110172 12708619 9462227 17517618 12658147 4109290 4174476 15989937 6371986 771803 6524099 8455519 16739194 15291979 16713115 18513537 12743010 5436260 8866854 5917966 16705199 5886927 16857308 13503729 6298053 2520746 18615866 6568320 9094147 
2 1
2 3
2 4
2 5
4 6
5 7
8 5
5 9
10 6
6 11
9 12
13 9
14 9
10 15
16 10
17 11
18 11
19 11
14 20
21 14
22 16
16 23
18 24
20 25
26 21
21 27
28 21
29 25
30 25
31 27
32 28
33 28
34 29
35 30
31 36
33 37
38 33
36 39
37 40
37 41
42 37
38 43
44 38
39 45
41 46
47 44
47 48
48 49
50 48
50 3
5587717 5519209 18162909 224848 5885635 15200196 19495222 14426741 5286423 19366872 4731309 2020524 611098 14989766 15112003 2350876 13530093 7860050 3516489 15727147 5048022 6473952 8573653 15291483 8367576 3777749 11410897 14665237 19783077 15540924 6118223 10678185 2861766 10126877 9331040 287677 18218395 9562666 19728575 2683506 4529697 5340223 362434 10236856 11317326 7471553 16845698 19065698 517075 211098 
2 1
3 2
4 2
4 5
6 4
5 7
8 5
6 9
10 7
8 11
9 12
9 13
14 11
15 12
13 16
13 17
13 18
19 16
20 16
21 17
22 18
18 23
19 24
20 25
26 20
22 27
22 28
29 23
26 30
31 28
32 28
29 33
29 34
35 29
36 30
31 37
34 38
36 39
40 36
41 38
42 38
40 43
40 44
42 45
46 42
47 42
42 48
46 49
50 49
50 44
12821587 1464603 9850963 8207010 14593411 16799932 12544175 15304197 1281798 8148244 10340811 12408731 6801279 10790884 10405774 395138 18008985 2249034 7829904 18673008 3588596 3375684 17471605 1977284 16475373 16706483 7402829 5798726 19641064 17050111 2617767 3507656 7759244 15212487 5297571 6024048 13404898 11048780 9768138 981829 4114148 5553958 86735 12731671 15570047 13900799 16623831 3088715 11171257 1038176 
1 2
3 2
2 4
5 3
6 4
4 7
4 8
8 9
10 9
11 10
11 12
11 13
11 14
12 15
16 13
17 14
15 18
19 16
16 20
21 17
19 22
23 20
24 20
21 25
23 26
27 24
25 28
26 29
30 26
28 31
32 31
33 32
34 32
35 33
34 36
37 34
38 35
39 37
40 39
40 41
40 42
41 43
42 44
42 45
42 46
42 47
48 46
49 48
50 49
50 39
17205852 11060703 9449482 4011338 3639297 12563287 15401473 10541565 14727885 9001788 5842559 13754491 6169026 1521786 7559541 10488177 511900 13584262 15123565 16038132 13592281 9410884 17610647 10731756 81292 1528420 18701821 6175139 3901807 9187731 84148 9382419 801272 53527 16556084 8462340 10951302 17177486 15984376 13263774 7423638 14338274 3598731 13154947 4729704 15183756 4105538 1333073 6918308 10852059 
2 1
2 3
3 4
4 5
6 4
5 7
8 5
5 9
10 5
11 5
12 8
8 13
10 14
15 10
16 10
11 17
18 12
14 19
15 20
21 16
22 20
20 23
21 24
21 25
23 26
27 24
24 28
29 25
30 25
26 31
32 26
33 28
30 34
30 35
36 30
37 32
38 32
36 39
40 37
38 41
39 42
43 41
42 44
45 42
43 46
43 47
43 48
48 49
50 48
50 38
4681873 14082937 7120836 2845379 15690365 9021579 17347862 9496697 14822703 17077264 17429020 8766853 11070674 16474439 1001049 6021554 11632048 18622702 1038972 1169452 6517315 14855061 19031186 2516149 1564066 15717077 16426285 14552504 11648938 1440210 1269713 5735527 1077618 8449176 10486338 9736012 2936397 56557 7282311 7306337 9712506 9272538 469926 10574066 19086309 5738733 14821607 18726418 18180304 11605644 
1 2
2 3
4 3
5 3
3 6
5 7
8 6
9 6
10 6
7 11
12 7
7 13
9 14
9 15
10 16
10 17
18 13
16 19
20 16
17 21
22 17
19 23
24 20
22 25
26 22
27 23
24 28
29 26
27 30
27 31
32 28
33 28
29 34
35 29
36 29
33 37
38 33
39 35
40 36
36 41
42 36
43 38
44 38
40 45
42 46
42 47
44 48
49 45
48 50
50 3
16663280 3807400 8003282 2432319 17603125 4729146 5802466 2210999 10808733 9344180 350373 8233632 428742 763920 14527715 16489282 9637487 12823941 887301 904534 9573905 7917701 9110220 1891445 18807015 8007282 9453482 11031087 13447540 5216740 12249781 4626648 9135202 295166 3584025 6823581 4290312 16056165 15615792 7444 4707057 15880572 14717136 8971083 11598939 4045780 472529 14182335 11894809 19449053 
1 2
2 3
2 4
5 3
4 6
7 5
5 8
9 5
6 10
8 11
12 9
13 10
14 12
15 13
16 13
14 17
16 18
16 19
16 20
21 16
22 17
23 19
24 19
20 25
26 20
27 21
28 21
29 22
30 24
31 27
32 28
33 29
34 32
32 35
35 36
36 37
36 38
38 39
38 40
41 38
42 40
43 41
42 44
43 45
45 46
47 45
47 48
49 48
50 49
50 10
19678680 7038103 17245021 7068872 12568845 8455966 4172244 18614081 16701581 5284468 6574101 5906967 12483111 12559724 15730153 15431396 11714094 12737952 712343 10669214 12633442 10364249 4932228 7103566 13627702 2640638 6573723 19610982 13216108 9097701 12267153 15620097 12157569 210176 125393 137798 7943364 18950240 6804208 19877135 10848107 8799198 12806734 12742288 13374846 7702965 12624355 18197623 1631155 19369308 
2 1
3 2
2 4
4 5
5 6
7 6
8 7
9 7
8 10
11 9
9 12
13 11
12 14
15 12
16 12
17 13
18 13
13 19
14 20
15 21
16 22
23 19
19 24
25 19
26 20
27 20
28 22
22 29
30 24
24 31
32 25
30 33
34 30
35 30
36 31
32 37
38 35
36 39
36 40
37 41
42 37
43 40
41 44
45 42
43 46
43 47
48 44
48 49
48 50
50 28
527561 15877680 6248189 7394947 13810196 19183022 5538357 18865080 493726 9175728 19112633 6639759 5561359 4052714 16664920 11302824 4581695 16264576 6142215 12516844 17553960 1283541 17369449 11047176 2873053 19203518 8817314 16228210 17113139 18280670 12574296 19802469 287100 8518714 15152277 16921670 11455143 15719799 1975013 18442631 5139170 13090440 4346459 16438495 19069552 5091956 2278918 8338478 16477749 16499092 
2 1
3 2
2 4
2 5
5 6
5 7
8 5
7 9
8 10
11 9
12 10
11 13
12 14
15 12
16 12
13 17
18 14
15 19
16 20
16 21
16 22
18 23
24 19
25 19
26 19
27 20
21 28
29 22
23 30
25 31
25 32
33 28
29 34
35 29
31 36
31 37
34 38
34 39
35 40
35 41
42 36
43 41
43 44
44 45
46 45
45 47
45 48
47 49
47 50
50 41
15395034 2673980 4988096 2797215 8993757 11360467 10037357 10021016 16347259 10970121 12364605 7758060 15380426 18063882 1674021 17292140 16265980 9672915 6178883 6621163 14147804 13559942 7769855 12920684 1192235 8100282 7042359 8496008 14855124 14903 9650669 13616091 8192554 12465052 10101431 3124945 17988293 15725898 4128847 11753538 13366790 12805253 7924046 15392764 4650504 8688579 69781 8752867 16853542 10422944 
1 2
3 2
3 4
5 3
6 3
7 3
8 4
5 9
5 10
11 5
6 12
13 6
14 7
15 7
16 8
8 17
18 11
12 19
13 20
13 21
15 22
15 23
24 18
22 25
23 26
27 23
28 24
25 29
30 27
28 31
29 32
29 33
30 34
30 35
36 31
37 32
38 33
38 39
40 38
40 41
41 42
43 41
44 41
43 45
44 46
47 44
48 45
49 46
50 48
50 41
13124604 16577758 11465917 16183088 1337844 6818146 13293499 5266182 284126 18734308 10298892 10323392 618599 574515 2241902 8375898 3158689 3096836 7176346 12590492 11018477 2216802 7997747 9751665 5105412 7680114 9890030 2488614 385044 8927606 3398391 17793105 6608415 594716 562008 12804215 10545493 467590 11441957 14885081 1759656 11517420 18777295 10258198 8755901 7639771 14232949 19622873 12378948 7988013 
1 2
3 2
4 2
5 2
3 6
5 7
8 7
7 9
10 8
9 11
9 12
9 13
13 14
15 13
13 16
17 15
18 16
19 16
20 16
16 21
19 22
20 23
20 24
21 25
26 25
26 27
26 28
29 27
30 28
29 31
32 30
33 30
30 34
32 35
33 36
37 34
35 38
36 39
40 37
41 38
42 39
40 43
40 44
42 45
42 46
43 47
44 48
49 48
49 50
50 6
14132807 2349676 13447027 16664846 10058321 1091624 2998992 8450354 10212373 1224388 6612226 4421291 9734131 11466710 9430260 2075502 1407818 18822461 6709657 16294625 9434939 433022 12488530 3289982 2042305 5430146 6448664 5018665 14824552 8015096 289240 4347698 17183003 8370673 15690089 4384889 8072 15246617 16965285 1902760 8272687 14586613 2890623 13451828 17065124 14093174 18618654 13283056 10388942 18549923 
1 2
2 3
3 4
4 5
4 6
7 4
8 4
8 9
8 10
8 11
12 9
13 9
10 14
11 15
16 11
17 15
18 16
19 17
19 20
20 21
20 22
21 23
24 21
25 22
26 22
26 27
26 28
29 27
30 28
31 30
32 30
33 32
34 32
35 32
36 35
37 35
38 35
39 38
38 40
41 38
41 42
43 42
44 42
45 42
44 46
47 45
46 48
48 49
48 50
50 4
14159032 1580998 19305707 293728 19563294 14521988 512371 1431361 13099226 11523491 398289 10756921 1552055 14540852 16505012 13103625 5175366 19325199 6779864 12124768 10883520 1892140 10411656 18967552 16790493 14464155 11940702 8057115 4043185 17071642 3221871 1288443 19477600 19304153 14312233 7468537 6303835 19412461 8278935 19246104 2037798 9960602 4475145 11709410 14300324 8010239 19002318 19075634 6953159 14557940 
1 2
3 2
4 2
3 5
4 6
4 7
5 8
9 7
8 10
11 9
12 9
13 9
14 9
13 15
16 13
17 15
15 18
16 19
20 16
16 21
22 16
18 23
21 24
21 25
22 26
22 27
23 28
29 23
30 24
31 25
25 32
33 27
34 29
35 30
36 33
37 33
34 38
39 35
40 36
36 41
42 37
43 38
44 39
41 45
43 46
47 45
46 48
46 49
50 48
50 17
9131269 14480694 8931250 4441603 9913688 18791843 13923063 9486478 3637464 1826782 15798108 13563680 10397322 18892160 14083723 259470 5738315 7805863 16010806 15938174 19470203 15401161 5294325 11690286 13991311 12539757 1264305 15188890 10102704 4454085 19003183 13539664 8157337 2613463 11455116 15279676 10627518 14305959 2376149 16827479 13906975 920 15478304 17364139 2088366 16911932 8355955 9175574 16528125 161862 
2 1
2 3
4 2
5 2
2 6
2 7
2 8
9 6
10 6
7 11
8 12
13 8
14 10
15 13
13 16
13 17
13 18
14 19
14 20
16 21
22 18
18 23
24 19
25 19
20 26
22 27
28 22
29 23
23 30
26 31
28 32
33 29
34 30
31 35
33 36
37 33
34 38
39 35
40 37
37 41
42 38
39 43
39 44
41 45
46 43
47 43
44 48
44 49
48 50
50 29
13611793 16230961 3134347 15460748 3270977 3748090 14680285 11780401 3244126 14067569 9742130 5415847 6971569 2862514 2640353 1779644 6267845 16627221 19921893 448907 18563837 15193519 7635582 4026938 4916913 10614531 16800912 8945095 16357160 16817646 9208609 9789190 13618514 8777290 5857909 10829572 18399246 18567845 2264589 8355603 3249457 3328706 10646484 11940617 6629619 15775698 18252394 19028978 5530153 1392871 
1 2
2 3
4 3
4 5
4 6
7 5
8 6
7 9
10 7
7 11
12 8
13 8
8 14
15 10
16 10
17 13
18 13
14 19
20 14
18 21
18 22
23 20
21 24
22 25
22 26
23 27
25 28
26 29
30 27
27 31
32 28
33 29
34 30
35 30
31 36
31 37
38 32
33 39
40 34
41 35
42 36
41 43
44 42
42 45
43 46
47 45
48 46
47 49
48 50
50 9
18592578 16558806 14056190 19197197 2927928 18267547 12783654 6173925 3568992 15080718 18417827 9724896 16817045 19187595 2119990 6539570 7564561 14575628 18957752 12633565 12426327 1481859 18877993 16817456 6018264 16532389 11617559 15945681 5148255 5209316 7898655 10113095 18535311 17439068 17083750 6019421 15921970 8044301 9454074 911362 3899577 11846746 14455607 8764836 17315234 3010696 4451437 14639228 4107257 10157664 
1 2
3 2
4 2
4 5
6 4
6 7
7 8
9 7
7 10
8 11
9 12
13 10
11 14
12 15
12 16
17 13
18 14
15 19
20 16
16 21
22 17
17 23
18 24
25 18
26 19
27 19
20 28
23 29
24 30
25 31
32 25
26 33
27 34
27 35
36 28
37 29
38 32
39 35
40 38
41 38
42 39
43 41
44 41
45 42
43 46
47 44
44 48
45 49
48 50
