100
26
24 23 16 2 26 15 9 5 1 3 11 12 10 20 6 25 17 13 21 22 24 3 18 8 7 19 
4 10 18 2 26 8 14 12 6 13 4 5 1 16 23 11 25 14 20 7 15 17 19 9 22 21 
1
1 
1 
4
4 1 1 2 
2 3 3 4 
21
6 1 15 17 14 17 11 19 5 18 21 8 13 16 13 10 18 9 20 12 4 
4 1 12 3 19 8 21 7 6 14 10 2 9 15 2 5 7 16 11 20 3 
14
7 14 10 5 9 1 3 8 13 2 7 4 11 6 
12 10 11 5 14 4 3 13 1 9 12 8 2 6 
9
4 9 2 3 5 8 6 7 1 
4 9 2 5 8 7 1 3 6 
10
4 7 6 10 1 6 3 2 1 8 
10 4 5 7 9 5 8 3 2 9 
17
12 6 14 1 5 11 17 9 4 16 7 15 2 10 3 13 9 
17 1 6 12 14 5 2 8 15 13 7 11 3 4 16 8 10 
30
4 16 9 30 7 24 3 25 19 27 8 5 26 21 22 13 23 10 11 12 15 18 17 3 10 6 13 29 2 26 
2 17 11 14 19 28 14 18 23 1 24 4 28 25 27 1 7 20 16 9 15 29 8 22 30 12 21 6 5 20 
7
5 7 5 4 3 1 6 
3 6 2 1 7 4 2 
8
2 5 8 1 7 6 3 4 
8 5 4 2 7 3 1 6 
7
6 1 4 2 7 5 3 
4 1 2 3 7 6 5 
29
3 25 19 23 1 20 5 18 8 10 24 2 6 14 11 26 17 7 21 22 27 13 12 28 15 18 29 9 4 
24 25 9 13 14 2 23 8 22 4 12 11 6 26 21 10 3 19 15 1 17 16 20 5 28 29 16 27 7 
26
12 16 11 2 21 17 10 24 23 18 20 8 1 22 9 15 19 25 9 5 14 3 13 7 6 19 
26 14 7 1 22 11 16 21 3 23 20 15 2 8 26 4 4 10 24 12 25 6 5 13 18 17 
17
6 4 8 10 17 3 11 9 16 1 14 6 7 17 13 2 5 
12 7 2 4 3 15 12 16 11 8 5 10 9 15 13 1 14 
21
15 16 17 14 2 11 21 18 8 2 5 4 7 20 19 6 10 13 12 3 21 
16 20 8 13 1 14 9 18 19 4 5 6 17 10 11 3 9 15 1 7 12 
18
2 3 12 18 6 15 11 9 10 11 14 16 13 9 8 1 13 7 
12 17 16 7 5 14 18 1 3 4 15 2 4 17 10 6 5 8 
20
6 4 5 3 15 18 13 16 14 14 16 11 17 1 10 9 18 2 20 12 
11 19 8 12 5 17 1 20 6 8 19 7 10 15 4 9 7 2 3 13 
3
3 1 2 
3 1 2 
25
10 15 6 20 13 25 7 8 3 15 21 5 22 24 9 12 1 17 18 17 2 23 11 2 19 
4 14 24 6 23 18 25 22 3 10 9 13 19 16 5 4 8 12 11 21 14 7 1 16 20 
18
6 10 8 14 5 17 1 6 14 13 11 4 15 2 18 1 3 7 
16 15 10 9 2 5 16 4 7 8 17 13 9 3 11 12 18 12 
5
3 4 2 1 4 
3 1 2 5 5 
25
3 23 25 17 19 13 18 7 22 7 14 1 16 20 11 8 9 13 24 5 2 10 12 4 15 
12 16 10 9 21 6 19 17 5 21 4 11 18 14 15 22 25 2 24 6 23 8 3 20 1 
2
2 1 
2 1 
29
25 19 2 5 6 13 21 26 11 14 7 17 28 22 28 3 20 9 12 6 11 13 29 10 27 24 16 18 23 
5 26 19 9 15 3 17 1 4 24 15 25 7 18 1 20 2 27 10 14 8 8 29 4 23 16 21 12 22 
28
28 4 17 17 1 26 15 5 14 27 18 20 12 23 25 24 9 21 13 16 8 10 19 24 14 6 22 2 
7 22 4 11 12 26 16 15 25 5 27 2 11 19 9 23 3 1 8 13 10 20 21 3 7 6 28 18 
4
3 1 4 2 
3 4 2 1 
24
17 16 9 24 15 13 17 1 22 15 2 7 21 3 19 8 11 10 6 14 5 22 23 20 
16 7 1 2 18 3 12 12 18 10 14 5 8 20 6 4 24 4 19 11 21 13 23 9 
29
20 7 4 23 24 19 13 10 18 5 12 27 12 19 25 6 22 29 20 8 2 3 9 26 21 1 16 14 28 
17 25 5 15 7 11 24 6 13 4 23 11 8 14 3 2 21 28 15 29 9 17 18 16 10 26 27 1 22 
27
9 1 27 22 4 21 27 7 6 5 24 16 2 19 17 13 2 19 3 20 23 5 11 18 12 15 10 
24 21 10 11 8 1 14 6 3 15 12 26 14 26 13 22 8 18 4 9 25 25 20 23 16 17 7 
27
14 15 9 10 12 27 8 26 15 17 11 6 4 20 25 13 22 21 7 23 16 22 2 5 18 16 3 
9 19 23 27 14 21 3 6 2 13 1 17 4 5 26 25 1 20 11 7 24 8 19 12 18 24 10 
15
7 15 14 4 9 1 3 2 11 5 8 6 2 10 9 
3 14 8 15 13 7 4 12 5 10 1 13 12 6 11 
10
10 5 6 7 1 4 8 9 2 5 
2 8 9 3 6 1 4 10 3 7 
14
3 8 14 4 13 2 1 11 12 6 9 5 10 6 
12 1 13 14 9 7 3 11 5 10 8 4 7 2 
26
20 5 13 9 10 6 21 10 2 7 9 15 25 12 4 20 22 11 4 23 3 1 18 8 17 24 
16 21 26 18 6 22 13 14 23 8 26 15 5 17 19 11 7 3 19 25 1 2 24 14 12 16 
6
2 1 1 5 6 4 
6 3 4 2 5 3 
25
5 25 12 23 24 21 15 10 7 17 18 2 10 1 14 8 25 3 14 22 21 16 13 11 6 
3 12 20 15 24 7 4 19 1 2 19 5 16 8 17 6 9 13 20 11 4 23 9 22 18 
4
2 3 4 1 
2 3 4 1 
7
3 1 2 5 4 4 7 
3 1 5 6 6 2 7 
20
2 12 7 15 13 19 18 1 15 4 3 5 14 11 8 4 6 1 20 9 
2 6 7 20 3 16 13 17 10 18 5 12 17 8 19 16 11 10 14 9 
14
3 9 6 11 9 7 8 14 4 10 13 12 2 5 
7 1 10 11 12 4 5 14 13 6 1 8 3 2 
3
3 1 2 
3 1 2 
6
3 5 6 1 4 3 
5 1 4 6 2 2 
4
2 3 4 4 
2 3 1 1 
8
2 6 4 2 8 1 7 5 
4 6 7 3 8 1 5 3 
11
10 8 2 6 7 9 1 8 11 3 5 
3 10 6 11 7 4 2 4 9 1 5 
30
2 16 15 15 5 1 29 30 17 8 7 12 8 9 27 7 19 20 23 16 11 6 14 10 22 18 19 3 26 4 
11 24 4 25 6 18 26 20 28 30 28 21 13 10 9 5 27 13 22 12 23 3 25 17 1 29 21 14 2 24 
13
5 13 8 2 3 10 12 4 9 11 3 8 7 
9 10 2 5 6 13 4 7 11 1 1 6 12 
19
17 16 11 1 14 19 7 1 18 3 2 4 5 9 12 13 10 7 16 
6 18 10 8 4 14 6 15 11 2 19 3 9 12 17 8 13 5 15 
9
7 1 5 7 8 3 5 6 4 
3 6 9 2 2 4 9 8 1 
29
3 20 26 12 21 25 7 23 23 1 24 29 26 28 17 5 11 9 22 13 21 15 10 14 6 8 27 18 4 
20 24 16 25 2 4 7 19 27 15 29 3 2 19 16 10 28 5 12 6 1 13 17 11 14 22 18 8 9 
8
3 8 2 1 4 5 3 6 
8 1 7 4 5 2 7 6 
10
7 1 6 8 4 6 10 9 3 3 
2 1 7 9 10 5 8 5 4 2 
12
7 1 4 9 8 11 3 6 11 5 10 6 
8 4 1 10 12 12 7 2 3 5 2 9 
27
27 5 16 11 20 12 6 13 15 9 10 26 23 26 18 24 1 12 4 17 19 6 21 14 8 25 13 
7 1 4 22 19 23 20 14 11 18 15 9 8 2 27 21 24 7 17 3 10 3 5 2 25 16 22 
25
18 7 21 20 16 9 5 17 11 12 10 6 15 2 13 22 14 18 15 13 8 19 24 16 3 
4 8 2 19 23 5 20 10 4 23 11 24 14 6 9 3 1 7 1 25 12 25 22 21 17 
29
3 19 10 24 8 25 12 18 20 16 4 29 22 27 2 14 9 7 1 21 20 28 12 14 11 26 17 15 13 
3 9 19 15 5 24 6 27 21 23 22 29 2 10 13 5 25 17 4 26 23 16 6 28 7 18 11 1 8 
22
2 14 5 4 19 8 12 12 14 10 17 21 22 3 13 11 18 1 19 15 7 3 
22 1 20 16 16 6 4 6 9 5 9 2 7 18 13 11 17 8 10 21 15 20 
10
5 6 4 2 5 10 3 7 3 9 
10 4 6 7 8 1 9 2 1 8 
14
13 4 10 1 7 10 5 6 14 11 9 13 8 12 
12 4 5 1 2 2 8 9 14 11 7 3 6 3 
26
26 4 11 16 5 1 17 15 6 19 2 18 19 10 24 7 21 20 8 14 9 13 22 12 25 2 
14 4 24 13 11 25 22 23 8 5 3 21 20 12 6 1 9 23 26 18 10 17 15 7 16 3 
12
2 4 5 9 6 10 11 8 12 1 5 3 
2 7 6 4 9 12 10 8 11 1 3 7 
9
7 1 8 9 3 8 9 6 5 
3 1 6 2 7 4 4 5 2 
21
18 15 19 4 9 17 8 11 5 6 20 21 6 17 12 16 10 3 14 1 7 
5 9 8 7 14 2 1 12 15 11 4 2 13 3 13 19 10 20 21 18 16 
20
7 12 8 10 16 11 19 18 2 15 18 17 6 9 8 4 13 1 5 20 
7 9 10 14 20 6 5 11 3 1 3 4 14 15 13 19 17 16 12 2 
22
2 22 7 11 14 3 21 21 20 3 18 4 12 15 10 5 17 9 13 14 1 6 
11 16 12 20 5 16 19 8 15 13 22 9 19 4 6 18 2 10 7 8 1 17 
1
1 
1 
17
6 11 13 16 8 9 11 10 4 8 13 2 15 12 7 3 1 
10 5 14 14 2 3 17 4 9 17 7 6 5 16 15 12 1 
1
1 
1 
23
7 23 8 19 7 2 4 15 20 6 1 11 13 18 3 12 16 21 3 17 22 9 21 
19 18 2 10 15 22 11 12 1 4 6 10 20 17 5 5 16 14 14 23 9 8 13 
20
5 11 6 4 12 16 18 2 20 9 10 13 1 17 3 7 14 19 2 15 
13 17 10 1 8 7 19 4 14 18 8 11 16 20 6 15 5 3 12 9 
12
10 8 1 11 5 9 6 3 7 12 2 4 
11 6 1 7 5 10 4 3 12 9 2 8 
16
7 10 3 11 4 12 5 9 14 16 11 15 3 1 13 9 
10 7 8 2 16 15 1 12 8 5 13 14 4 6 2 6 
14
5 1 13 13 10 11 9 12 7 3 9 4 1 2 
7 6 14 10 6 14 5 8 2 12 8 11 3 4 
12
7 11 4 10 11 8 6 1 12 5 3 8 
3 9 6 1 2 2 5 12 10 4 9 7 
25
3 22 2 1 20 25 4 7 5 14 18 17 15 24 8 9 13 12 11 6 2 19 17 14 10 
11 1 16 9 19 3 4 21 15 22 13 10 6 24 5 7 18 23 8 25 16 20 23 21 12 
25
11 19 12 5 10 25 24 4 7 20 23 15 18 2 20 14 8 6 22 25 16 13 1 18 1 
13 14 9 16 22 23 24 10 15 21 8 4 9 17 21 7 12 3 5 17 11 19 3 6 2 
3
3 1 2 
3 1 2 
13
13 7 12 10 5 8 1 4 3 6 9 2 4 
3 7 6 10 11 2 1 9 13 8 12 11 5 
12
3 1 10 12 9 4 5 2 11 8 10 1 
2 11 3 4 8 12 5 7 6 9 6 7 
20
3 10 2 7 14 17 13 20 9 5 19 15 18 4 8 1 12 6 16 12 
10 11 9 2 16 17 18 20 14 6 5 15 1 13 8 3 4 19 7 11 
5
4 1 2 5 3 
3 4 2 1 5 
1
1 
1 
26
16 8 17 13 18 21 24 22 20 12 4 21 13 10 16 23 11 5 19 6 25 15 14 9 2 11 
26 25 19 23 7 7 4 5 15 9 18 6 12 20 3 3 1 2 26 10 14 17 8 22 1 24 
8
3 7 2 2 1 3 8 6 
4 7 5 1 8 5 6 4 
7
5 4 7 4 3 7 6 
3 5 6 1 1 2 2 
23
10 1 15 5 21 20 2 8 11 22 13 12 14 17 7 3 16 14 6 9 1 23 19 
9 13 2 18 15 21 5 8 22 10 19 20 23 7 4 12 11 17 6 3 4 18 16 
21
19 20 19 17 8 1 6 7 8 3 4 10 16 14 15 3 5 11 15 12 18 
9 1 6 18 11 5 16 20 13 21 21 2 10 9 13 4 12 14 2 7 17 
26
12 14 4 17 2 12 26 16 10 3 18 13 20 19 21 9 6 1 24 22 16 25 8 26 13 15 
2 10 25 17 5 5 24 9 22 21 6 23 11 3 7 1 19 20 18 14 8 4 7 11 23 15 
6
4 3 1 2 6 5 
2 6 4 3 1 5 
8
2 7 2 1 5 8 4 1 
3 8 6 4 6 7 5 3 
23
16 21 13 5 20 14 10 2 2 22 18 17 6 11 15 1 16 22 8 12 7 23 21 
3 13 8 12 11 5 9 19 20 19 7 15 1 3 4 17 23 9 14 6 18 10 4 
8
8 7 3 2 1 7 2 4 
3 5 4 6 1 8 5 6 
8
3 5 2 1 7 4 3 8 
2 7 6 8 6 4 5 1 
7
3 7 6 1 5 2 4 
7 6 2 5 3 1 4 
9
3 1 9 7 5 8 3 7 4 
9 5 2 4 6 1 6 2 8 
1
1 
1 
2
2 1 
2 1 
27
26 22 18 11 8 27 20 14 23 15 21 5 3 24 4 24 2 16 6 17 22 25 12 1 1 7 13 
23 10 26 7 2 10 17 9 20 25 15 5 21 16 6 14 3 13 9 11 27 4 12 18 19 19 8 
17
2 11 10 12 10 8 17 15 14 1 7 6 3 5 13 14 9 
2 9 8 17 13 6 11 5 3 16 15 7 4 1 4 16 12 
