1000
4 2 15
5 1 12
0 15 25
11 10 14
7 2 8
14 3 3
14 2 3
2 3 3
12 4 5
4 4 5
1 5 11
8 3 6
0 3 11
1 0 16
1 6 20
10 5 13
18 2 3
5 2 21
11 3 13
4 11 19
13 8 13
0 18 20
5 0 15
1 10 22
5 13 21
4 3 13
25 0 1
9 0 1
10 5 10
8 4 6
19 1 6
1 3 25
0 19 24
4 12 15
7 7 16
3 7 10
8 4 16
0 3 25
1 7 13
1 6 14
0 12 16
7 2 17
1 17 18
13 10 10
1 17 20
20 0 3
14 0 3
2 3 13
6 3 11
10 3 5
8 1 3
8 4 15
7 0 9
0 10 13
3 11 19
1 18 18
16 7 10
3 18 22
9 9 14
11 2 9
0 25 26
8 1 18
7 0 12
4 19 19
1 6 23
5 7 16
3 4 5
1 7 21
5 12 12
2 16 22
3 9 19
2 3 12
13 8 13
14 5 9
10 3 3
18 1 6
4 3 4
0 20 23
6 0 2
2 1 13
18 6 7
10 4 6
3 10 15
0 0 5
9 10 11
3 8 18
9 2 17
20 0 1
3 8 11
2 5 16
10 9 9
0 13 24
15 6 9
5 3 19
2 3 18
12 13 13
10 2 3
13 4 12
9 0 2
5 0 9
6 11 13
11 6 10
6 1 16
4 14 22
4 14 19
5 6 10
6 15 17
9 8 17
18 0 3
2 8 15
19 0 3
2 3 5
14 1 1
12 1 2
5 4 8
9 1 6
22 0 3
3 3 7
11 9 13
8 6 17
0 18 18
7 14 17
4 5 20
11 3 15
8 2 2
12 5 9
3 1 2
4 11 14
13 2 9
4 14 16
3 8 16
1 21 24
17 7 8
7 12 15
0 0 23
3 2 19
3 19 22
1 9 22
4 4 11
12 2 7
15 7 10
1 0 18
10 14 16
3 6 17
5 10 12
2 11 12
16 4 7
1 10 17
9 1 14
12 3 10
3 11 17
15 2 5
5 13 16
2 0 5
6 0 9
5 15 20
14 4 11
5 7 9
7 7 8
20 5 6
6 3 5
20 1 6
1 9 17
15 4 11
12 9 13
2 5 24
20 4 5
4 4 13
3 1 21
17 6 8
3 2 17
3 12 13
5 6 10
3 5 13
4 7 12
0 10 10
15 10 10
3 6 6
6 4 10
4 9 18
3 7 10
1 6 16
5 4 21
0 11 24
0 5 25
5 2 8
5 2 8
19 0 2
2 8 16
2 8 19
1 8 19
8 9 11
8 4 11
13 8 12
2 14 20
4 19 20
6 3 19
4 18 19
3 18 20
9 9 17
7 0 15
9 2 10
10 6 13
9 8 13
3 9 11
4 10 11
2 4 22
6 8 17
3 5 17
3 8 10
8 6 14
7 1 7
5 2 9
7 0 4
4 17 20
10 3 14
12 7 14
7 3 17
0 5 24
5 6 21
6 5 19
7 15 19
4 1 11
7 0 4
1 20 24
13 5 12
9 11 11
8 12 16
7 1 3
0 16 18
1 23 24
1 13 21
12 4 9
10 5 9
2 13 22
9 3 7
12 6 9
15 0 10
17 6 8
0 4 17
14 4 7
6 0 16
6 8 9
1 12 21
0 7 16
0 1 21
6 3 6
0 2 15
0 1 12
2 3 18
7 3 19
2 12 12
0 10 13
1 18 23
2 1 6
5 0 20
1 5 21
3 17 22
8 3 11
9 8 13
6 0 15
5 12 20
5 8 10
5 10 16
6 1 15
11 1 12
0 2 17
11 1 11
4 6 17
6 3 15
5 5 16
8 14 15
1 3 4
3 10 19
4 14 18
6 3 20
0 14 22
9 5 9
8 7 8
3 8 12
14 0 8
0 5 12
7 0 6
7 2 10
3 20 23
7 4 8
8 4 16
8 7 10
3 0 8
11 2 5
10 3 3
0 0 13
0 21 24
10 7 9
18 2 4
6 6 11
5 1 7
4 7 16
3 20 22
0 3 19
7 4 8
19 4 6
9 0 2
9 2 3
16 0 3
1 1 20
3 2 22
14 0 2
2 14 17
0 22 26
5 4 17
0 8 20
4 3 19
9 11 14
9 2 3
20 0 4
9 11 12
4 2 3
14 7 11
15 2 3
11 14 15
7 9 14
11 5 7
1 4 23
0 18 26
14 0 2
6 5 16
16 3 6
3 4 12
13 0 9
0 5 19
0 23 26
5 8 8
0 15 24
3 3 15
6 12 17
8 13 16
1 14 14
11 8 15
15 2 9
8 8 11
2 10 16
13 0 2
4 1 12
11 2 7
1 0 2
16 3 9
4 5 7
0 11 17
8 1 3
1 3 20
8 10 15
1 10 19
11 4 15
0 20 21
2 18 22
0 6 13
6 1 4
4 7 16
5 6 12
10 13 16
12 6 14
0 10 16
11 0 7
0 17 21
10 7 13
5 20 21
0 10 20
5 8 9
5 7 19
1 16 18
2 9 23
3 15 22
0 11 24
20 2 3
3 4 23
6 8 13
5 9 14
14 2 8
12 0 0
8 6 15
4 0 20
8 10 14
1 10 13
15 0 3
0 10 15
4 8 10
5 6 16
5 10 14
15 8 10
2 9 24
16 1 2
1 11 12
9 4 15
11 5 7
14 1 6
15 4 6
0 0 15
7 19 19
0 6 10
8 1 3
11 3 12
0 7 22
2 17 23
2 8 14
1 11 21
3 13 23
4 14 20
3 1 16
2 8 12
13 4 11
0 6 7
8 0 7
0 10 13
5 7 15
5 4 6
6 11 16
2 12 18
8 5 7
4 10 20
7 4 11
0 7 18
10 1 3
15 1 5
4 3 5
12 10 14
7 1 11
13 5 10
3 12 13
2 14 14
9 3 11
1 1 14
3 9 18
2 1 17
17 1 5
7 5 19
3 14 19
16 7 10
4 4 7
14 1 9
7 4 17
5 2 3
4 9 18
3 19 19
5 7 11
4 0 12
0 16 23
6 5 12
17 8 8
11 2 4
11 1 14
1 9 22
9 3 4
15 3 10
14 1 11
14 1 3
12 2 5
3 12 12
6 9 14
19 1 4
0 0 20
14 9 12
3 12 14
19 2 4
8 5 14
9 4 15
11 8 13
13 6 13
3 3 13
14 5 9
3 13 19
5 4 16
13 3 13
13 4 11
4 2 5
7 7 8
14 6 9
0 15 15
3 5 8
22 1 2
8 6 10
0 15 20
5 10 16
15 1 11
5 0 2
1 4 20
15 1 3
9 11 12
9 11 17
6 4 19
12 1 10
15 3 10
7 14 15
7 5 10
5 4 17
7 3 15
8 12 14
1 21 23
6 3 15
1 15 19
2 3 7
0 6 19
5 18 19
2 16 18
2 8 23
0 13 15
2 2 10
0 11 20
20 1 4
4 0 10
1 13 14
8 4 17
2 11 11
7 7 11
9 1 5
9 2 14
2 2 3
1 2 25
10 1 6
6 2 10
8 4 12
3 6 16
10 4 6
2 14 17
9 11 14
14 9 10
4 12 13
5 6 11
1 6 12
4 8 15
8 0 11
5 11 18
2 4 5
2 7 15
15 3 3
0 10 25
8 5 13
13 0 13
2 3 7
5 4 15
13 2 7
2 15 20
15 6 7
6 2 12
2 11 11
6 6 11
8 3 16
3 5 21
6 13 18
3 0 1
5 0 11
1 21 22
0 6 18
3 8 20
3 14 15
12 0 14
7 2 5
5 13 16
12 7 7
22 2 3
1 0 16
18 0 3
0 0 4
21 2 2
0 6 20
1 16 18
5 3 17
2 21 23
1 2 25
1 0 22
21 2 3
10 10 11
15 5 10
8 18 18
5 4 13
8 3 14
18 4 6
11 6 10
11 8 9
8 6 9
6 10 18
4 16 18
10 2 5
0 16 19
3 4 15
2 5 13
16 3 10
14 2 2
7 1 5
17 1 4
7 4 7
5 0 20
0 0 12
3 7 13
6 15 17
7 7 18
10 5 11
10 3 4
3 6 21
14 0 10
6 10 14
8 4 5
0 11 25
5 9 10
2 8 10
13 6 9
10 3 7
6 16 16
1 17 20
3 5 20
1 9 20
11 4 8
0 8 16
8 15 18
11 8 10
9 3 10
6 8 12
1 19 24
2 9 24
6 18 18
4 1 4
2 8 14
9 0 9
1 2 14
1 11 19
1 11 13
13 2 7
1 2 9
12 5 8
6 18 20
10 3 13
0 4 24
5 1 5
3 2 5
10 2 9
4 4 8
2 22 23
5 11 20
13 1 6
1 12 17
0 14 15
13 4 8
10 6 13
3 10 11
15 7 10
13 2 4
11 9 13
5 2 10
6 6 9
11 0 11
23 1 2
19 5 7
0 7 12
6 10 14
3 0 14
10 2 12
13 12 13
7 5 14
3 16 20
6 16 16
2 10 24
3 15 22
5 1 15
0 11 17
3 8 13
11 2 8
8 1 10
0 1 7
3 18 21
6 1 1
11 10 15
3 4 5
6 16 18
9 12 15
5 0 8
16 4 5
10 5 11
5 5 8
11 15 15
4 15 18
23 0 2
20 0 2
4 5 11
5 1 17
1 2 20
1 7 17
9 0 11
4 8 13
8 10 13
9 0 7
0 6 21
19 1 5
7 7 7
13 6 7
0 9 26
1 6 12
18 5 6
11 5 5
10 5 13
11 4 12
5 19 20
4 9 19
16 3 9
10 1 3
15 1 4
1 16 23
0 13 23
2 10 19
3 7 15
12 0 4
0 8 12
1 2 3
10 1 6
0 21 26
2 4 9
2 2 18
8 1 14
14 5 8
5 18 21
4 14 20
9 9 12
8 3 15
9 3 17
10 10 11
4 2 18
4 0 0
7 8 15
2 0 4
23 0 2
18 1 7
0 10 10
2 5 24
1 9 9
13 3 10
9 8 11
18 2 7
5 7 10
19 2 7
8 7 18
7 0 5
17 1 8
2 14 24
11 5 15
20 2 4
9 0 10
12 7 12
1 1 14
10 4 11
0 3 4
4 2 12
2 11 20
0 14 24
15 0 6
8 9 18
3 5 9
2 2 21
6 3 10
0 2 22
7 1 15
6 16 17
18 4 5
13 12 13
2 14 16
14 5 8
2 8 11
2 10 24
16 0 4
2 3 4
6 17 18
8 4 12
7 3 9
0 12 18
6 9 19
9 10 13
7 1 11
5 1 4
4 7 16
16 3 9
3 20 21
0 3 17
7 2 13
10 3 14
2 12 15
3 19 22
3 1 8
4 2 15
2 19 24
1 21 23
4 9 19
1 11 17
3 7 22
10 11 14
15 6 10
1 13 20
2 0 7
2 9 13
1 7 10
15 4 9
11 10 11
6 7 17
6 15 16
5 13 13
2 5 8
0 11 24
3 11 14
5 9 20
12 8 11
6 0 9
8 7 9
7 5 9
7 0 2
4 3 5
1 0 9
16 4 10
1 12 24
14 8 12
2 4 6
9 0 1
5 0 7
18 0 8
5 14 18
5 15 21
9 0 13
12 8 12
5 4 9
16 0 8
9 7 8
0 0 26
6 2 15
11 6 10
0 18 26
7 1 19
4 11 15
9 1 14
0 6 21
1 9 12
8 2 8
0 8 26
16 0 9
6 0 6
10 2 2
1 5 23
8 4 5
7 1 5
2 2 12
0 0 3
2 1 3
7 1 19
7 12 14
12 5 6
13 4 13
2 0 10
12 1 12
0 0 11
4 21 22
14 5 7
5 1 12
1 11 21
11 6 10
11 0 6
3 4 17
3 6 14
5 19 20
5 3 8
15 7 8
5 0 2
2 18 19
10 1 16
10 6 8
21 0 5
13 11 12
6 8 14
0 13 18
5 11 20
8 0 7
14 7 9
5 3 10
2 9 15
17 0 2
7 4 16
6 2 17
0 8 16
8 1 16
13 7 12
18 2 5
15 8 11
17 1 6
1 0 13
11 4 11
2 1 21
8 7 9
6 6 12
4 19 19
3 10 23
9 3 4
1 9 10
0 1 10
12 1 1
0 1 19
9 4 4
5 1 13
0 12 14
3 6 23
11 2 13
13 4 9
0 2 6
3 1 17
10 1 2
2 11 21
0 11 26
22 2 3
3 4 23
4 8 21
12 6 12
5 14 17
3 5 16
9 11 15
17 0 9
20 6 6
3 17 20
11 0 1
17 6 8
3 9 20
1 19 23
13 8 11
23 1 3
0 14 24
1 17 19
0 10 15
2 22 22
20 0 6
1 14 19
3 3 10
17 6 7
11 2 9
8 2 10
12 14 14
3 9 15
7 8 17
6 18 20
4 4 9
5 0 12
4 0 8
11 1 15
0 2 14
8 4 17
9 1 11
3 9 11
13 10 10
18 8 8
1 7 10
0 14 16
5 10 13
1 12 15
5 3 7
7 3 3
0 2 3
11 5 10
7 2 12
15 0 3
1 7 10
10 12 16
10 1 15
18 0 5
2 2 6
0 0 17
15 1 9
5 10 18
7 11 14
7 7 10
12 6 14
7 5 6
4 4 13
5 12 13
1 19 24
13 2 7
0 0 6
4 4 19
10 4 4
16 1 8
10 6 15
6 10 14
1 13 17
9 3 8
4 1 16
4 1 10
5 10 12
4 10 13
13 7 10
7 2 6
10 9 10
1 22 25
25 0 1
16 4 8
3 0 22
11 3 7
6 5 17
1 5 20
9 10 15
10 11 13
