10
454 281
182 61 50 49 59 89 88 136 17 66 67 218 30 191 9 202 257 119 25 77 21 57 156 193 5 58 129 9 219 3 209 274 147 31 39 205 52 170 87 19 84 91 181 199 273 119 78 125 233 209 144 142 69 260 279 127 138 150 264 101 134 270 11 42 171 36 221 99 268 132 139 38 50 119 176 253 210 169 237 151 267 261 9 233 268 162 52 273 3 7 139 140 128 187 246 162 166 83 194 278 100 140 152 249 36 70 54 179 231 122 32 96 91 114 71 138 11 91 53 187 42 58 85 215 100 125 144 194 68 276 107 272 245 22 94 266 32 218 102 140 260 95 180 47 204 97 220 107 244 78 233 239 274 72 166 215 255 227 196 251 33 239 114 185 223 182 246 250 92 15 271 117 125 148 248 4 60 92 116 228 21 81 157 171 79 45 30 219 85 58 178 182 31 176 96 128 136 74 217 258 30 220 207 76 53 67 144 97 50 172 125 189 130 83 137 235 81 111 198 160 78 212 116 107 267 32 241 142 155 208 46 28 175 185 227 257 85 107 56 158 181 81 109 266 269 155 69 5 40 119 277 258 13 33 191 207 33 186 201 186 141 114 69 203 208 33 187 76 3 219 278 218 41 117 83 1 145 102 268 115 170 65 129 59 238 219 142 239 33 149 44 15 222 186 33 237 42 266 167 145 256 230 73 143 189 32 219 43 259 16 247 133 154 248 8 177 223 157 159 135 254 133 34 127 41 181 62 136 101 73 47 147 66 216 208 68 206 215 99 6 251 88 12 234 180 25 78 234 264 278 108 229 206 209 163 235 72 244 44 244 78 142 56 59 200 18 81 270 122 90 130 154 31 232 242 64 9 73 237 101 130 37 70 214 170 95 274 255 82 161 101 16 164 61 42 203 135 154 123 22 34 35 105 79 189 116 46 222 123 190 229 59 128 167 156 113 62 223 137 158 235 222 14 6 97 159 9 280 132 41 264 222 138 280 151 103 243 65 225 101 36 244 242 246 90 121 122 223 224 227 154 136 125 182 
379 157
116 130 103 84 127 41 140 22 22 148 70 93 30 3 7 22 96 139 64 4 110 113 107 117 69 52 55 8 115 70 108 70 19 137 117 86 122 139 55 131 13 48 21 14 101 42 107 43 24 57 100 110 65 144 80 154 48 43 131 108 12 59 42 47 110 139 57 93 83 105 38 23 112 91 124 129 62 18 20 80 86 113 139 116 20 96 126 2 35 78 83 2 14 18 114 58 146 35 39 148 98 71 15 17 127 20 155 128 130 36 31 71 139 86 35 140 33 130 128 147 144 8 95 144 15 66 74 110 154 47 54 23 13 96 10 109 124 67 122 50 152 68 149 155 34 18 117 100 109 94 84 50 99 87 126 48 73 79 79 109 104 67 100 31 98 156 122 62 127 78 116 115 6 146 13 153 59 94 109 21 27 98 108 32 18 113 135 106 20 78 80 23 7 44 116 67 133 147 144 47 117 21 85 80 114 69 135 119 14 91 21 95 81 120 149 88 129 90 102 115 74 139 89 30 26 96 135 78 18 81 71 101 126 82 105 104 65 149 150 150 52 8 88 63 46 103 120 90 157 70 135 25 117 125 22 97 15 101 106 7 53 134 21 147 117 147 76 105 75 119 120 37 139 80 24 22 35 152 96 103 5 8 91 67 41 140 34 100 3 44 17 38 135 118 73 36 17 16 84 40 137 98 15 115 49 94 117 121 118 144 122 156 52 144 130 154 57 137 79 58 139 69 61 7 85 141 85 115 36 65 54 154 27 117 54 127 16 83 115 3 28 108 142 113 28 54 25 145 151 98 45 22 91 87 78 61 33 28 131 77 64 50 62 145 8 71 109 38 113 34 108 101 42 24 96 140 150 38 89 
126 194
172 155 21 150 176 105 90 107 138 100 70 28 100 14 190 181 155 93 153 160 143 142 56 64 120 158 144 13 139 89 121 116 159 142 5 153 116 130 114 43 175 131 12 95 19 172 128 186 102 80 153 181 98 134 119 79 57 36 186 149 37 127 79 81 40 7 63 84 5 50 114 37 97 101 159 110 77 50 185 21 69 159 111 90 26 20 187 43 8 170 184 104 125 112 73 165 133 93 44 157 54 164 177 166 178 185 10 122 160 134 129 41 139 145 77 20 25 165 65 5 101 100 143 135 112 161 
250 421
38 98 255 102 420 159 167 140 276 234 160 224 39 135 156 399 363 98 56 335 53 382 220 355 228 120 401 218 11 329 352 174 344 68 415 113 207 54 215 401 315 123 6 153 401 1 116 405 74 366 298 249 154 320 193 164 152 3 28 248 421 421 167 34 345 307 322 205 164 17 43 312 400 360 134 177 84 300 352 387 255 180 156 80 387 290 310 29 259 143 373 29 355 311 345 6 365 62 93 216 208 109 199 367 394 36 298 204 315 260 273 362 58 54 119 27 1 114 186 19 312 32 112 139 340 189 113 342 220 89 268 415 195 232 238 150 152 171 212 385 401 331 236 235 146 271 246 393 298 147 418 356 352 38 210 265 38 286 5 252 308 309 145 220 259 263 195 47 308 276 73 351 84 94 295 244 11 110 242 128 326 141 332 90 192 135 154 309 223 70 57 182 283 327 38 23 111 401 11 360 198 354 1 99 406 141 179 417 203 13 395 66 381 332 285 28 338 35 326 178 419 128 32 296 71 27 353 197 265 210 194 148 173 382 32 334 109 75 105 209 349 201 228 288 33 114 100 402 213 398 
219 48
20 28 45 12 20 47 33 12 32 46 22 36 5 40 9 31 6 13 47 42 3 21 18 15 29 40 37 18 8 44 28 5 27 37 11 25 2 8 31 9 30 21 29 28 47 39 32 39 28 15 30 31 21 30 47 29 5 39 17 4 20 1 14 37 10 18 35 11 20 44 48 21 37 12 26 11 39 38 22 38 21 33 16 46 25 10 46 19 33 27 19 11 21 21 43 47 18 4 48 32 37 1 48 45 22 10 45 25 21 1 8 47 48 30 34 42 38 34 6 4 37 19 44 40 42 48 25 22 2 27 45 3 15 20 20 40 33 7 21 13 48 32 45 41 47 30 31 36 8 35 21 12 4 19 39 41 26 1 38 11 8 19 35 26 39 32 25 6 31 41 35 17 24 34 43 19 30 4 27 9 45 23 1 20 38 16 17 6 41 25 32 6 3 14 36 26 17 19 12 25 43 20 40 48 45 31 35 10 39 12 39 37 25 45 39 8 7 31 5 
537 660
72 128 68 88 536 108 213 254 176 546 208 82 267 623 28 517 470 24 86 125 102 271 531 544 246 647 224 458 393 494 364 101 311 317 331 97 8 119 13 564 133 145 130 165 566 523 630 590 427 328 57 332 89 268 427 315 318 343 455 482 554 86 277 443 594 137 426 251 172 44 405 297 565 478 329 365 471 134 403 474 43 374 176 472 209 372 655 318 73 492 338 316 48 577 323 102 133 645 118 421 510 261 348 277 552 102 518 263 150 108 146 187 652 357 382 228 286 647 126 569 208 445 80 448 438 607 332 189 416 346 240 228 360 615 117 370 300 266 305 138 540 24 587 380 132 145 589 88 476 310 134 502 452 583 363 82 3 2 2 345 264 501 333 105 71 493 220 349 178 643 210 236 175 389 138 124 22 129 655 418 210 55 394 288 198 387 567 633 23 138 288 334 227 227 81 187 447 276 399 495 93 470 644 539 223 630 653 247 647 22 199 280 455 283 41 113 449 508 536 636 534 36 227 343 468 136 637 613 655 296 299 625 312 533 452 657 426 377 382 375 524 629 608 426 446 254 189 176 401 380 45 290 205 319 78 319 590 59 659 16 487 204 407 416 473 439 579 562 233 389 367 407 9 102 524 32 272 32 221 92 398 290 421 397 605 171 245 421 303 330 229 374 573 89 272 371 403 110 336 222 294 509 311 210 370 85 531 623 576 17 320 170 347 221 246 264 503 139 192 499 655 482 451 526 6 445 115 96 580 481 112 28 97 462 514 443 574 11 585 349 543 212 68 575 190 393 579 68 214 120 528 107 473 105 166 262 185 329 394 272 310 44 255 177 447 251 416 36 597 600 478 329 229 284 223 655 594 536 131 124 249 218 131 339 246 377 582 162 561 486 318 65 417 606 388 186 482 453 365 304 257 311 127 624 251 241 221 510 45 47 164 573 398 418 125 386 40 459 24 224 373 650 4 216 152 386 228 287 538 467 19 26 350 134 448 353 299 383 368 378 402 342 354 106 88 71 116 481 305 488 309 15 165 367 320 229 64 223 491 216 365 357 169 71 593 293 413 349 442 228 221 140 419 97 246 159 219 94 564 659 170 275 14 653 508 66 169 468 644 210 605 536 296 647 212 358 397 306 273 309 317 8 309 32 451 31 144 50 79 384 102 606 279 555 514 438 265 150 256 188 110 584 145 210 86 542 437 205 407 511 486 463 140 657 385 488 383 
230 107
104 87 48 99 63 68 45 70 72 26 49 47 68 49 105 15 76 95 22 96 27 44 54 52 61 48 62 55 61 57 78 37 62 72 8 30 74 93 9 64 67 90 1 19 19 77 2 62 32 29 33 11 22 12 27 81 22 14 74 67 77 43 93 17 96 24 74 105 27 97 95 30 54 15 5 65 40 28 1 98 13 102 31 24 24 95 2 40 3 73 47 6 71 65 17 25 98 17 47 82 48 40 14 24 69 40 7 33 85 19 83 37 105 28 76 55 94 81 81 30 17 100 56 3 42 40 69 43 44 16 82 58 54 58 72 33 100 40 8 94 92 96 41 27 60 29 4 56 69 28 106 49 96 46 44 9 17 7 17 64 44 54 3 39 51 72 86 53 101 45 61 42 87 106 90 14 61 68 46 55 68 19 33 69 87 80 38 97 44 8 76 64 18 60 85 42 64 51 66 1 31 1 86 28 42 54 102 15 76 1 72 46 26 34 37 79 20 91 34 58 80 107 33 53 11 26 84 19 69 39 
503 359
58 46 11 48 127 254 110 93 179 55 55 189 328 104 179 123 178 267 184 349 59 286 146 335 208 172 132 265 272 18 73 122 204 137 167 307 334 63 150 334 35 222 327 345 163 131 114 133 86 53 19 3 288 193 193 101 188 213 11 297 123 322 239 133 18 4 66 252 56 332 37 118 74 24 179 30 242 56 102 96 299 75 64 34 12 220 329 172 7 150 103 109 36 196 1 18 161 39 107 122 97 258 347 64 74 321 255 85 41 155 11 205 272 44 155 307 154 36 218 232 339 344 359 103 102 173 333 67 59 10 253 354 168 118 199 305 190 107 56 352 27 73 155 309 159 85 225 327 194 35 52 135 46 214 7 257 247 177 75 110 185 76 149 155 37 136 183 318 46 77 346 205 110 34 5 104 212 304 124 102 129 142 298 332 238 333 10 103 87 120 285 174 3 324 285 147 205 151 304 167 93 157 268 112 350 294 68 186 13 53 103 317 196 118 266 326 257 358 48 50 266 117 12 258 162 269 215 134 8 67 175 304 202 164 107 139 78 339 122 1 113 341 336 51 303 214 333 118 89 220 158 59 19 257 359 253 297 154 356 93 352 265 332 217 198 67 304 248 226 307 317 137 122 259 123 25 166 131 30 44 236 229 110 51 142 131 66 200 325 81 195 245 224 349 271 53 129 225 100 203 278 122 54 71 145 71 235 347 244 147 288 32 273 223 110 145 200 224 194 85 225 183 306 305 133 216 76 284 45 326 1 82 137 117 166 175 326 168 257 79 330 169 287 61 162 178 145 295 358 24 83 318 129 297 249 64 336 46 174 324 300 232 86 180 121 356 330 167 130 226 276 102 154 84 112 260 31 230 287 139 302 148 45 75 27 326 5 99 147 193 114 308 252 196 288 225 115 182 12 25 94 124 199 333 89 49 120 190 54 59 208 122 230 182 283 68 199 1 254 157 240 293 150 32 49 296 310 249 134 10 168 329 98 181 186 182 332 264 41 359 196 175 323 252 270 255 229 221 329 278 258 307 43 344 232 298 330 83 356 225 168 75 335 35 298 102 147 21 172 107 32 235 41 114 358 330 219 215 199 81 145 167 316 12 42 207 245 146 48 6 186 134 340 6 26 60 346 59 337 24 35 254 297 
728 534
135 423 69 339 86 422 405 198 159 99 67 482 385 58 263 29 469 307 344 527 249 106 5 170 446 260 31 336 164 203 180 217 12 440 252 190 363 61 378 510 54 345 224 69 107 283 402 55 357 110 100 272 429 1 24 121 236 401 269 439 181 391 286 28 151 73 194 201 156 510 67 345 80 438 522 362 335 156 81 358 114 202 195 49 245 68 377 254 1 19 359 79 448 68 172 387 475 225 157 332 25 86 490 489 227 504 514 428 67 162 469 190 291 142 423 279 171 51 72 178 334 21 73 169 372 343 301 392 366 201 103 367 402 233 59 246 156 530 184 52 90 43 493 387 14 258 153 290 164 483 513 422 211 489 72 248 428 519 205 91 187 403 452 506 180 450 501 457 497 318 68 150 197 291 481 109 485 464 149 517 340 292 341 233 335 272 433 388 358 180 378 335 431 359 280 391 7 340 342 298 273 196 365 470 45 58 303 151 377 483 150 120 249 529 334 66 230 468 258 183 529 203 415 521 468 236 244 60 87 436 102 324 321 24 27 370 272 441 181 441 235 199 358 160 123 18 456 65 179 457 159 79 388 499 180 94 405 100 448 448 105 95 151 482 77 288 167 126 261 314 337 82 450 479 88 489 290 157 118 409 209 465 67 316 168 84 19 58 54 177 515 204 394 148 137 251 149 341 509 15 6 198 168 44 431 340 310 268 75 518 254 139 277 109 493 77 40 41 123 387 1 533 49 400 64 431 165 165 276 133 483 155 440 52 68 179 308 231 94 529 50 404 350 463 79 437 108 11 112 486 336 390 343 216 182 473 169 429 349 521 491 434 138 114 271 169 127 529 520 440 94 84 100 181 366 354 405 110 518 371 9 150 120 213 11 109 141 474 331 462 43 265 177 405 156 276 184 114 493 265 503 29 451 42 352 38 137 417 52 478 480 378 443 31 200 191 430 48 229 445 423 458 332 296 343 62 325 449 308 465 220 184 231 499 312 459 246 437 223 533 416 125 258 63 434 173 185 84 308 100 156 32 247 495 347 320 421 183 106 201 111 52 382 261 22 393 251 302 272 146 62 286 394 174 306 216 14 464 228 314 323 343 321 248 195 416 216 82 359 495 459 448 442 398 38 502 180 209 305 435 294 237 359 229 509 113 231 227 62 494 106 297 340 15 114 105 400 309 204 390 230 203 416 483 115 377 490 64 240 480 72 169 205 82 455 217 374 376 202 410 388 384 144 144 340 100 349 3 296 399 23 246 386 91 524 398 256 342 117 32 401 130 61 255 126 320 423 241 363 217 162 377 181 375 124 483 186 242 350 120 74 464 288 415 106 346 433 355 104 341 52 112 404 458 403 495 273 193 465 529 4 523 355 518 145 509 158 421 195 106 200 283 400 371 233 12 291 183 167 463 160 326 107 369 509 518 252 35 446 262 392 360 514 237 480 262 515 104 451 208 343 284 464 451 491 92 160 421 320 129 63 441 321 85 32 216 75 295 322 334 510 252 512 493 274 279 486 115 48 513 498 87 51 397 11 502 494 503 72 469 243 337 382 398 168 28 251 350 160 485 81 286 151 403 509 359 502 418 213 146 233 9 106 377 87 238 505 119 52 152 511 281 23 372 365 163 7 487 459 522 369 161 444 113 37 314 417 104 
860 806
445 385 803 594 202 75 241 55 352 20 541 738 431 696 580 352 604 558 95 672 779 664 217 488 171 698 247 305 255 239 715 33 654 8 752 357 513 211 581 58 527 258 190 4 663 751 691 547 648 526 193 248 483 703 801 574 499 315 289 258 278 799 759 602 536 82 210 481 364 218 215 790 708 428 551 374 422 269 376 456 794 70 383 40 253 189 287 135 33 438 152 240 489 783 486 430 774 730 733 669 801 464 426 549 190 229 367 607 208 637 146 62 255 614 655 283 568 429 335 540 444 651 142 100 388 45 742 190 195 609 750 483 399 375 550 167 271 149 695 29 325 755 684 572 73 706 80 704 197 310 303 363 57 771 168 177 506 640 271 116 100 174 771 344 669 569 640 39 413 578 645 395 796 336 589 497 700 694 786 481 109 371 554 656 40 25 423 728 195 23 115 726 308 496 503 165 533 54 260 762 255 278 405 309 83 795 233 727 637 757 623 548 711 517 45 441 422 350 92 197 701 491 501 504 428 643 399 412 283 736 6 51 187 681 623 442 257 572 29 753 74 248 748 264 368 169 167 636 512 266 337 538 581 666 197 89 273 140 680 19 131 495 30 762 159 333 57 760 223 353 52 646 724 310 648 32 135 293 473 51 15 118 201 108 647 50 709 573 599 12 220 676 166 473 518 770 95 383 172 535 686 316 650 785 398 312 416 64 697 233 583 249 752 375 665 677 534 105 510 536 292 803 454 731 246 132 779 800 4 143 36 345 183 437 16 799 437 454 608 715 260 433 52 759 106 1 485 705 489 330 214 193 538 696 266 27 750 225 428 477 226 785 623 317 167 120 30 793 589 382 457 749 271 376 789 467 237 492 678 173 198 305 165 155 316 450 131 657 637 15 588 168 474 736 494 530 464 759 196 576 37 406 587 321 398 619 560 504 744 364 548 589 538 724 103 441 398 524 431 280 532 429 367 614 295 378 257 446 342 137 522 461 522 200 672 342 231 64 286 679 738 785 554 98 77 1 800 206 241 721 674 37 91 795 369 313 588 270 591 19 435 741 532 162 457 649 368 646 708 791 795 254 786 192 326 111 658 184 728 449 404 384 352 545 678 63 746 567 758 199 537 240 772 591 753 371 415 384 565 571 386 342 112 577 796 702 796 739 406 489 99 376 702 681 737 164 648 583 571 468 42 546 262 679 625 369 650 66 176 706 77 2 556 301 798 464 733 692 44 751 623 89 488 388 581 368 685 203 786 311 329 387 370 543 743 794 225 179 104 125 406 344 799 710 513 91 745 596 232 271 511 728 369 128 344 290 684 112 120 523 94 617 204 71 454 307 351 60 89 495 431 465 348 365 468 26 609 101 395 265 421 38 70 748 95 221 443 254 53 349 66 13 799 406 405 281 716 229 622 16 292 284 207 331 23 678 458 646 128 513 207 251 20 710 723 719 743 732 16 532 528 695 223 73 790 335 200 773 389 158 259 421 53 552 708 515 376 187 190 381 273 317 188 652 414 667 232 108 739 751 728 118 19 601 279 535 21 718 235 70 745 535 334 613 766 621 589 444 59 418 657 258 622 799 255 252 422 727 760 389 273 366 397 239 268 280 568 506 33 544 322 611 380 561 447 196 599 96 5 186 654 505 701 91 70 63 92 744 76 390 74 594 392 273 701 327 174 87 323 467 342 455 525 707 136 750 368 184 651 186 62 307 362 282 773 496 426 547 248 598 678 152 469 769 377 353 93 44 656 334 6 68 190 339 38 275 125 558 129 590 252 662 393 736 781 305 479 264 182 234 89 463 76 11 176 511 623 109 440 781 304 149 80 806 748 413 755 100 42 218 402 712 615 340 703 249 509 787 323 611 222 83 787 217 339 306 221 772 729 244 626 412 714 688 487 48 528 28 310 613 589 247 459 203 385 332 371 655 609 268 738 693 296 318 57 756 660 32 67 358 
