1000
17 7 500
6 9 155
11 12 496
10 9 194
18 17 167
7 20 488
10 11 59
7 19 456
19 16 63
20 12 331
18 18 208
4 13 159
3 8 43
10 5 136
13 13 249
20 4 12
10 18 463
7 15 484
8 13 364
9 17 484
17 17 341
7 19 367
17 4 325
20 11 58
12 18 439
14 6 403
2 15 412
11 18 17
11 5 492
16 17 460
8 20 157
18 16 405
6 19 428
4 2 180
18 17 62
7 20 140
19 18 73
13 19 499
7 16 450
2 8 5
3 17 478
2 12 229
3 15 69
3 3 151
2 17 500
13 8 378
10 5 209
6 11 447
19 12 385
11 11 179
2 15 84
5 19 199
17 18 178
14 2 499
18 12 395
11 13 444
6 6 419
5 19 434
11 12 71
11 10 128
11 20 322
19 16 487
10 18 305
10 3 134
12 20 347
9 11 35
11 3 220
18 7 456
4 15 305
17 7 219
10 8 24
9 8 70
3 6 340
4 4 186
15 20 295
13 10 175
13 17 123
19 12 361
13 8 70
7 11 302
20 14 323
2 7 21
10 6 80
14 14 348
19 13 225
9 4 225
19 16 222
19 10 135
19 11 220
3 5 100
14 2 465
5 6 399
12 20 22
6 11 283
6 10 494
11 16 477
9 6 22
16 3 151
13 4 285
20 20 241
11 5 442
7 8 315
20 7 231
3 4 400
17 18 426
7 10 126
16 14 66
15 14 328
17 11 417
14 18 238
2 11 439
15 13 202
19 14 340
5 15 434
10 3 325
10 10 305
8 15 226
18 19 241
10 16 261
2 9 275
14 15 462
8 2 22
10 19 213
4 16 106
20 11 280
5 4 179
8 3 403
14 9 286
13 8 5
8 19 233
13 19 313
6 4 424
14 19 77
8 14 195
14 10 38
11 17 449
13 18 148
16 17 67
4 2 432
6 11 35
4 17 365
4 12 106
20 10 448
8 9 304
8 11 389
4 13 89
4 18 379
4 17 61
14 6 127
19 9 23
3 6 456
19 9 240
19 14 446
2 11 449
18 3 43
17 14 74
3 12 92
3 12 325
19 10 309
10 7 340
4 12 366
6 12 283
10 4 381
12 2 9
17 10 204
18 3 336
18 17 115
10 18 102
5 7 350
2 17 492
15 12 238
5 4 351
5 15 101
12 6 98
8 15 78
12 12 248
18 12 466
18 5 413
6 15 185
12 2 391
18 20 319
2 14 322
15 10 432
16 20 252
2 3 291
7 15 170
14 10 146
7 2 460
4 20 189
4 20 250
17 10 468
15 8 30
6 12 446
4 9 333
12 4 430
15 20 154
16 4 418
15 4 93
14 16 63
20 13 432
12 20 116
13 14 223
11 20 301
5 13 62
3 13 358
19 16 36
19 7 254
17 18 226
20 9 382
13 15 214
7 12 112
10 18 443
9 16 201
6 6 3
6 14 348
14 5 325
18 19 297
10 16 215
19 10 292
3 8 376
2 16 32
6 16 69
17 17 407
11 11 321
8 8 219
9 15 229
3 20 322
10 20 209
3 9 283
4 19 288
17 20 288
20 17 224
10 16 80
18 17 248
4 14 235
16 12 125
18 15 45
2 6 381
18 2 115
4 13 363
16 4 409
20 6 136
10 2 86
18 14 349
16 3 101
6 9 241
18 2 17
7 12 153
6 18 209
8 15 121
10 11 481
12 15 367
16 20 37
7 2 274
5 9 419
10 14 454
15 12 284
6 12 248
3 11 50
11 5 153
20 11 368
13 2 177
8 18 316
15 18 477
10 19 499
16 11 445
15 14 440
10 10 213
8 4 431
16 19 363
17 4 156
20 15 259
8 2 334
4 2 164
13 4 110
12 10 483
14 20 78
18 13 270
17 11 413
11 8 416
15 3 384
9 20 243
20 17 81
2 2 172
2 20 432
7 16 401
16 16 117
11 8 192
17 6 395
12 8 395
3 13 279
5 6 250
7 19 461
4 8 293
3 6 292
7 17 211
16 15 406
17 17 181
6 7 368
18 4 77
11 11 243
4 17 64
8 18 187
7 8 225
10 2 207
17 18 353
9 19 345
20 11 387
7 3 393
6 19 87
14 16 335
10 18 407
20 7 48
18 3 223
2 16 132
9 4 485
17 11 275
8 11 156
6 9 285
17 4 335
10 10 171
6 2 434
8 10 7
18 7 440
7 7 479
15 7 31
20 8 219
4 12 277
4 12 312
12 19 35
8 3 161
2 15 92
19 17 66
15 5 42
20 9 352
2 18 470
8 19 103
16 12 91
7 14 221
14 13 355
20 17 87
8 8 425
7 13 469
17 13 180
5 9 413
8 5 226
8 6 205
19 4 220
2 8 372
12 9 64
2 10 231
12 9 470
2 4 201
11 17 61
18 2 424
4 20 338
17 3 135
2 4 448
14 8 142
19 17 102
8 19 193
10 12 233
20 20 224
10 19 184
6 15 398
20 13 289
4 13 140
4 11 148
14 16 347
2 10 383
15 8 271
13 14 19
4 13 265
18 18 32
15 2 18
19 15 123
9 14 286
19 19 357
20 5 131
19 10 296
4 12 119
4 10 252
4 4 421
14 4 447
13 2 215
2 6 490
5 19 267
12 12 399
12 8 433
16 13 368
20 10 473
2 16 117
5 17 284
4 5 213
11 2 213
9 7 140
17 18 33
12 13 372
11 13 489
8 19 6
20 10 246
11 11 271
11 11 347
10 17 369
7 8 1
6 3 373
2 2 129
19 2 385
5 8 130
8 4 436
6 5 324
9 10 133
18 18 418
18 17 288
2 19 305
2 9 133
14 4 412
10 7 482
8 4 460
12 6 195
2 16 499
9 13 135
7 16 61
12 5 402
19 8 290
4 5 141
14 13 192
10 4 29
16 15 439
6 2 315
15 6 103
4 13 2
20 10 70
2 5 18
16 6 145
3 2 369
2 18 402
18 2 12
9 2 474
11 16 2
7 14 480
8 11 63
3 16 393
18 13 83
10 15 142
15 18 149
19 4 126
5 5 308
17 15 44
14 14 495
12 2 182
4 3 67
10 13 52
18 8 368
6 18 390
16 19 314
7 3 444
20 12 6
13 9 5
18 15 337
18 2 241
8 10 137
19 20 343
20 20 251
10 4 483
6 18 454
18 3 147
15 6 235
11 11 56
20 3 389
4 16 49
17 6 294
6 3 212
6 11 499
16 10 147
9 14 291
19 3 358
15 11 133
16 10 473
9 6 421
14 11 494
5 3 29
19 19 151
17 8 294
6 3 205
7 12 333
3 12 256
13 6 171
13 19 411
8 19 323
5 4 166
9 16 253
6 4 38
15 3 428
12 5 246
2 14 216
13 2 169
16 11 189
10 10 75
7 20 95
13 2 466
18 6 288
18 3 409
14 7 495
4 19 124
16 14 132
16 13 106
13 17 210
3 13 390
6 15 38
19 18 353
10 13 275
7 11 182
8 4 158
15 6 162
18 9 334
18 15 21
14 2 496
20 18 487
6 12 135
12 5 100
16 17 344
4 16 363
3 9 194
11 11 268
18 2 442
14 2 375
6 4 106
6 17 269
6 15 387
17 15 198
13 17 278
4 18 259
14 5 385
4 7 15
17 15 420
19 18 73
8 16 301
7 6 486
12 6 206
10 12 168
16 10 130
14 10 338
15 15 350
4 20 454
4 17 198
20 3 382
4 19 103
18 15 89
15 14 72
20 7 187
13 9 314
20 18 99
14 15 332
17 12 498
9 14 218
10 14 142
4 9 499
8 17 404
7 10 256
10 8 228
6 18 1
9 9 196
14 19 272
3 7 366
7 5 316
5 6 25
2 2 250
20 11 374
18 17 9
12 14 419
12 18 495
10 10 19
12 11 312
20 3 214
15 13 406
2 3 445
3 18 129
8 19 194
10 3 65
13 18 285
5 3 420
12 19 157
17 15 55
15 9 330
10 5 185
4 18 222
19 18 135
15 13 192
2 12 263
11 20 433
9 19 17
17 5 428
10 14 330
10 15 309
9 15 205
11 9 138
9 3 111
15 8 176
4 12 385
3 20 445
2 2 296
8 16 25
16 13 84
12 8 162
16 3 479
12 16 8
5 9 403
10 17 296
14 18 223
20 13 72
6 13 398
4 14 223
2 4 442
17 2 107
4 2 5
5 15 179
3 14 40
2 16 134
4 9 459
3 12 212
14 6 207
5 10 307
13 10 41
18 14 144
4 11 48
10 7 489
10 3 225
12 19 487
10 19 350
5 7 372
10 14 145
11 7 62
19 7 53
20 6 207
14 7 170
19 16 401
15 7 1
12 9 140
16 8 65
12 5 305
4 2 20
4 8 290
20 10 50
17 6 297
4 4 253
17 4 135
13 11 485
13 18 159
17 2 146
15 12 78
20 4 153
12 16 361
2 19 61
8 7 108
20 8 121
4 8 436
16 16 213
13 16 485
6 15 279
20 6 332
15 7 68
8 7 386
9 2 163
18 17 229
9 8 122
15 6 137
11 15 122
9 6 23
9 15 197
15 4 215
13 10 186
12 11 452
15 3 268
12 20 367
14 19 72
18 12 417
7 19 63
8 8 155
12 16 459
16 15 28
11 12 290
7 20 54
19 15 474
5 18 255
10 20 277
18 11 443
10 17 227
8 6 461
11 11 189
4 12 185
3 8 448
3 9 357
6 11 18
11 15 226
9 2 104
4 20 255
3 10 348
9 13 490
5 15 314
3 17 245
4 10 190
18 2 427
19 9 473
4 20 266
6 9 103
10 12 448
19 18 331
3 19 500
13 5 311
20 8 470
13 3 150
12 2 476
8 10 466
12 13 221
14 20 85
2 19 340
9 5 36
10 20 254
4 9 30
10 5 29
14 15 392
6 14 500
11 16 450
18 20 169
13 7 162
10 3 213
8 20 147
20 9 491
12 4 27
18 9 470
12 17 169
3 5 6
5 19 489
2 4 487
4 19 375
19 16 63
13 18 305
2 20 497
7 15 296
9 15 430
2 7 465
4 4 129
20 18 14
9 16 95
9 20 433
4 19 324
14 2 144
11 5 312
10 18 441
3 3 170
3 8 135
5 8 274
2 7 143
2 13 351
13 12 465
13 7 123
5 4 128
5 9 156
9 2 89
17 16 484
9 7 500
11 13 353
15 9 138
7 11 399
3 11 277
5 11 389
12 19 341
14 20 282
2 17 274
4 15 106
10 7 185
4 19 84
10 7 485
10 20 419
4 5 313
6 2 386
15 18 315
16 5 226
4 3 145
4 18 149
20 20 169
14 10 296
16 20 189
3 9 463
6 10 355
2 15 42
11 9 236
18 18 26
14 4 170
14 17 354
17 9 386
12 16 364
19 14 336
19 5 68
14 5 471
20 14 138
20 14 60
14 8 435
13 10 462
15 11 169
14 4 403
18 18 484
12 17 280
10 4 340
17 12 300
7 6 73
18 6 14
19 2 218
12 6 273
2 13 236
3 7 344
14 18 208
10 2 385
13 18 106
11 7 275
16 9 118
12 17 178
14 2 294
5 8 226
9 8 248
6 9 29
19 19 176
19 4 8
4 3 293
17 4 369
14 2 364
7 19 216
5 13 362
6 5 32
3 12 286
10 13 252
6 20 247
7 8 174
6 4 382
16 13 383
5 12 282
11 19 14
3 14 122
14 13 316
19 7 197
18 19 379
7 7 242
18 15 2
10 14 372
10 3 346
6 11 471
12 2 429
11 19 489
5 4 35
10 19 115
16 7 145
11 17 23
5 12 262
14 19 114
10 3 208
8 2 341
13 16 192
17 13 280
11 6 403
11 10 461
14 3 363
16 10 88
18 3 233
14 6 91
5 13 77
13 6 494
16 2 473
13 4 241
20 3 290
14 20 393
18 4 162
20 11 270
10 5 382
7 14 498
18 7 10
11 4 230
18 14 359
8 6 163
11 4 452
17 7 336
8 2 5
15 17 149
9 6 381
4 3 232
7 5 380
15 6 133
15 2 363
6 3 182
13 9 410
5 16 328
18 16 273
20 16 50
6 5 43
3 17 253
2 12 338
18 14 457
14 11 32
5 16 25
19 12 183
5 11 386
6 5 491
13 6 426
19 12 430
5 4 284
18 6 499
18 8 399
8 20 231
10 9 453
19 9 432
8 8 208
4 5 410
17 19 292
8 5 480
17 15 78
17 6 204
14 2 160
20 10 279
18 6 142
18 20 14
11 12 356
14 11 222
3 7 408
14 16 268
20 2 148
18 13 407
18 17 8
18 19 229
16 15 197
12 10 4
12 9 429
2 13 15
15 15 434
4 9 338
12 9 109
7 13 241
2 8 455
19 17 17
2 11 53
18 10 57
14 9 124
13 2 96
6 19 189
8 9 157
16 9 105
11 19 254
18 17 96
10 14 22
15 20 112
3 20 369
10 9 159
8 18 200
4 14 243
15 17 26
11 13 69
2 11 103
13 19 293
11 12 392
4 19 99
19 17 402
4 3 481
3 18 470
19 3 224
17 2 3
2 13 200
12 11 258
15 11 131
8 13 38
8 2 233
11 15 413
11 18 344
11 4 206
19 17 353
5 10 496
12 3 96
6 10 154
8 11 38
14 19 486
7 13 449
15 11 312
2 16 375
3 9 335
5 3 490
17 15 179
15 13 46
3 9 169
19 5 114
13 10 295
7 5 47
16 6 6
17 16 489
9 20 292
16 8 224
16 9 21
14 2 140
20 2 221
17 4 265
14 2 493
13 10 285
8 9 208
