64
10 10 3
5 9 66
4 5 100
2 9 36
7 2 74
1 2 19
8 5 66
10 4 30
3 4 23
6 10 22
10 4 83
2 7 4
5 8
10 11 1
5 3 9
10 3 88
9 10 32
1 10 26
7 1 35
8 1 73
6 1 21
2 1 5
4 8 59
4 2 44
4 1 22
10
7 9
8 10 5
7 4 82
1 4 45
6 7 6
5 6 87
3 7 71
8 4 22
2 8 5
6 3 72
6 7 8
3 7 33
1 8 3 7 5
6 4
11 12 4
5 10 26
4 10 87
2 4 59
6 2 66
7 5 3
3 6 26
8 3 82
1 8 48
11 2 69
9 10 68
5 10 85
7 1 11
4 1 5 6
2 11
10 9 1
1 2 71
4 2 95
10 4 65
6 4 87
5 1 40
8 4 45
9 8 98
7 10 50
3 2 26
8
7 4
12 11 10
11 4 6
2 11 4
7 2 68
12 11 18
1 12 79
3 12 84
9 3 40
10 1 68
6 1 42
5 2 23
8 11 74
7 8 1 12 3 5 11 4 6 9
2 10
7 9 2
4 3 14
1 3 87
7 1 20
5 3 63
6 5 64
2 5 83
7 1 53
3 2 82
5 3 12
4 7
6 1
12 14 1
1 3 50
2 1 44
8 1 3
9 3 54
11 1 65
4 9 32
12 8 62
6 1 79
7 8 74
5 8 15
10 1 30
12 3 96
7 6 29
2 10 50
4
6 11
11 13 8
2 11 4
5 11 29
6 5 54
9 5 46
3 9 39
10 6 25
7 2 72
4 2 47
1 10 98
8 7 72
3 9 2
5 10 87
9 7 26
10 6 11 7 5 9 1 4
8 3
4 4 2
4 2 67
1 2 70
3 4 45
1 2 61
3 4
1 2
4 7 1
2 1 75
4 2 34
3 2 69
2 3 3
1 3 70
3 2 30
4 2 4
4
3 1
11 12 2
2 11 27
9 2 86
10 11 11
7 9 8
8 11 82
3 7 29
1 3 50
4 2 39
6 7 28
5 9 17
10 4 86
9 7 39
8 3
11 9
12 12 10
5 3 35
1 3 44
11 3 1
12 5 42
6 5 36
7 3 37
8 3 47
10 1 63
9 6 38
2 10 98
4 5 85
12 5 46
12 7 3 6 2 9 5 11 4 10
1 8
11 13 9
9 6 6
3 9 70
11 3 62
7 11 44
8 7 96
5 6 87
2 11 79
10 8 84
1 7 88
4 6 44
4 5 79
4 1 70
5 4 5
8 7 2 4 11 6 10 5 1
3 9
12 13 3
1 11 30
8 11 13
9 1 28
10 8 73
5 10 25
3 8 98
12 11 46
6 10 23
7 8 52
4 5 49
2 4 31
4 9 96
7 2 82
3 6 4
2 11
3 3 1
3 2 48
1 2 98
1 2 7
2
1 3
5 6 3
2 1 6
3 1 78
4 2 26
5 4 29
1 3 59
3 2 82
1 3 2
5 4
3 4 1
3 2 71
1 3 38
3 2 33
2 1 24
3
2 1
9 9 2
6 2 44
8 6 58
7 2 5
3 7 7
9 3 31
5 8 12
1 7 64
4 8 58
5 7 49
9 2
4 7
6 5 1
1 4 76
5 1 35
3 5 51
6 4 92
2 4 29
5
1 2
3 6 1
1 3 77
2 3 3
2 3 69
3 1 79
2 1 17
3 2 20
2
3 1
4 6 1
3 4 68
2 4 80
1 3 39
3 4 80
1 2 49
2 3 64
2
1 3
11 12 1
1 5 27
3 5 95
6 1 42
8 3 66
9 1 29
7 9 67
4 8 74
10 4 14
2 8 78
11 7 54
11 6 44
1 5 31
8
10 9
4 6 1
3 1 69
4 3 57
2 4 5
3 1 38
3 2 32
1 2 17
3
4 2
9 8 1
4 3 17
9 3 72
1 4 21
5 3 51
8 4 47
7 9 21
2 9 12
6 4 77
5
8 7
8 10 3
3 6 95
7 6 5
8 6 89
1 8 77
4 7 55
2 4 4
5 6 3
7 2 28
5 3 97
4 6 21
6 7 1
2 5
7 9 4
2 1 33
5 2 49
7 2 83
6 7 37
4 2 93
3 2 79
3 7 20
2 3 23
3 5 18
7 2 4 6
3 1
10 10 5
4 6 99
5 4 9
8 4 53
7 6 78
10 5 76
3 6 41
9 8 35
1 5 58
2 3 73
6 8 51
7 3 9 5 10
6 2
9 9 4
2 5 18
9 2 77
6 5 50
7 2 100
8 5 6
3 7 21
4 2 90
1 5 69
6 9 94
6 2 7 9
5 4
4 4 1
2 3 57
4 2 58
1 4 79
1 3 36
3
4 2
11 13 4
6 1 8
7 1 23
4 7 98
11 6 19
3 4 49
8 7 53
9 8 90
10 11 46
5 9 30
2 10 24
6 7 16
2 1 28
8 10 34
11 6 2 8
1 4
3 5 1
1 2 89
3 2 20
2 1 99
3 2 24
1 3 27
3
2 1
11 10 3
9 1 85
6 1 65
7 1 18
11 6 82
2 11 20
5 11 50
3 7 6
10 3 98
8 5 28
4 10 70
6 1 2
3 11
3 3 1
2 3 99
1 3 21
2 3 97
2
3 1
7 10 3
1 6 31
5 1 91
7 6 41
2 6 73
4 5 79
3 1 55
5 7 95
6 7 33
3 2 14
1 4 78
5 4 6
1 3
5 4 2
4 2 47
5 2 53
3 5 9
1 3 48
2 3
1 4
12 12 2
3 8 44
1 3 41
11 8 86
6 8 20
4 1 74
5 1 92
12 4 29
10 3 28
2 6 31
7 4 9
9 12 79
11 1 69
7 5
8 12
12 14 8
4 2 81
6 2 27
1 4 29
8 4 79
3 8 58
5 1 67
9 4 1
12 6 40
7 1 16
10 6 84
11 1 51
7 3 92
10 6 79
6 5 94
1 7 6 9 12 11 5 3
8 10
3 6 1
1 2 20
3 1 62
2 3 8
3 2 88
1 3 93
2 1 92
2
1 3
8 9 1
6 2 2
1 6 99
3 2 22
5 6 71
7 6 94
4 5 28
8 5 77
4 3 47
7 3 94
3
2 7
9 11 2
7 6 83
9 6 1
4 6 36
5 4 53
2 4 11
8 5 18
3 4 98
1 9 89
8 6 46
7 6 68
7 5 94
4 3
7 6
6 5 4
2 6 8
1 6 85
4 6 68
3 2 56
5 6 53
4 6 2 3
5 1
11 13 3
1 9 99
2 9 37
4 9 60
10 2 74
6 4 85
5 6 60
11 9 36
3 6 51
7 6 41
8 4 58
10 5 53
9 3 60
5 10 50
5 7 10
9 3
12 11 3
5 10 42
4 5 48
9 4 67
6 10 93
12 10 4
7 12 46
1 5 88
11 12 48
2 9 84
8 12 73
3 5 22
2 12 3
7 9
5 8 1
5 4 43
2 5 82
1 2 57
3 5 55
2 5 48
4 5 5
2 1 64
1 4 92
2
3 4
7 6 1
1 5 51
4 5 20
7 1 20
3 4 40
6 4 72
2 6 86
5
7 1
9 9 4
9 8 57
5 8 73
7 5 3
4 5 33
1 5 51
6 4 78
2 5 67
3 1 64
3 1 21
5 9 1 8
2 7
7 10 1
5 4 81
6 4 64
2 5 71
3 5 71
7 5 15
1 3 75
3 5 32
4 5 93
3 5 30
2 1 47
6
2 7
10 12 7
6 4 16
8 6 42
3 6 28
5 3 63
10 3 33
7 4 57
2 6 24
1 5 77
9 2 2
4 9 90
6 9 99
9 4 77
6 9 7 5 1 10 4
2 3
10 11 1
2 5 46
9 2 45
1 5 87
3 9 37
8 3 72
4 2 84
6 4 61
7 3 75
10 7 20
5 8 94
7 9 64
5
9 10
8 9 4
4 8 89
6 8 90
2 4 2
7 8 27
3 4 53
1 3 38
5 4 93
6 5 97
1 7 46
7 3 4 1
5 2
4 4 1
4 2 17
3 2 16
1 4 81
3 2 44
4
1 3
11 12 1
11 3 74
1 11 71
7 1 29
2 7 87
9 1 56
6 7 46
8 9 54
4 8 22
10 1 17
5 9 48
9 4 80
4 2 24
4
9 1
7 10 1
1 5 66
4 1 77
7 5 87
3 4 31
2 1 17
6 7 48
4 2 62
4 6 35
7 6 84
2 1 32
2
3 1
12 12 2
6 2 5
8 6 99
5 2 17
10 6 39
3 10 84
7 5 17
9 10 4
1 9 51
4 1 51
11 9 30
12 4 32
5 2 97
6 3
7 12
3 2 1
1 2 70
3 1 28
1
2 3
12 12 7
5 2 73
12 2 85
4 5 51
8 12 28
11 5 87
10 2 98
9 10 17
3 10 4
7 4 84
1 3 63
6 10 58
11 4 68
5 7 10 6 9 1 12
11 2
12 12 10
11 12 35
6 11 13
3 12 43
7 12 38
8 6 62
5 11 12
4 5 87
2 12 29
9 4 57
10 3 24
1 11 72
9 2 46
2 7 12 4 9 5 11 1 8 10
3 6
11 10 6
6 9 19
11 6 48
8 11 36
3 9 37
4 11 9
7 6 61
5 3 9
1 3 3
10 8 20
2 6 86
9 11 6 2 3 4
10 5
12 14 2
1 7 54
3 7 85
4 7 46
10 1 13
9 7 48
12 10 67
2 7 37
8 10 13
6 10 10
11 6 34
5 6 61
2 3 53
7 12 72
3 2 78
12 11
5 9
8 8 1
4 1 62
6 4 98
3 6 81
7 1 53
5 6 43
2 5 45
8 2 37
3 6 77
1
5 8
4 6 2
1 4 10
2 1 22
3 2 29
3 4 54
1 3 82
1 3 98
1 4
3 2
9 10 5
3 5 52
8 5 78
1 5 79
4 3 9
2 8 62
7 1 65
9 1 78
6 7 54
7 4 47
4 6 13
3 9 7 4 1
5 8
12 13 7
10 4 11
9 10 37
3 9 20
1 10 24
2 9 69
6 10 85
7 2 88
5 3 67
11 1 74
12 2 32
8 11 29
3 12 73
6 8 55
2 7 1 3 9 5 4
10 6
