10000 5000
2 7607 6796
2 7466 6375
4 9966 9421 9928 9961
4 9783 9816 8655 9262
3 9796 724 3661
3 9409 9620 9818
3 8836 7490 6365
2 1721 9413
2 6405 5312
2 8249 5854
4 9943 9956 9936 9985
2 9393 9739
3 9187 9759 9404
4 4018 3869 7764 8734
3 9142 6891 9403
3 8389 9033 9064
2 9878 9841
4 9999 9883 9995 9505
3 7448 856 4862
4 9676 3014 9925 9675
4 9999 9978 9878 9777
3 6812 1061 2954
2 9366 7672
3 8911 8420 9024
4 9926 6386 7328 9272
3 9974 7894 7885
2 1506 308
3 9499 9820 9944
3 9894 9747 3004
3 499 9361 9630
2 7785 7489
4 9954 9757 9941 9901
3 7572 2401 6561
2 9489 9900
3 8833 6629 8593
4 9531 2877 5420 8434
4 8428 9944 9884 9534
3 9648 9912 8437
4 3066 9994 9985 9316
3 8427 7291 3007
2 2097 6848
4 9112 9833 6035 9787
4 9391 9995 9150 1188
4 9998 8600 9975 9505
3 8088 7424 5943
4 7582 7841 7033 5190
4 9750 1631 2282 9308
4 8550 9461 9224 4370
3 9879 2953 8388
3 7692 9861 6548
4 8469 6430 9296 1495
4 5818 9312 3368 7497
3 3634 4868 570
3 6690 9867 9798
3 5226 6443 9010
4 9340 3819 4537 2025
4 4531 8069 3365 1690
4 9190 9664 9441 9263
4 9941 9739 9181 7521
3 9942 9987 9092
2 8871 9591
3 9378 9338 9756
3 9871 9121 1811
3 4253 8134 5735
2 2574 5545
2 9971 6620
3 9871 9957 9932
2 4523 9438
4 9073 8690 8975 9789
3 9351 6098 9462
2 9579 8949
2 7222 7193
4 8463 3414 5116 5761
3 9550 8498 9672
4 194 8560 8607 3417
4 9807 9889 9795 9426
3 5071 8740 5766
2 5608 7794
3 8749 8650 7899
3 9306 2305 9940
3 9715 9790 9978
3 9896 9935 9948
3 7991 9478 9106
3 3273 7229 2365
3 9940 6194 7740
3 9823 8264 9768
4 9242 4635 9033 9235
2 548 4103
2 6680 8785
3 2718 6883 5918
2 6619 2547
3 7908 2011 8465
4 9635 9126 2567 5897
2 7865 8112
4 9994 9984 9991 10000
4 9892 8235 5690 9730
2 6032 1769
4 9323 9238 2285 8702
2 3510 7822
2 8104 8127
3 9301 9941 9508
2 3304 7605
2 662 1353
2 9048 2916
2 6555 9117
2 8553 5486
3 9832 3075 8673
4 8725 5943 2227 9779
4 9926 9989 9913 9982
2 7098 9240
3 270 1660 2222
4 6033 9683 9186 9967
2 895 7145
3 8365 3929 8147
2 4260 8173
4 8214 3382 2397 1712
3 7539 7814 9943
2 2157 8108
4 9859 9970 9682 8830
4 8769 9899 9969 9921
4 8870 9271 6155 9475
3 9541 9559 8784
2 8135 2880
2 7085 1702
2 5970 9452
3 2352 6815 7292
4 4238 9392 9262 4032
3 3004 7868 6380
4 9985 9981 4304 7907
4 2883 6469 7658 9348
4 4253 6888 6331 5704
3 7909 8364 1373
2 9945 6731
4 5419 3792 9777 4151
2 7096 7477
3 7782 5826 5855
3 4747 6703 9887
3 97 3562 7335
3 923 3244 9673
4 9883 9978 8906 9963
2 9021 8119
4 9990 5475 9566 9413
3 6277 7509 3906
2 6049 6542
2 7172 6990
2 8553 9526
2 6984 9549
4 8289 7420 9792 9972
2 3269 3740
4 4603 6357 9520 3765
2 5299 7884
3 5529 8165 8420
2 9910 9678
4 9024 9961 7862 7182
4 9571 9933 4862 7187
2 8350 4953
3 5991 7592 7266
4 8492 8712 8473 7456
3 7711 9093 7209
4 7471 120 4918 8272
2 8334 8250
2 4208 9284
3 7333 8474 7031
4 9982 9600 9569 9981
4 8648 8985 8218 752
3 9755 1179 4281
4 9732 7567 5329 8051
4 8624 2265 8451 2133
4 7309 9270 9590 6125
3 9852 4532 9287
2 5035 989
2 7708 8348
4 9848 7656 7368 9965
4 5987 4892 8388 2161
2 2887 1436
2 1510 6359
3 7998 9575 6657
3 9909 9371 8669
3 9796 8696 9599
3 6616 9637 9932
3 7899 9266 5886
3 4824 8141 6690
3 9057 9574 8275
2 8456 9629
4 8861 7316 6501 6716
4 9922 9642 9481 9856
4 8377 9652 9531 8734
2 1176 8919
3 9892 9756 9951
3 8654 9518 2847
3 2367 3150 7969
4 6236 8330 6865 7992
2 7207 9253
2 7888 4025
2 6434 9522
2 9516 7790
4 8927 9598 7157 9301
4 4375 9575 9862 6917
4 9594 9747 8003 9445
2 7541 1165
2 2800 7292
3 9053 9456 3415
4 8920 9767 9574 9421
2 1396 7593
3 9997 9995 3430
4 8999 670 8867 4779
2 7208 6887
2 8829 9660
4 9997 9884 10000 9713
3 5933 8167 7521
2 8055 2873
2 2949 9417
4 6931 9046 5756 611
2 1346 2072
3 9837 9168 6423
2 9617 9943
4 5581 9654 9186 9204
2 2256 1733
3 9929 9971 9976
3 513 8882 6191
4 9585 5814 8297 7168
3 2420 6231 2250
4 334 9625 9959 9915
3 9977 9595 9866
3 9934 9892 9967
4 6003 3619 6498 5044
4 2220 7145 7232 8375
2 1110 9333
3 9967 9998 9104
3 9704 9701 8846
4 9340 9867 9837 9228
2 7857 8762
4 2632 9334 5749 7738
3 6586 9667 9561
2 1002 4430
4 9775 9940 9750 2781
3 9916 6939 9994
2 2240 3591
3 9057 9969 7425
4 9432 9079 9632 5364
4 7692 2404 8430 9089
3 1686 8928 6198
3 6192 968 9164
3 8153 2686 8841
2 6932 6082
3 9257 1263 1991
3 8738 9514 9143
2 1350 7002
3 7006 9947 9945
3 9789 597 9194
2 9482 9387
3 9317 4990 7933
2 1920 6187
4 9876 9365 9977 9411
4 9360 821 9564 9654
4 2595 2481 1794 494
3 5628 7591 7452
2 7115 2467
3 8985 9922 9600
4 9968 9909 9979 9960
3 6887 601 5624
3 1385 4292 3804
4 9819 9678 9910 9482
4 6992 9706 9813 9574
4 8682 6747 633 9424
3 3108 7459 3615
4 9125 9707 7010 9968
4 7886 8287 7932 2213
4 9388 9905 9870 3065
3 8394 8163 6476
2 4816 9283
2 7915 4426
3 4542 5417 4071
3 9937 8216 9938
2 8978 8653
4 9852 9057 3724 8903
2 6974 9800
3 166 6030 4180
4 9341 9073 6872 8528
2 9814 9144
3 4989 5181 6051
4 9717 9550 9904 9040
3 4217 5079 4794
2 6433 5432
4 9401 9012 9704 9101
3 3054 8397 3781
4 7117 9765 9997 10000
4 6972 9853 7060 7481
4 9975 574 9868 9078
4 8467 9508 7071 8550
4 9910 6460 9781 9979
3 3732 8245 8076
2 7058 5402
3 6072 5132 2946
3 6885 3998 7739
4 8998 2377 9909 9248
2 8984 7695
4 5851 3827 6253 8850
2 9019 9716
4 7122 595 5694 9945
4 8221 7941 787 8280
3 9930 9996 9999
2 6006 6819
4 9280 9547 9829 9697
3 8774 7238 3223
3 9210 8689 2985
2 3352 147
4 9017 1934 4121 9473
2 8810 7222
4 9976 9245 9927 7423
4 9932 9808 3626 9992
2 3670 5843
3 6495 4933 841
4 8439 9955 6290 9946
3 5999 9975 9964
3 7625 2902 8364
4 9838 9890 9991 9955
3 1342 3233 7719
2 9329 9881
4 9962 9986 9958 9995
3 9874 9372 8472
2 1969 3732
2 8204 9517
4 9645 9558 7800 4358
3 9465 9162 9997
4 4716 8512 9902 5902
4 9872 9684 8585 9504
4 9651 3861 8437 9289
3 9742 9358 9012
3 933 9959 7907
4 5326 9632 9759 3638
3 4105 8679 5795
4 9951 7791 9256 9785
3 9712 6446 7490
2 9742 9735
4 2366 4022 9553 9222
3 2153 6621 5150
2 9168 4386
2 6786 7498
3 9219 9423 8919
2 2157 8104
4 8423 7594 9296 9206
3 5852 6670 4502
2 8763 2921
3 9958 7983 8136
2 224 7790
2 5938 9022
2 3897 2429
4 6546 9688 3396 9997
2 5568 6052
2 9205 1578
3 6722 4708 726
2 7849 4565
3 6076 1361 7858
2 6341 9537
4 7462 9335 9660 9462
4 9288 7067 9548 6189
4 9841 7556 6663 9827
4 6450 6959 5696 6801
4 4803 6221 4903 9775
3 3275 8797 9825
2 1144 8529
3 1111 5448 6500
4 5919 3769 1897 6513
2 9691 5596
2 7149 6954
3 9933 9939 4222
4 9710 5579 9832 7237
2 6105 873
4 5220 6139 8127 1519
2 5032 3228
3 181 1223 5167
2 9349 8732
2 9356 9757
4 8323 9366 7882 7661
4 8208 928 2350 3833
3 1301 9674 9262
3 9386 8937 9864
4 9046 9155 9994 9023
2 2634 7788
2 1267 4487
3 8463 6781 8457
3 3983 4630 7756
3 4423 1901 8207
3 4343 9900 9854
3 9115 9503 9126
3 10000 9929 9886
3 8416 8705 5963
2 8791 9880
4 9028 8954 9186 8218
2 163 111
3 9969 7887 8129
2 8324 4433
3 1199 6597 8271
2 9818 149
4 9954 9937 9875 9779
4 9610 4443 7647 2786
2 5582 9908
2 4515 3358
3 2029 6234 1628
2 9606 6718
2 8426 7929
4 8517 9454 9176 9855
3 8350 2368 9711
3 7374 8519 4566
4 9910 9992 6455 9934
4 5784 9317 411 9187
3 9979 9896 9887
3 9558 9995 7904
2 9911 9526
4 9975 5978 6225 9967
4 9665 9122 9799 9710
2 9835 1054
4 6041 9840 9563 8327
4 8128 9829 9484 9779
2 4836 4150
4 9186 7896 9629 6145
2 286 7462
4 862 6512 2739 4150
2 8436 9530
2 1623 9180
2 1158 1367
3 7295 9437 8507
3 6402 1762 6781
3 3648 4287 3063
4 9971 9980 9989 9813
4 9792 6874 7362 9660
2 7250 3292
2 2135 8905
3 8658 9394 9201
2 8369 1899
3 9228 7449 8515
4 9182 9425 7055 8113
2 9988 9584
3 5705 8829 9201
2 6430 4561
4 6276 7254 9966 9397
2 6933 4659
2 9581 7904
2 5919 6125
4 9985 9135 9948 8199
3 5048 1514 5501
2 4734 7784
3 4497 9149 1732
2 8049 8147
3 8327 9772 8542
2 7359 9140
4 5209 6876 7225 9330
3 851 3835 7981
3 9412 9767 9952
3 9994 9980 9960
3 5116 7154 1688
2 5619 6629
2 2191 274
2 7053 3895
2 8047 9277
2 3261 4583
3 9820 9855 9284
2 7090 7006
3 4336 7142 5640
2 9817 9679
2 9529 9855
2 8323 9718
3 9624 9444 9617
2 6235 3100
4 9728 9243 9716 7519
4 4408 6352 6868 1327
2 2598 8898
4 7984 8990 9011 6846
3 4615 9364 799
3 6113 8465 9370
4 9978 9566 9874 9925
3 7656 2702 8542
2 9504 4289
2 2578 2403
4 9929 9813 9967 9993
4 9360 7578 6785 9926
3 8512 9890 9731
4 6877 3761 8156 9962
4 9532 9568 5345 5521
3 9262 8251 8428
3 9979 9478 6766
4 8173 6981 9071 9632
2 8957 8697
2 8769 7629
2 9060 5772
3 9447 6951 8790
3 9190 7787 7546
4 9533 5540 9523 6179
3 9747 6236 9873
3 541 4318 4222
4 5815 9193 6802 3686
3 4109 7412 3287
2 2325 2518
3 9841 7217 9612
4 1428 4342 2207 7743
3 6371 787 9043
4 9942 7622 9629 9914
3 9955 1022 4778
4 1787 2254 6495 4978
4 9732 9650 9503 9782
4 4874 8873 8982 4623
3 86 6287 7575
2 9697 6697
4 9524 5237 8105 8171
3 6052 8123 6912
4 9983 3893 9635 9639
2 4570 5017
2 7901 6922
3 8722 7655 6663
3 9975 6543 6765
2 9414 9968
3 8707 8773 7872
3 3251 9872 8921
3 4135 4753 2812
2 6307 6851
2 4820 9527
3 8695 3117 6339
2 9066 5450
3 8827 9861 9601
3 6121 6409 6434
3 8253 9992 9969
2 9826 1238
3 9781 7935 9251
4 7019 8768 4094 8912
4 8032 148 7279 1372
2 4015 5079
4 8338 9695 6768 3534
4 9639 9916 9367 9185
2 8627 961
3 3049 5989 4100
3 3230 518 2857
3 3815 9860 3875
2 7536 93
4 8670 7628 4006 5200
4 9035 9962 9832 3462
3 10000 9990 1164
4 9421 9896 7423 8871
4 8868 8442 8659 9396
2 9575 9709
3 7349 6168 2128
3 6657 9721 9039
4 9728 8287 8373 4844
4 5768 6416 9462 6061
2 3628 7453
4 9963 9258 9965 8626
3 8595 5371 824
4 9045 9953 9619 8996
2 817 6240
2 3175 4073
3 9818 9819 8372
3 9775 9946 9619
4 9471 9516 5174 9810
2 982 3940
2 9283 3537
4 9749 5723 9843 9427
2 3902 2606
4 6585 1890 9681 8926
3 2658 9215 4329
2 2416 9553
2 9986 9179
2 8679 8022
4 10000 9725 6673 9997
4 9503 3811 8383 8479
4 9152 8820 9574 8270
3 6666 6352 3709
2 1170 955
4 8142 1444 8293 7598
2 2992 5871
2 8105 5267
4 9996 9990 9022 9995
2 946 2889
2 7049 8046
4 308 8157 9069 3619
3 9599 8206 5861
4 9437 5293 9176 8836
3 3988 7875 3859
4 8858 9919 9706 5945
4 5576 2293 2039 8978
3 8189 8366 8154
2 9686 8405
2 8492 9757
4 10000 8382 9977 9758
3 9633 1680 2889
2 6175 6498
2 9941 9867
4 8755 9422 8971 8542
4 6354 308 1786 3226
3 8746 3813 7460
4 8547 7367 7094 8228
3 7994 8202 1274
2 5820 8285
3 1075 9986 8149
2 9304 8501
3 4995 7176 6185
2 1763 7680
4 9939 9994 6878 9987
4 8389 5588 477 6103
2 4474 5006
4 9133 9645 8174 4022
4 5734 9083 2906 8684
2 4488 3578
4 4131 9997 9967 9946
2 7213 2137
2 3363 1040
2 5432 5741
4 9930 9340 9746 9599
3 9739 5558 2041
2 5068 1045
3 2488 9915 9888
4 5488 8363 9207 8860
3 9085 7610 8959
3 9648 8255 5295
4 5412 3462 5476 6519
2 8217 8922
2 1014 682
3 69 4501 7531
3 3694 6961 6629
4 6568 8740 9608 9810
2 1670 6529
2 1007 1184
2 7788 8038
2 9972 9074
3 7097 7596 4015
3 5041 9158 9372
4 5708 6239 7640 8040
3 4089 9708 9890
4 9576 6579 4945 3544
2 7161 7581
4 9241 4717 9482 8006
2 9287 9148
2 3973 7477
3 9614 9650 8509
3 8966 9558 5172
2 4340 8970
2 8155 5492
3 6806 9637 6897
4 7353 9684 9879 424
3 2548 9990 7659
4 8770 8961 8886 9439
4 9604 9736 7861 9566
3 8323 9825 9668
4 9746 7977 7678 2875
3 3374 8991 6965
3 6761 8411 9485
3 7891 4793 3933
3 55 6974 6423
2 5569 8223
2 2210 9275
3 3468 1330 9448
3 8816 9266 8910
2 6846 6996
4 9588 9382 9885 9408
2 6100 1428
2 6639 7823
2 8537 9590
2 9393 9756
3 9950 5844 8669
2 1860 7420
4 7032 8085 3409 9848
2 6022 6473
2 2215 5977
4 2706 9274 3899 9780
2 3936 2685
4 8899 8153 9666 9747
2 6508 3967
2 9992 9997
3 7886 4082 9214
3 9801 9991 3078
3 9495 9890 6046
4 9484 8789 9929 9757
2 9118 9093
3 859 6567 5821
3 9623 821 9940
3 7788 8149 6494
2 5707 6307
4 7557 8936 3144 7308
3 8532 9240 6294
3 5897 1933 3044
4 8122 8582 9283 9120
2 7800 5924
2 3250 5722
4 899 5842 7381 5669
3 8876 7487 204
3 214 3652 969
4 221 6728 7994 8964
2 3745 8062
2 5141 7078
3 7633 5936 4377
2 9678 9541
4 8799 9789 5950 9632
3 8788 8840 6869
4 2857 9595 9986 9557
3 7332 8447 5547
4 8936 6961 6480 9033
2 3613 3826
3 9533 7784 9772
3 9444 9943 7557
4 9996 9955 7136 9999
2 4677 944
3 9857 6971 5951
4 8425 9189 4524 6402
2 3133 9779
3 6422 1625 9892
4 3301 9219 7975 3918
4 7906 7303 4990 4939
4 9970 7346 9979 9595
3 5179 8134 6549
2 7219 9834
4 9246 7800 9983 3493
2 7460 2381
2 6437 8414
2 8689 3944
3 7970 8619 3272
4 6702 9553 8483 1964
3 5856 6735 5078
4 9997 9477 9999 10000
4 9983 7887 8888 9884
2 909 3375
3 8437 908 7536
3 8675 9981 1020
3 9447 9669 9672
3 7798 9358 9206
2 7927 8565
2 4983 8262
2 7187 5503
3 8606 5437 8594
4 9744 9810 9638 9807
2 4312 4723
3 1909 7870 2543
4 9887 9687 9518 9352
4 7862 9284 6705 3924
4 8546 710 9250 1877
2 8346 9549
3 9106 4539 7602
2 4757 3248
4 8902 9335 3856 6856
2 1679 8692
3 3417 8792 7075
2 9387 754
4 5145 8715 5257 9271
3 9915 9384 3390
3 9924 3542 9787
3 6683 1335 7034
4 9913 9961 9377 9280
3 3634 8088 3871
4 9999 9991 9966 9932
3 2124 8482 6370
3 8934 8894 8839
2 9456 6874
2 9258 8315
3 4090 9844 3827
4 7446 894 5474 3184
4 8430 8758 8650 9937
4 7060 3918 4314 4639
4 7654 9777 9600 9902
2 9891 9937
4 9221 8117 5910 8530
4 8942 9425 5314 9307
4 1266 9996 9840 9998
3 4048 5841 3814
4 4241 6856 1953 9619
3 8948 8615 6264
4 1662 9126 8723 8839
4 8999 8627 6864 9656
4 6959 9534 9787 9759
4 8878 8488 8562 8979
3 9997 9969 9993
4 7013 7036 6289 1358
3 9951 4478 9349
2 7106 8349
2 7577 9020
3 2158 1294 8442
4 1064 9991 9990 9952
4 9928 2298 9659 9643
4 6184 9470 9652 9626
3 6208 7879 8287
4 7769 9284 9939 9959
3 8185 7361 5794
2 9248 9184
4 9292 9318 7106 9480
4 3545 3327 1239 4326
4 9750 9841 8581 9014
2 5287 1580
2 5488 8801
2 5830 7066
4 2857 7833 3524 7738
2 2236 167
4 9004 9026 8521 7477
3 9702 4364 9998
4 9995 9411 9991 10000
4 7813 389 8947 4258
2 9240 9597
4 8802 9381 9669 9870
4 8205 1838 6158 8248
3 1128 4678 52
4 6778 5965 9546 9767
4 9630 9794 6395 9679
3 9934 9249 8910
2 429 2994
4 5661 178 6112 4535
4 7635 6161 7672 3907
2 7028 9998
4 9902 9442 8886 9704
2 9467 9846
2 8733 9262
2 9021 9525
2 6858 6871
3 6111 9965 2092
4 6853 1186 8895 8949
3 9469 9968 6751
2 8924 9225
3 9279 5020 9580
4 8203 7772 9521 8906
4 5454 6112 4457 9738
3 8581 5077 7679
4 8644 1091 9647 5920
4 9989 9928 9972 10000
4 10000 9985 9997 9996
4 6088 9679 9451 9988
3 9002 1774 2504
3 829 9219 9464
3 9171 7841 9483
4 9252 7982 7317 5529
3 5615 264 2620
2 9255 6571
3 9497 3643 8800
4 4517 4864 9037 9895
2 1404 3618
2 7100 9301
2 8528 4187
4 5815 9854 6648 5931
4 5093 6569 7895 3380
2 9519 6682
3 7096 7619 4652
3 9423 6557 9021
3 5550 10000 9992
4 9658 9660 1610 7610
4 9941 9659 4963 9976
2 9518 9401
2 8032 1475
2 707 2612
4 9936 8421 9829 9316
4 9547 7406 8985 9122
2 7471 3626
2 9165 675
2 5005 3121
2 6678 6987
3 9289 9351 6250
2 9021 4672
4 8091 3347 8731 9806
4 7256 6246 1499 6762
4 9764 8945 9593 4596
3 7145 9907 2042
2 8199 7348
4 6900 8410 6336 4690
2 9298 5559
2 5081 9575
2 4872 1967
2 9200 9088
4 3271 9757 9799 9859
4 7316 8558 4368 1202
4 9902 9937 1364 8942
3 9385 6592 7377
2 7077 9244
4 9014 9427 7710 6487
4 2438 1388 4133 172
4 9210 3485 9103 2480
4 7858 9368 9000 1662
2 9221 9952
2 9967 9952
4 9382 9011 129 7374
3 2015 2243 9545
2 609 2870
3 5374 9023 8009
4 9962 7221 6196 9361
3 5564 9266 9916
3 9859 9716 4417
2 6651 3488
2 2383 6395
2 9758 8235
2 8825 9088
3 9401 7969 8721
3 8950 7809 6433
4 9999 9993 9943 9998
4 9460 9718 113 8777
4 9136 9921 8581 9917
3 9958 8721 9960
3 7342 664 5598
4 9999 9997 9963 9992
3 7785 7766 1256
3 6841 4697 5505
3 7928 8744 9655
3 749 9699 495
2 4566 3178
3 8148 869 8074
2 7679 5544
2 930 4481
2 5464 9032
2 4499 9297
3 9060 8771 9333
3 9992 9993 9020
2 6607 8863
2 4396 7124
4 9884 2797 9869 9992
2 5022 4598
3 4478 8777 5551
3 6987 9511 9344
3 8848 8342 7898
4 8532 5522 9778 9829
2 7032 9736
4 8160 9849 3529 6817
4 904 4336 7348 3816
2 2762 6221
4 9867 6301 3060 3850
2 2158 436
4 8339 6061 6424 8148
4 9706 6133 3857 9467
3 9947 6505 9981
3 8490 8521 8417
3 9529 8443 6889
4 7682 8370 8926 323
3 9900 9805 5413
2 6010 6275
3 1884 5331 1563
3 9193 9995 4347
2 1757 2465
4 8828 9876 9940 9883
2 9062 390
4 9086 9414 6600 6515
4 8970 9619 8548 9806
2 3113 5016
3 9176 4104 9128
3 6240 9841 9555
3 9238 8955 9411
3 9018 8975 9990
3 6085 1244 2271
4 9923 9200 9969 7982
2 9444 9800
3 1547 8486 5556
3 9848 9869 6458
3 1873 4848 3550
2 6122 2123
4 2430 8639 8342 7531
2 6124 9699
2 474 9839
2 8818 8927
3 5910 5532 9011
4 9874 9840 6179 8778
3 3584 7311 8060
4 9900 3685 9849 9977
4 8302 9800 5148 9808
3 8833 8757 8306
4 9496 9640 6407 7555
3 2841 7100 7206
4 9945 9887 9816 1092
4 1235 1221 9214 9623
4 9690 9993 9963 9957
2 8212 8804
3 5717 8502 7955
3 9178 8329 8541
3 8162 9661 7553
3 5218 8830 9594
2 8145 8803
2 6114 5298
3 8766 5364 9345
2 4090 3439
3 9052 4878 8621
4 9998 8496 9755 9978
3 9557 7910 9809
4 9742 9038 9856 9751
2 4044 6017
2 5660 9289
4 8696 8128 9955 9662
2 5921 5600
4 7760 8787 8738 9687
3 2821 1413 4771
4 1503 9896 2572 7213
4 5692 8452 802 7893
3 4943 4408 2961
2 9663 9209
2 9016 9934
3 7770 9713 9789
4 4440 9015 9250 9808
2 298 7426
3 6234 2815 9562
2 7304 5318
3 9336 7013 9685
3 4263 9662 7057
3 3802 9955 8215
3 6443 9590 4987
3 3911 9440 9881
3 8585 9957 9004
3 9522 6385 6312
2 9024 3028
3 5745 9778 9755
2 1341 361
2 9015 8295
2 7295 4750
2 9416 9442
4 9318 9349 9553 2615
4 9356 9677 9811 8269
4 9992 9816 9676 9874
4 9928 9335 9851 7553
4 5274 2531 8774 6928
3 3117 8533 8633
4 9994 9753 9939 9179
2 4904 6489
3 9124 9732 9846
3 4119 5427 117
2 7931 3976
2 7669 8815
3 9323 5403 3403
4 9679 9285 6485 9972
3 6548 599 5641
2 3600 7758
4 3904 805 657 8975
4 9261 8666 9064 9051
3 1108 3821 9775
3 9503 6625 7891
3 9420 9937 9994
2 8804 7941
2 7794 6759
4 9662 9878 2650 9572
2 6097 2996
3 3199 2863 4544
3 4701 6102 9023
3 7727 4550 2022
2 1092 4228
3 9530 9790 7942
4 6535 2756 9506 9132
4 9918 2399 9902 5801
3 6659 6506 9420
4 9424 4661 9382 9604
4 9916 6360 9159 9497
2 7976 2074
3 9989 9997 7189
3 3559 2795 8074
2 1080 5224
2 8157 8368
3 6652 8366 6305
4 9183 7916 8269 4700
4 7666 9169 3213 9150
4 7615 9244 2946 9807
4 3800 9849 9683 9679
2 9546 9405
4 9687 9187 3665 9153
2 9121 6777
4 5863 213 9638 7912
4 7491 9899 1132 9832
4 9269 7829 9624 9705
2 1957 9046
4 9834 9999 9994 10000
4 4849 9525 7534 9233
2 9611 9374
2 71 6070
2 9781 9869
3 8568 7794 9949
3 9929 4182 9681
3 2342 7772 6298
3 9734 9957 9944
3 6375 9516 4146
2 1281 9558
2 9796 3615
4 9383 5779 5266 8643
4 9215 1993 3005 5493
3 6903 6733 6131
2 9286 9508
4 9836 9387 9642 535
4 6005 9238 6174 7577
2 4598 5798
3 4713 7555 9733
3 9110 9990 9998
3 5263 1691 8255
2 9887 9880
3 9243 9724 1831
2 9245 9307
3 9935 9441 9922
3 9666 9180 9555
4 9738 9211 9910 6576
4 9977 8402 9868 9541
2 610 7668
3 9625 9364 7227
2 9011 8481
3 7946 4270 9856
4 3145 9070 110 2687
2 9319 3218
2 9990 9991
2 5499 6303
4 9977 4050 9990 8542
4 5692 8096 9231 2085
3 5405 5228 8009
2 9963 9780
4 9203 9988 9989 9974
4 8763 7954 829 5268
4 9459 10000 9934 6256
4 9940 9860 9984 7820
3 9637 9893 9667
4 3032 9341 8953 8915
4 7489 399 9299 6731
3 3805 4460 7986
3 9 1047 7163
4 8691 9885 8354 7696
2 1216 1568
4 9812 9668 7568 8033
3 9625 9568 9982
4 5072 8867 8805 9330
4 5213 3317 7911 6653
2 6241 7002
3 4695 7235 5168
3 8235 2526 2311
3 9270 9495 8203
3 8562 8183 8387
3 9314 9918 9848
2 7501 5456
2 9808 6355
4 9931 9023 9997 9840
3 9746 8838 9059
2 4844 8708
2 287 2282
2 6528 9356
4 9985 9807 8823 9989
3 8698 8162 7678
4 3247 1720 3297 8955
3 9500 9866 8023
3 5781 4409 9448
2 6604 5386
3 892 9119 5464
3 7398 894 6539
4 9775 9619 2634 8697
2 7732 5973
2 9990 9938
3 7155 9766 9194
3 8540 7956 6413
2 2272 3483
2 2335 8762
2 3326 7785
2 8339 5871
4 9947 5620 3777 9942
3 9398 3895 8846
2 4446 5180
4 1750 2108 8487 9602
4 9977 9794 7593 9991
3 9860 9908 4764
2 8091 9601
2 7987 6991
4 9137 3188 6892 9099
2 8261 9476
3 9047 9829 9607
4 9036 7293 5837 3173
3 8716 7353 9204
2 8977 5581
3 8868 9660 8697
2 6119 4770
3 4237 9356 9343
4 8971 9738 3444 9966
3 6878 1634 8154
2 9146 9562
3 4601 7581 7636
4 9955 9532 1685 6743
3 8328 8380 935
2 9823 9657
4 2958 6721 9786 9475
4 9689 8696 9818 9456
2 491 4758
2 5794 1976
4 9642 8413 5059 8194
2 9897 9870
2 3910 460
3 9389 9380 9417
4 7990 9075 3270 6561
4 9983 9923 5059 3333
4 5056 9825 9801 7353
3 9591 7386 8168
4 338 7291 5762 2946
3 9448 9751 8053
2 5753 8318
3 5655 6641 693
3 9383 8073 7469
4 7320 9952 8710 9897
4 7896 7930 8292 7710
4 9729 9453 6941 8926
3 9577 7202 9202
4 6574 9662 7455 9429
4 4393 3333 9660 8781
3 966 9084 4595
4 9978 9973 9015 1763
2 8284 7465
3 9934 9924 9936
2 4122 4608
2 5375 7256
4 9915 1203 3185 9794
4 9133 9655 1739 5802
3 2197 8577 9653
4 9924 9382 9995 2347
2 6085 8477
3 7119 5976 2757
3 4168 4653 4659
4 6478 4507 8939 6833
3 7354 9025 9656
2 9072 481
4 9591 8022 8845 4876
3 9199 6588 8161
4 4140 8357 8129 6398
2 9898 9298
4 4675 8101 7444 1519
2 7703 7910
4 8801 9933 1073 7394
2 5388 2359
4 5401 3563 8377 4670
2 6700 1000
3 4639 50 6366
3 9673 9920 9151
2 3071 6657
2 8585 80
4 3163 9168 3075 8221
3 6656 5500 3048
3 9129 8385 8979
2 4020 5463
3 4300 9154 1417
2 7306 96
2 9425 8013
2 7436 57
4 9622 9651 8231 9904
3 5604 9206 6008
4 8666 9782 6618 4934
3 6268 585 3520
2 5559 5146
4 9996 2298 2303 9829
4 5046 4524 855 5711
3 3936 1495 4819
4 9994 9992 9507 7859
3 9711 9979 8586
2 5790 3977
3 3766 9971 2917
2 2642 9744
4 9582 8169 5673 9924
2 5074 8940
2 6592 4518
4 9967 9968 9776 4978
3 5618 6913 8143
4 9845 6380 5518 2778
4 7822 3191 8808 9554
2 8478 6340
3 9906 9867 9915
4 3757 9967 9980 9985
3 6862 7234 3980
4 9039 4339 9377 8983
4 9987 9997 9975 4013
2 4569 3823
4 6457 7504 7444 3925
2 3603 1422
3 7874 6904 5931
4 7446 8106 8572 2390
4 8127 7150 9246 7420
3 6069 9441 9608
4 9145 9727 9965 10000
3 9997 9818 9979
4 9779 9960 9991 9986
2 6818 8259
2 9900 8406
2 9508 3791
4 9716 9764 9667 3269
2 5748 5864
3 6500 9348 2110
2 5310 6708
3 8960 4447 4213
3 8587 8947 2279
2 9782 7553
4 7249 2089 7564 7231
4 10000 5040 3809 9676
2 9693 9677
2 6633 4209
2 6525 7706
2 9582 9992
3 5825 2752 8503
3 5621 5679 5884
3 3608 7265 6903
3 7974 9087 8735
2 7933 5084
4 9881 9986 9979 7535
3 9653 9546 9448
4 9995 9881 9191 7623
2 8809 2803
4 8319 9657 9453 9779
4 92 9260 8239 7975
2 6461 7470
4 6153 8584 6861 7818
3 9930 8571 2702
2 6903 9335
3 5178 6554 1408
3 7924 6512 8317
2 5855 6537
4 10000 9970 5907 9999
2 4724 2781
4 9229 8983 9585 9706
4 8876 9929 9939 8295
3 8184 6915 9636
3 5878 1760 7594
4 4272 7555 9694 6966
3 9892 9839 8190
3 1477 5061 4563
2 3318 9136
3 3042 5075 7188
2 2961 5334
3 4268 8875 6424
3 8563 3538 1884
3 2005 6844 6576
2 7554 57
3 2874 6196 1077
4 9195 9958 9826 5526
4 5743 9940 9948 4109
3 8502 7048 5041
3 6292 9342 9067
2 1317 5781
4 9974 9982 9998 9991
3 9863 8630 8792
4 9931 9997 9998 9994
4 8316 791 7036 9677
2 7911 7687
2 2258 3220
4 6680 4609 5367 6953
3 9695 8833 9467
4 9662 9990 9987 9988
3 3398 5617 1685
3 7661 9215 8668
3 7990 8813 8800
2 6268 4991
2 2140 7401
3 9769 1721 9746
2 5551 6843
3 5845 9457 3159
2 6467 9131
4 8476 6884 7854 8546
3 10 8365 8202
4 2503 5959 9309 9633
2 9516 7341
2 9223 7896
2 6743 6180
3 8917 9872 7344
2 2397 1819
4 9283 9078 9824 9371
3 8003 9968 1083
2 8144 7975
3 9857 3438 9766
4 5561 9424 9659 7442
2 8153 8694
2 8578 7135
2 7948 5048
4 5564 9824 3018 9953
2 9248 5581
2 9196 8251
4 8788 7329 3671 5400
2 8905 3111
3 621 9589 5631
4 5462 8214 4088 8725
2 4660 9844
4 3714 5876 3288 3408
4 6417 7536 9912 9623
3 9122 770 6726
2 5029 1670
4 9928 9288 9904 8641
4 8593 6802 9984 9840
2 1870 9682
4 9448 7971 9977 9881
4 7794 3895 4307 6439
2 8838 8461
2 2331 9122
3 9054 7956 9435
3 4148 4793 3810
3 4143 7119 567
2 1783 5282
2 8762 5341
4 8176 9905 9816 8284
4 7132 5147 4927 8244
3 5654 4108 5360
2 894 3715
3 4000 5566 7922
2 9740 9680
4 1629 8642 9700 9216
4 9921 9992 8540 9717
3 8416 8100 8957
2 9432 6071
2 9177 7421
2 2098 2375
2 4471 5977
2 2246 7388
4 9724 9930 9831 9653
3 8913 2845 9959
3 6653 2081 2623
4 9726 9254 8455 9094
4 9625 9286 9361 9565
3 9967 9941 9905
4 5450 9188 4864 538
2 6763 7447
3 5415 6983 3044
3 7992 9773 9949
2 4257 5828
3 9997 8753 9816
4 7627 2558 9389 9852
3 8645 9232 121
4 8880 7980 2714 8849
2 9917 476
3 9875 9940 7716
4 6538 5459 6902 6373
3 9377 9233 9844
4 6712 1582 7154 9338
2 9386 9191
4 8811 3864 6846 9912
2 1621 4509
2 2735 9579
2 8641 8178
2 5421 8362
3 9282 9830 8447
3 8884 9729 8708
3 9951 9203 9835
2 9117 9318
4 9965 3910 9695 7615
2 9780 9907
3 9784 9148 1369
4 8174 9746 9593 9767
3 6522 7570 1594
3 8183 9662 6017
3 9487 6069 9378
2 2591 9526
4 7857 8204 9681 9831
2 9518 2564
4 9798 4905 9989 9933
4 9434 7545 9087 5552
2 7575 8779
4 9236 1572 4864 635
4 9863 9759 6150 8641
2 9794 9056
4 6814 8673 8419 9064
2 6283 7647
4 5873 9287 7363 3604
3 5825 7055 913
4 9666 9143 7546 5214
2 8940 9001
2 9789 7714
2 9698 7340
3 8879 1034 9604
2 5975 8453
2 9382 8607
2 8277 6398
2 3974 3352
3 4074 9415 9759
4 9631 9802 8869 9685
3 8710 8166 4975
3 193 6232 9237
3 3178 7627 5631
2 9198 2738
3 9932 9710 7730
4 9396 7157 6425 7374
3 9932 9844 5581
3 9609 9965 5904
4 9033 8331 9007 9679
4 9998 9055 9892 9999
4 7100 5589 9603 9975
4 368 4171 2800 7114
4 9198 7124 7326 9096
3 9535 8393 9168
4 9985 8944 9980 871
2 2135 934
2 7013 4422
2 7907 4477
3 7796 9688 8425
4 9999 8671 9807 10000
2 9777 9436
3 1891 5427 5703
2 7414 2870
2 4838 1213
4 9531 6075 9856 9818
2 9248 4769
4 9893 9960 9992 9822
2 5332 3321
2 9914 6711
2 180 3434
2 8428 8740
3 3615 7235 4650
2 6703 9890
4 1093 4432 9493 9811
2 9552 8855
2 8066 8248
2 2460 4357
3 4783 2313 1388
3 5823 3386 7660
4 9763 9932 9343 9963
2 9785 9761
4 8675 9721 9124 8331
4 3732 2661 9523 9214
3 3743 8812 9570
4 9479 9510 9579 8401
4 1808 9381 4457 9792
4 8341 7446 7179 8924
3 9832 9326 9318
2 5003 755
2 2273 6991
3 8466 4610 8781
4 9986 9996 9980 9998
3 1203 3597 3570
3 9900 9982 8093
2 5150 9448
3 9898 7188 7381
3 9368 9333 1096
3 9880 9566 9947
3 8288 6778 7980
4 9959 9938 9976 9964
2 7151 203
4 8514 9894 1941 7118
2 8481 8630
2 5609 7090
4 9868 3914 9554 1197
2 7635 1718
2 5792 6980
2 2226 4033
2 4109 1098
2 5613 9093
3 2056 4310 8183
2 1903 7174
2 6408 6826
3 5098 7167 4902
2 7753 1163
2 9124 4353
2 9162 9479
4 8216 8326 9879 9935
2 4897 2734
2 9257 2184
4 6321 9353 9184 9002
2 8123 2941
2 8115 4843
2 9763 1520
2 8293 7332
2 5423 6078
2 5553 7269
3 6489 9672 9145
2 7987 7227
3 4665 3252 1243
3 7384 8834 9760
4 9317 9927 3309 9496
4 9998 9991 9022 9425
3 9706 9281 9003
3 9222 9767 2412
3 6693 8836 4166
2 8153 9796
3 7645 8061 5746
4 9806 9301 9386 9934
3 9979 9966 9665
4 7448 1330 7713 2067
3 1900 8999 6165
2 5585 5705
4 7642 8277 7507 9978
3 9704 9651 9857
4 8923 2694 5053 9092
3 8399 1565 7040
2 7287 8177
3 7354 9112 8396
3 6835 8751 7958
4 7008 9214 8327 8041
2 5359 9202
3 9708 7401 2885
4 9990 6508 9948 7034
3 2625 3748 7103
2 9330 9990
4 7956 2054 7791 9283
3 6851 1028 9832
2 5537 8572
4 2936 9475 9893 9481
3 8505 4249 5210
2 9813 9595
4 6881 4975 6735 8203
3 9376 8891 5555
4 5551 1336 8538 6883
3 6897 9617 9673
4 9992 9999 9330 8835
3 4324 3919 6113
4 537 4371 2111 5580
3 9875 9967 9972
4 9417 6499 971 8040
3 7458 9742 3194
4 6110 4426 7917 8280
4 1132 1865 8260 4854
2 9343 5040
4 9244 6856 9313 5674
4 9092 9907 5756 9664
2 4556 1786
3 8748 8357 4390
4 7207 4624 6631 4362
2 98 4407
2 423 879
3 5747 9060 4459
2 6331 9380
3 3505 8709 8309
2 2771 6543
2 8159 5489
4 6011 6427 8928 7232
2 2153 8339
3 2130 9448 9854
4 9177 9555 6620 9682
3 5212 9883 7008
4 8095 9615 9789 9533
2 4542 9504
3 3694 5893 4232
2 9525 9313
2 8508 6244
2 4491 5309
3 6459 7077 7512
2 8698 5197
3 9460 8516 9085
3 9719 6146 8891
4 9020 8880 3080 6140
4 9885 8069 9945 9609
3 9224 6237 5332
4 7272 4420 5985 8922
3 1663 8736 1436
4 9975 9349 9973 5998
4 6675 9927 4380 3567
3 8758 7516 7595
4 7336 8791 8359 5729
3 8379 4632 8603
4 915 1928 9051 9624
2 8188 7910
4 3546 9717 4589 9994
4 9261 2722 9933 9255
4 9589 6186 9902 9231
4 7207 7600 7111 7662
4 4626 9581 9769 7616
3 626 9965 9570
2 4081 9321
4 9985 9885 9191 1671
3 9227 3155 2589
2 5856 2822
4 6240 8885 7918 4730
2 4297 9036
4 9977 8086 7827 3755
4 9260 9377 9720 7897
3 2644 896 1256
3 9836 9753 9864
2 3461 5566
3 8966 9960 1171
3 8794 9995 6002
3 9132 9588 7968
4 8143 9944 6262 9990
3 7900 4995 9402
4 5738 9953 9892 9649
2 4093 5874
3 9960 3245 6238
4 9930 667 9928 9987
2 8236 9499
4 5647 9725 5420 7783
2 7923 8579
2 6458 9656
4 9456 5964 1232 9740
3 8629 6099 8147
3 3868 2951 7958
4 8257 8278 8282 8119
2 9810 9877
3 9144 7904 7925
4 9106 9024 9301 1933
2 8712 5960
4 9700 9826 8349 9502
2 3243 2000
3 9930 9969 6073
4 8578 9066 8643 83
4 10000 9993 9726 5903
4 9152 9589 9956 4681
4 4133 9319 5876 9026
2 1321 8687
3 692 8840 7882
2 9915 3735
4 8857 6603 7875 2472
4 9978 9652 9579 9166
2 7268 6330
2 9646 8662
2 405 7093
4 9497 7312 8113 7440
4 5145 9709 9810 9970
4 9810 9448 1861 9693
2 9659 8841
4 9633 9198 9643 9409
4 9036 8737 8727 4012
3 8257 8716 7764
3 6316 6042 7566
2 3161 4162
2 8041 3285
2 3221 5818
2 5761 4156
4 8104 8288 5968 8642
3 8547 564 8042
4 9354 7048 9628 9406
2 9966 9796
2 6347 8305
2 4393 8570
3 9603 9943 9958
4 9871 8177 4820 9343
2 8962 9173
2 5340 592
2 9988 9909
2 3939 6164
4 1798 9962 3091 9799
2 6955 4084
3 8774 7928 6026
4 6757 8510 8051 3252
4 9924 9525 9926 9866
3 9966 9964 9902
2 6104 6294
4 4144 7813 2002 7028
3 2455 9343 9376
4 8844 1393 7199 6611
3 9854 7062 9763
4 8059 9855 9952 9634
4 8779 9154 2066 7485
3 7553 7397 9865
2 9002 9609
2 587 933
3 3947 808 2853
3 9691 4651 5658
2 3654 4475
3 6823 9525 9209
3 9409 6698 9993
2 5637 7430
4 9287 9825 9441 9672
4 2150 2130 4734 2356
4 9984 8874 9725 9191
2 6401 7524
3 4073 1445 5842
4 4222 5639 6920 2245
3 8576 9099 5168
4 9941 9384 4049 9564
4 9184 9608 10000 4860
2 1327 4919
2 6345 4810
4 745 8253 8330 7782
4 8931 9023 4374 1099
4 536 8571 5011 8283
4 7681 9467 1115 8579
2 3915 7136
2 8676 866
3 633 4259 906
4 9927 9981 9984 9825
2 7169 5441
2 7098 6381
4 6314 9274 9789 9233
2 9526 9883
4 5775 125 9995 9300
3 7813 2318 3808
2 3305 4167
2 7969 7768
4 9102 9095 9969 8336
3 9996 9993 9630
3 8648 6802 6183
3 8680 8266 5747
3 8046 9783 9810
2 7120 6643
4 8485 8500 4366 7763
4 7369 8127 3857 5744
3 9622 9078 9442
3 5337 2748 6278
2 9730 5480
3 9244 7359 9318
4 9674 9031 6980 9976
2 7163 6436
2 5376 1974
4 1999 8733 8646 475
4 6236 9453 8494 8215
4 4005 8096 8593 7856
2 9936 9866
3 7025 7456 7357
3 9971 9907 9391
3 9958 3799 9969
4 9978 9546 9298 9970
2 917 7782
3 9156 8282 3369
3 1017 2886 82
2 9602 1420
2 5118 9039
4 8128 6103 6658 2438
2 8438 9671
4 9217 7998 9950 9941
2 9191 9212
3 5058 9940 9960
4 9649 9693 7834 5039
3 4916 8433 3394
4 9805 9867 5583 9821
4 9862 717 9659 9944
4 9926 8994 3104 6151
4 8936 9274 8537 9802
4 9959 8748 9634 8918
2 909 5825
2 7013 4362
4 3087 9453 9707 9932
3 7814 5842 9287
3 6793 9728 6573
4 8161 9549 4509 4089
2 9448 9574
2 9879 8339
3 5903 5119 2256
3 8617 2001 7742
4 9892 9846 9955 5976
3 9327 9314 9089
3 9562 9995 9738
3 9892 9917 9969
4 9672 6603 1745 8557
3 9048 7582 4835
2 1987 3508
3 8881 2367 7125
3 9083 9142 7729
2 4695 7343
3 9543 9605 8964
4 9841 9827 8447 9873
3 5501 2185 8246
4 8419 7982 1343 9417
3 9850 9809 9844
2 9095 9531
4 9978 9964 9751 9962
2 7786 8715
2 1666 1271
3 9991 9959 9974
4 3834 5568 9289 7860
2 7110 9279
2 7258 6535
2 4600 9113
2 6368 8813
2 8989 9782
4 5350 9586 9451 9460
3 8484 6509 6057
4 6190 2108 3840 7090
2 9806 5405
2 9848 9447
3 4325 2943 627
2 9977 9185
3 9680 3959 9917
4 9589 8706 9669 9396
2 7246 7651
3 1685 930 8685
2 9670 4494
2 714 7116
3 9587 2415 8575
2 7550 9285
2 8640 5023
2 7806 7550
4 9991 9872 9987 8124
3 9663 9342 9379
3 9592 9703 7016
2 3607 5348
3 9514 9466 7495
4 8572 5442 5331 6753
4 5810 7646 7131 8161
4 1187 8106 7450 5027
3 8109 4362 8468
3 7511 9688 2272
2 9881 9942
2 2556 2066
2 118 824
2 3607 8815
4 7431 9243 9205 9312
2 4348 2530
3 7176 9336 4517
3 8393 9538 3316
3 1415 7051 8397
2 667 5305
4 9045 9953 9899 8432
2 5509 3102
2 2562 4344
2 2205 125
4 1483 6906 7465 4657
4 6432 915 3758 152
4 9100 8735 8309 1411
3 9004 6695 9916
2 1699 1971
3 7706 822 8592
4 5179 459 2476 2154
2 9385 133
4 8829 1808 9897 9625
3 9246 7315 8277
3 9084 5624 6638
3 8986 7352 9186
3 9747 9876 9000
4 7869 7521 842 8725
4 9936 9972 7658 9876
3 709 9155 7557
2 9873 7388
2 7759 9877
4 7468 1424 4630 7762
3 1107 8154 1198
4 9564 8817 5269 7607
4 10000 8546 9924 9996
4 2923 3353 9209 2585
3 3709 8720 7123
4 9908 9849 9211 9877
3 5649 1063 3775
4 7402 8572 9931 5790
2 8530 9783
2 9549 768
2 9694 7629
3 3913 6200 5599
3 5475 7378 8212
4 9891 9829 6208 9714
2 9177 4595
2 7072 2292
2 3085 3333
3 4402 5712 7936
3 8184 7306 6078
3 1387 7594 7790
2 9069 8123
2 9941 9972
3 1878 9085 7646
4 8413 5485 8549 9331
2 8389 7524
4 1935 8736 3971 9288
2 5909 8271
4 7686 9999 9002 6710
4 9717 7930 9940 2896
3 9839 9962 6413
2 5119 5697
4 9319 9221 7678 8528
4 3054 6123 9304 5190
4 9618 5321 9206 9781
3 7912 6235 6209
3 9492 8129 6630
2 9946 9273
2 6462 5462
2 7778 176
4 7322 1097 9934 9642
4 4551 8008 9912 9787
2 9585 9983
4 9551 9465 6415 693
3 9514 4920 9476
2 9377 9323
3 9505 8144 6432
3 7648 9615 9304
2 5376 774
4 5624 7995 2478 7551
3 8152 2739 8028
4 2259 9474 3527 8870
3 9157 9995 9801
2 6940 9337
3 8792 8570 9349
4 2489 9102 9728 9262
3 2693 6261 5338
3 4551 7161 9152
3 9415 6526 7761
4 9278 7651 2281 7609
2 945 2606
4 3749 1803 9726 8551
2 7295 4999
3 6476 4637 7193
4 9896 9724 9789 2058
3 9161 3470 8538
4 7034 6148 9888 1098
2 8113 5045
2 1422 4268
4 7726 9849 8860 9988
3 1385 9284 9640
2 1658 8429
2 9575 9125
3 5276 9411 8471
2 8378 5018
4 8644 5407 3496 8162
3 2420 8929 6628
3 9900 9989 9963
2 9760 9919
2 8841 9919
3 9473 8639 6345
2 8947 1405
2 6192 9055
3 6179 6209 9099
4 8842 5966 9108 9141
2 7212 7948
4 9485 4392 9961 9828
3 7451 8528 8408
2 6963 7352
2 943 9089
3 7278 9752 1374
2 22 553
2 5068 6689
4 9877 9910 9963 7700
4 6551 7701 3375 3489
3 9977 9790 9914
4 9972 9980 4473 9915
4 4010 9558 9827 9877
4 8590 9194 10000 9996
2 5404 1513
2 6077 6236
4 9998 9999 6400 8955
3 7607 9756 7180
2 5948 5863
3 9995 9994 9504
2 6574 4925
4 9946 9989 9184 9986
2 8596 3920
4 7907 9977 9993 9306
4 9265 8070 9541 9653
3 3162 5758 1068
4 8315 5654 8113 9200
2 9523 1899
3 7907 5360 9806
3 9895 6845 6780
2 9042 8480
4 8928 9604 9636 3494
4 9527 7834 9803 9795
3 9478 9473 8113
3 8235 5269 5370
4 8942 9309 6196 8755
4 9743 9802 7782 6215
2 8984 8766
4 8175 8745 5715 6892
4 9996 9233 9730 9999
4 1376 9690 9909 7649
3 8940 9848 9514
3 8736 4609 9743
3 9213 3299 8131
3 2189 6807 1090
4 9985 9828 10000 9708
2 4608 4509
4 9992 9941 9946 8360
3 9233 6935 9908
2 5069 4247
4 5262 5642 8742 9660
4 8616 3975 1674 9794
2 9903 9961
4 8082 8454 8195 8992
2 3802 7834
4 9198 9301 8921 9126
3 6146 6019 8647
3 7508 3607 4945
4 9980 9950 9855 5354
4 8614 9185 8759 9561
4 9924 9519 7493 9934
3 9478 2398 9657
2 1322 8151
4 7545 9779 3545 9988
2 6784 9210
2 6280 5547
3 3685 1647 6109
4 96 8637 659 2101
2 6666 8818
4 8012 9175 8574 7670
4 9912 2289 1828 5456
4 8952 9186 1719 3001
2 5176 7670
2 9878 9989
3 9993 9881 9979
2 3837 5383
3 9771 7507 9026
2 5764 3796
2 7935 8392
4 8725 8239 7400 106
2 9966 8914
3 8748 6945 9528
4 4098 9408 6745 8718
4 7228 7291 2498 2672
2 9673 9282
4 9835 9112 9716 3481
4 9918 9323 9887 9553
2 7368 3945
4 6550 1576 8799 3789
4 5350 9855 5929 9343
4 7736 8903 9487 9335
2 6633 8556
3 8632 8621 707
3 8397 7470 6121
4 9959 9980 8226 9797
4 8788 9904 8394 9892
2 6281 8939
2 5718 8576
3 9168 3580 8877
4 7397 9383 9543 8487
2 6494 3482
4 9464 816 9676 6360
2 5846 7978
3 9098 4731 1462
3 9927 6016 9608
3 8894 8248 9370
4 9927 9192 9578 9092
3 4357 7973 7309
3 8622 9994 9804
4 9909 268 9951 9678
2 6882 5799
2 5477 8190
4 6191 9555 8382 9334
4 9924 10000 9991 4871
4 8314 7553 8830 7624
4 5551 9577 9553 9373
2 8999 8403
4 68 9965 9938 9967
4 6884 9718 8356 8086
2 1552 6563
4 9983 2235 344 7695
4 9727 9817 5076 9245
3 8963 9816 9824
4 8552 3923 3236 8377
2 6306 9021
4 8508 7952 8177 2269
2 2901 4189
2 9588 7773
3 9052 8126 8086
4 5880 9794 9961 9932
3 6918 8542 6193
2 6510 7841
4 9815 8325 9897 6581
2 6229 7282
3 5240 6813 5366
4 7543 46 8957 7918
2 9674 9827
3 2027 7977 9263
2 7842 7799
2 5191 9107
2 3075 5254
2 1685 6866
4 3895 7601 8525 177
3 7107 9677 9800
2 9611 8789
2 6910 2162
3 6765 9375 1578
3 9989 8086 8788
4 8681 6861 9078 9154
3 9149 7665 9366
2 885 6355
4 4239 9114 7161 3982
2 6325 6509
3 9990 9997 410
3 7973 1747 3505
4 1105 9253 7555 6511
2 1656 8320
3 5698 5990 7309
2 9527 9164
2 6309 5103
2 9749 9172
2 3789 789
3 87 2217 5045
3 1535 6424 6982
4 6262 7827 4066 3763
2 1971 3732
2 9246 9028
4 8600 8862 8998 7091
4 4287 5671 1810 2079
2 9948 9213
4 5295 6771 8025 9643
2 1612 3416
4 9907 9768 9876 9922
4 9226 9873 9978 7218
4 6791 9867 9879 9985
4 8561 9911 9124 576
4 3201 8906 9293 1412
3 6710 8970 7571
2 9638 5096
2 8221 6532
2 6639 3658
4 8680 6088 6146 7931
2 5389 3926
4 1052 8496 4092 6640
3 9182 6085 8793
2 1692 490
2 5386 7193
4 8057 2504 8919 9808
4 2573 6053 9778 651
3 7339 9746 6224
4 6287 7715 9952 9687
3 4153 9945 9775
3 9897 6823 9973
2 6875 3335
2 5018 7537
3 9816 8136 8537
4 8210 87 7526 6055
4 9872 3316 9706 7354
3 9829 9541 9269
3 4280 8894 6280
4 7210 8157 9089 7670
4 9717 9839 9981 9969
4 6962 9639 9531 8337
2 8799 8600
4 7904 8324 9726 9060
3 8499 9963 9703
4 6032 4682 3594 1697
3 5398 4749 3645
3 9696 9902 1657
2 3414 5209
4 9671 8464 9107 9806
3 9995 9997 8460
3 7818 7869 8073
4 9940 9991 7518 9895
2 533 6103
4 9212 3056 9412 9371
2 8622 3952
4 9601 2230 9985 9991
4 8266 9929 9874 9964
3 5562 8715 2372
2 5100 6185
3 9923 7023 9260
3 7114 115 4905
4 8244 9544 8942 9926
3 9261 9938 9741
2 6878 7340
2 5588 2798
3 6089 8529 6241
3 9882 2175 9883
3 9970 7283 9144
4 9585 9823 9756 1108
3 9932 9614 8402
2 8115 8379
3 9463 5162 9956
3 8882 801 8090
3 6469 7597 9931
2 6463 6569
2 6095 8539
4 8932 9852 8482 9967
4 6996 7608 9849 9904
3 9961 6878 9988
3 6524 5801 1532
2 6839 7072
2 9667 9633
2 4872 2176
3 9385 3314 6268
3 9322 8848 9416
2 8720 6728
4 7971 9237 9551 8435
4 7439 9485 4927 9348
4 7404 6414 8586 6165
2 9110 9258
2 6285 9628
3 4034 7309 6376
2 5604 5875
2 7939 8375
2 8327 2228
4 9819 9318 9838 9500
2 5884 5797
4 6429 5010 7418 8089
4 9727 9925 9956 9818
2 2388 7571
3 8463 1953 8047
4 2546 4451 7307 7803
4 9967 9695 4564 9788
2 557 2406
4 9960 9973 9988 9992
3 8306 5828 6970
2 7746 8258
3 9983 8592 9958
3 9587 8583 7463
2 2506 1577
4 8726 9635 8570 7625
3 5445 9166 8790
2 9216 3602
2 8759 1975
4 9746 9049 8716 9047
3 2056 8225 8553
3 8770 8941 9095
2 5288 6967
4 2056 7283 6917 3033
4 9091 9966 3379 9303
2 2549 3736
3 1455 9735 8393
4 3184 3426 5390 7724
4 9972 4765 8782 9970
3 7498 6177 7829
2 7312 7726
4 9978 9911 9993 9731
3 7827 83 7942
2 9438 9552
2 2269 7788
4 9817 9759 9720 9313
2 9655 8498
3 9026 9727 8282
2 3720 2585
4 5953 7889 9524 9340
4 9209 4928 9330 5379
2 5450 5331
3 7686 5777 2079
3 9267 9788 4271
3 2864 2421 3526
3 8959 8392 9571
2 3766 4616
3 5864 3491 7800
2 6612 2015
3 9415 4918 8766
3 6778 8551 5119
2 5324 9735
3 7046 5337 7000
4 9947 7834 9944 7914
2 6891 4393
4 7733 6804 9969 8624
3 9916 9871 9071
3 9569 6610 1540
3 196 6903 6295
3 9353 7767 2411
4 8194 8189 2063 9486
3 6254 2485 6803
2 7618 7735
3 5752 8874 201
2 6194 8516
2 8850 8494
4 6415 8505 9795 9492
4 5033 4530 9642 8415
4 9116 7417 9220 3412
4 4411 8831 8386 8162
4 5912 9057 9868 9903
2 2533 5465
3 5988 7707 6951
2 7878 9477
4 9364 8972 2174 6373
3 2397 9115 8215
4 8771 9068 8321 9977
3 8278 4919 8165
2 7035 8722
3 8415 4971 9895
2 6572 9205
2 4135 7049
2 5412 5333
4 6529 6685 8697 3459
2 9993 9997
4 10000 9910 9923 9916
2 2377 6129
4 9630 8477 9619 9582
4 9587 9838 9891 9652
4 8348 9929 9417 9762
4 9441 9119 9138 9472
4 5504 2671 7971 8484
3 8725 2794 8919
3 8630 9974 9934
3 9756 9548 8748
4 7889 5421 9112 8707
2 6104 1613
2 2294 3929
2 6018 4905
3 8342 8083 6462
4 9162 9523 9578 9527
3 9938 9919 9829
3 9046 8647 9480
3 9721 9822 8697
4 4979 9687 4481 6059
3 7402 7050 8601
4 8725 9427 7408 9027
4 7743 8827 9296 7324
3 9387 2486 1038
2 9948 9932
4 9230 1630 3135 9700
3 8747 7453 7317
3 8549 9508 3967
3 9975 9536 701
2 8572 8612
4 9740 9878 9866 9017
4 9831 9877 9666 9977
4 1104 7700 3720 8090
4 9999 9955 9980 9834
3 9123 9794 9730
4 8735 9989 9907 4716
4 9965 9194 9179 9252
4 602 8933 8146 8955
2 8574 4501
2 4665 775
3 9928 9740 8147
4 4107 6898 4844 687
3 7978 6863 5229
4 2531 9838 9969 2204
3 5832 8976 8331
4 9944 8861 9525 4978
3 7349 754 7210
4 9845 9764 3837 9856
4 7868 9767 9887 9570
4 9883 6166 9764 3163
2 9516 9166
4 9677 9714 8029 1805
2 7696 8766
4 6737 9104 2447 5301
2 3046 9949
3 2706 9748 9722
3 9738 5569 9076
4 6022 9687 8182 7041
4 9393 9107 5833 9887
3 7921 8954 6995
4 9713 5613 8282 9400
4 9690 8919 8946 9658
4 1985 3470 4260 463
3 9875 9937 8757
3 9822 9945 9998
2 6115 2188
3 9740 8376 9741
4 4769 22 5742 7222
2 8235 5605
3 6104 2390 7514
2 7190 8492
4 7819 4475 8002 9523
3 3617 7957 7659
3 9770 9789 9859
3 5177 4661 3743
3 9770 9539 3385
4 9993 9946 9877 9995
3 9833 6355 9810
3 8876 156 1024
3 3873 2989 7803
2 7850 1724
2 8402 9641
4 9911 6829 9353 2213
4 9973 10000 9998 7924
2 9019 6623
2 8890 2011
2 9914 8006
4 9942 486 9993 8495
2 1196 3181
4 5479 8500 2298 9695
4 9764 7645 7180 9724
3 1341 9313 6636
4 9744 8691 860 9771
4 9840 661 9737 9988
4 5770 8601 8692 9858
3 9813 9391 9969
2 3980 5337
4 9688 9693 7190 8486
2 4948 8839
2 7287 8979
4 8599 7209 8822 6535
3 4252 6401 7493
3 8580 9917 9835
3 9939 9897 6811
3 217 9490 9498
4 9222 4697 6124 9164
2 7769 6064
3 9925 9317 5891
4 6147 2570 5534 2708
4 8783 3689 8389 880
3 4878 1742 2412
2 6970 3964
3 9670 8842 8472
2 964 5521
3 4864 3711 2451
3 9910 9984 9274
3 8889 7546 6352
3 8791 9513 9295
4 9696 7386 6078 8904
3 9680 9411 93
2 1042 5898
3 8031 9685 6005
3 9498 7380 9288
4 7288 8990 9951 9973
2 3260 8004
3 8520 8712 6105
3 9272 7700 8194
2 4141 3115
2 5380 6969
2 2286 5066
4 9653 5551 8770 9660
3 8001 7006 828
4 5381 6512 8181 6912
2 1160 4320
4 8221 7992 7530 8338
4 2366 7026 9553 3004
3 6022 5194 8258
4 584 5290 3812 9249
3 8810 521 9003
3 9946 9997 9592
4 9409 5631 7764 5419
4 7185 7403 7792 9951
2 8259 2769
4 9993 8380 9063 8196
4 9684 9245 9879 6492
2 823 170
4 9649 6459 1281 9134
3 9683 8262 9949
2 3313 680
4 8742 1533 9836 9544
4 9539 5430 4077 5512
2 9594 3733
4 9915 9956 7988 9395
3 1561 7464 8303
3 9739 8727 8227
3 9615 9406 2369
2 9743 6017
2 7281 6557
4 7094 8970 4550 8859
3 7293 4520 7588
2 9761 9825
4 9961 9997 9947 10000
4 7765 6074 7700 8353
4 8800 2040 9294 8244
4 3400 9844 9448 1985
3 9380 9880 9914
3 1698 8617 8949
2 9272 9415
2 6234 3868
4 9764 7493 9303 9889
2 6060 3018
2 2310 4655
3 8103 16 3397
4 8310 9958 9876 9997
2 9928 6225
2 9750 8837
2 9896 8987
2 8978 9750
2 5965 2096
4 4396 9858 5995 3960
2 9814 8280
3 6358 9851 7762
3 6137 5030 7763
3 6821 7012 6956
4 4519 6092 5160 5029
2 7511 8335
3 4145 7434 4513
3 7012 865 6884
3 1737 9342 8250
3 9064 7034 5305
2 2071 2647
4 9307 9954 9958 9804
4 7142 3411 1411 6861
3 1743 8133 9035
2 3544 2033
3 9712 9622 9328
2 5908 752
2 8549 8724
3 9918 9539 5953
2 6295 8296
2 34 3070
4 6989 8493 9818 9924
3 6056 8774 1001
2 1749 2836
4 8614 9905 9673 6416
3 8303 6153 8794
3 5354 9844 9158
2 8315 6715
2 9769 5205
4 9698 1893 2109 9647
4 7904 5998 9984 9970
3 9812 9611 7355
4 8166 4118 5625 9521
3 5463 7529 2444
4 9381 9355 6560 9795
4 9566 9109 9701 8392
3 7582 9359 9272
4 7947 8282 8972 7393
2 9540 9926
4 3296 9430 9827 9861
3 5825 5886 1619
4 6857 9535 5793 4003
3 6505 8592 9897
3 6308 4223 8362
3 9503 9129 6973
2 4753 6861
2 2336 3961
2 9348 6720
3 4947 4501 7865
3 9715 9646 4088
4 9989 9997 9975 9715
3 9455 9826 9387
2 136 1660
3 4660 7049 8420
3 9174 9840 9907
3 6097 9973 8597
2 9834 8465
4 9649 9349 5273 9265
4 3320 9940 9920 9309
3 3954 9881 8880
2 7066 8886
3 4206 9748 7864
4 9509 5975 9613 9760
3 9973 5815 9954
2 4534 6740
3 3115 8486 6752
2 9536 9935
3 3256 7605 7572
4 7424 8335 9044 4530
3 6828 7704 3968
2 9279 9366
4 9979 9983 9987 9998
3 6141 9810 9442
3 7607 4213 7340
2 7337 6592
3 8863 5646 8191
3 4409 6612 1768
2 8143 7831
2 3602 1664
2 7645 7309
4 2902 599 8127 7355
2 6598 6138
4 4773 9268 8355 7188
4 1812 2299 8207 2557
2 7297 6439
2 7978 5786
2 1317 8263
4 9984 9981 3029 9985
2 3630 291
4 2645 8115 6805 9664
3 8385 9733 6781
2 6487 7767
4 9950 9719 9999 9310
2 8797 8244
4 9260 8148 9250 8910
3 9698 8869 3163
4 5323 1309 9918 7720
2 8396 7827
3 6673 6961 5817
2 6513 8166
2 5845 7267
2 471 6199
3 9982 9966 9955
3 8358 3639 8769
2 1731 5710
4 9942 9997 9998 9698
4 4037 9873 9953 9801
3 1248 6634 6902
3 8932 9732 8940
4 4856 7138 7787 3171
2 1097 1730
2 8346 3935
3 5942 6807 3382
2 8226 7521
2 1912 8869
3 5361 2162 21
4 9912 8483 5782 1539
4 9086 8383 8624 2967
4 9431 5907 9413 9549
3 9788 3258 5505
4 5575 9967 9991 7089
2 7911 7768
3 6876 7004 2250
4 6576 4652 9914 9345
2 9858 8453
4 9689 9925 5666 9958
2 6686 6681
4 8708 692 8072 6123
2 7162 8617
4 8960 9057 9600 122
3 3883 9700 2128
3 2079 8425 3374
2 9755 1615
3 4882 5751 4755
4 9804 9076 9514 9877
3 9293 3912 7941
4 5146 9993 6167 9884
2 8368 8312
4 6714 8607 7654 6461
4 9977 9849 7074 9928
4 2311 1725 9071 3354
4 9538 7248 6444 6336
4 9164 9781 9802 9682
3 9810 9969 9978
3 9977 9521 9990
4 8724 9903 1207 9931
2 6250 9870
4 8069 9200 4653 8875
3 3760 7365 2075
3 7689 5034 5949
2 9646 9944
3 7412 8722 9507
4 8292 9915 9796 6530
3 6801 9985 9448
3 8422 9449 7311
3 9708 8703 9933
3 5481 6655 5925
4 9769 9936 9883 9935
3 8410 8288 3773
4 8018 7781 8473 5817
4 7363 9893 4336 9169
4 9869 9913 6515 9376
2 1995 5378
4 3999 9466 8968 9512
3 9611 9906 8760
4 9481 518 8118 7773
4 9866 8925 9536 7608
2 9603 9835
4 8696 9919 9787 8942
3 9982 9995 9195
2 1180 4491
2 2193 5671
4 3311 8621 5967 5660
3 309 5901 6170
2 6944 9213
2 2299 2763
2 9933 9970
3 5166 9235 9716
3 7115 7638 2311
2 8199 9962
3 9568 4853 6812
3 9913 9923 9934
2 5100 5373
3 3036 3679 5272
3 8518 7313 9870
4 9852 5633 9519 9952
3 9359 1857 632
3 5782 6921 3936
4 3091 2287 2626 5092
2 1089 3430
4 5287 9944 9437 9827
4 8620 9784 9414 4619
4 7799 9252 1857 8698
3 8993 57 7951
4 7242 9182 9790 9404
2 9175 4722
4 9972 5330 10000 9979
4 6208 7970 9752 9091
4 7146 9814 9826 8831
3 9993 9975 9786
2 5362 7364
4 9027 6084 7656 7165
4 9960 8179 8077 9906
4 9752 9883 8543 9590
2 8987 7293
3 6311 9201 4406
3 7402 7948 9352
2 1065 4081
2 3125 6575
3 5912 5849 9981
2 8986 7139
4 5971 7632 1405 8154
2 3402 5959
3 644 1729 4922
4 32 8314 7794 9995
2 2360 2005
4 9527 6091 9937 9889
3 5115 5698 1267
3 1122 8566 8281
4 8948 9281 6314 9547
2 8129 7528
4 9761 9088 8326 9954
2 4392 6576
3 7902 9926 8764
3 9690 640 9101
3 8216 3214 7691
4 9917 9999 10000 9998
2 6371 6817
4 10000 9850 9995 9998
4 9993 9978 9902 5219
4 1982 6937 2736 5602
2 7689 7811
3 6089 9728 5904
3 9214 9928 9882
3 2866 2505 6604
3 8493 1270 6922
3 3406 8406 3941
2 9804 9958
3 9197 9845 9601
3 7219 8660 6455
4 4875 7188 2776 1437
3 9681 8822 9621
4 9987 9637 9992 9997
3 9649 9799 8807
3 9780 6157 8111
2 5275 9209
4 6747 9958 8171 9899
4 7875 9530 9498 8548
3 8425 2302 5038
3 9095 6923 9942
3 9985 9369 9976
4 8704 601 3210 7114
4 8780 8807 6634 9809
3 6866 7208 6237
2 8214 9823
3 9363 9117 8910
3 8188 8219 9983
2 3073 9558
4 6416 3339 565 5969
4 7123 9267 9774 9830
3 8959 7300 7959
4 5107 9204 8433 2373
3 9933 2043 9963
4 3651 5940 2980 9741
4 7583 1747 8770 4603
2 5832 7397
2 7090 8515
2 1082 231
4 559 5281 9760 9497
2 3922 6879
2 6362 4885
2 1560 2361
2 5400 9315
3 8953 6125 4150
3 9152 5559 4137
2 8875 8632
3 2579 5290 7491
3 1964 8673 3431
4 9815 9334 2253 5279
4 6559 4667 7617 6305
4 9460 7537 1234 8562
4 9882 6476 4087 6402
4 830 3054 6341 5192
3 1988 8556 6872
3 9182 9718 9508
4 9824 9799 2716 8512
3 7664 8723 8924
2 8770 6652
3 1446 5205 7809
2 413 954
3 9310 9474 7093
3 7260 7932 1019
4 9997 9777 7392 9734
3 6274 8928 9736
4 9921 9723 9763 1909
3 8637 2240 8802
2 7074 8159
3 4328 1721 9353
3 6587 9814 9688
3 476 4498 6426
4 9417 2865 9579 7411
2 8887 7701
2 7245 6752
2 9375 9582
3 1036 4312 6742
4 8119 9139 9005 9706
3 5006 6025 6100
2 7026 8952
3 1425 6859 6606
4 7261 9468 9632 9136
2 7360 5152
3 9202 8914 5964
2 3511 9141
2 193 4201
3 9564 9657 3703
4 5968 8637 9218 9967
3 9821 9782 6488
3 8147 4141 9895
2 7272 3268
2 9176 8734
4 4734 9275 9087 8159
2 9025 7684
4 6071 7580 6719 5211
4 9055 8857 7362 7631
2 7614 992
3 6285 4266 4354
3 7185 9528 7961
3 4792 1987 3866
3 7032 6491 8237
3 1213 7114 6766
3 9766 9001 617
2 7911 5383
3 3124 5094 6233
4 8408 9338 7907 5625
3 8906 8634 550
2 3557 1694
2 8786 9763
2 2703 3922
3 5639 2333 7618
2 5457 5662
3 9713 7555 8828
2 5542 7341
2 7284 8729
2 9508 9733
2 6845 6838
3 4595 4430 8675
4 9985 6122 3683 6911
2 6157 3412
2 8222 8046
2 429 398
4 3464 6181 7647 9828
4 9433 9074 9863 9539
3 9047 635 9655
4 5142 9319 9915 9869
3 9069 7140 7886
4 607 4066 9820 7251
4 8971 8960 9999 9361
2 5949 5097
4 5797 3920 9190 8155
3 9996 9987 9587
3 5211 9336 7356
2 6466 8603
3 4066 7892 7858
4 7695 9982 6521 9077
3 1464 791 52
2 9303 6031
4 8453 9680 7898 2529
4 9739 9860 9399 9338
3 6526 6965 6331
2 5605 8791
2 5090 2406
2 8428 5995
4 7903 6926 8830 6736
3 5807 8254 6429
4 803 9042 2350 638
2 9454 9881
4 7882 8956 8735 3542
4 4883 9428 4758 6860
4 7174 7113 9042 2876
4 8718 4027 7671 1716
2 9056 8373
4 9822 9729 7246 4635
3 7329 9361 8444
4 594 1252 5984 9302
4 9928 9980 9997 9541
2 8441 9207
4 937 5018 9156 4388
3 1565 7432 8870
3 8114 6805 9917
2 4777 2007
4 6155 8752 1878 5346
2 7475 3891
3 7907 5173 9960
4 9988 9417 9770 9995
3 9719 9837 9331
3 8760 9944 9353
2 6719 3830
2 9032 8804
2 8942 9054
4 9368 8164 7470 9256
3 9790 9582 9181
2 6656 7385
3 5293 569 9758
3 8684 9677 9703
2 9287 9911
3 696 4100 7972
2 8343 8639
2 8507 6624
4 9865 6145 2582 9700
4 7789 8506 6938 781
2 8083 9587
3 7998 7865 2808
4 8998 9700 9625 9957
4 6458 2027 9479 9235
2 8822 9430
4 7731 1343 9255 1549
3 8726 4528 7129
4 9067 9527 9833 9746
3 4838 4694 6891
2 9307 6403
2 8358 9949
3 9867 8073 8064
3 9692 752 8623
2 1015 943
2 6384 6084
2 3209 899
3 9580 4452 5187
4 9255 5880 8442 9532
2 7976 8708
2 1031 331
2 7895 9812
3 910 3020 7153
2 7366 3779
2 6783 2188
3 4589 7021 6281
2 9461 9037
2 6432 6279
2 204 8845
3 5771 4534 3434
4 6473 6741 20 6716
2 454 6392
2 7437 7857
3 5608 8766 4272
4 3047 9436 9679 9470
2 1481 5323
2 581 1938
2 6840 7170
3 9233 7719 2418
4 4836 9988 9807 9991
2 4406 4792
3 4599 9320 7213
3 7473 9141 5938
2 9383 7331
4 6776 8006 6311 9089
4 8617 8513 6591 9691
3 9405 9666 9740
3 9766 8946 9550
4 9812 9400 9856 9511
4 9622 1346 7673 9785
2 8439 5194
4 9419 7873 9604 8780
3 5030 9204 9236
2 9400 7367
2 6207 2043
2 9280 456
2 425 7790
2 9494 8478
4 8426 9686 2573 1357
3 7575 9912 9672
4 9588 2417 6337 9189
3 8490 9407 7040
4 9349 6179 9693 9325
2 863 8850
2 5788 5177
4 9995 6465 8147 8532
4 5142 6839 7831 7556
3 9593 9971 9811
2 7042 8670
3 4432 429 6017
4 7640 9236 7974 9807
2 8034 9103
3 4726 7454 8005
3 7332 9872 9741
4 9849 6387 1853 8688
2 7865 7958
3 9919 3698 8839
4 3311 9335 9891 9778
2 8006 8605
4 8340 3202 8552 9031
3 7658 8818 7666
2 7135 643
2 4648 8837
3 1976 9897 9673
2 7560 9092
4 9926 9925 9752 9443
4 1026 7869 3723 8641
2 2723 6836
2 9820 1005
4 7048 8548 9930 9958
3 8646 9523 6804
2 6413 8679
4 9579 9756 7355 9564
4 8876 5954 9650 9884
3 9801 5061 9948
2 7748 8532
2 1858 1642
4 9223 9476 9650 9640
4 9823 9996 6230 9989
3 6672 7237 8939
2 6905 8891
2 7950 8495
4 9993 9999 10000 210
3 9642 9159 3768
3 8145 237 995
4 9996 8937 8250 2271
2 4690 1662
3 8742 8794 8451
4 8057 5465 6504 8519
3 4823 4063 7611
2 8094 6157
3 9935 8819 9977
4 2997 9064 2460 9333
3 2863 2807 3976
4 9677 9668 1379 9886
4 9995 8074 9844 9971
3 5607 2155 8385
3 4708 8144 2142
3 9923 8896 9641
2 6880 839
3 1406 6094 9323
3 4250 8112 6898
2 8851 8795
3 1700 926 4055
2 1443 9367
4 9869 6754 9469 9770
4 9855 9949 7439 9887
2 1990 7773
4 6829 9625 9580 2866
2 6238 6660
4 8119 9593 8112 9262
4 9975 9728 4101 8345
2 5795 9428
3 9027 9933 9907
3 3285 2505 5320
2 9454 9275
3 2529 3746 5412
2 6473 5652
2 6257 8694
3 5 2855 882
4 5634 3488 1124 8275
4 8909 9605 9988 2833
4 6057 8471 7633 8978
3 8684 4938 6843
4 9202 9756 5641 8492
2 7157 7700
4 9151 7801 6971 3353
3 5090 2912 7458
3 6027 9971 9437
2 8890 8945
4 8088 8526 9238 7597
4 9963 35 9774 9917
4 6990 3364 9113 9351
3 9018 9547 9788
4 7885 8063 9160 9942
2 9103 2476
4 112 4676 2458 8406
4 9589 8878 9458 9906
2 4924 8985
4 7610 6451 8258 8716
4 8273 7529 3248 7604
3 3422 2799 6723
4 9425 8432 9373 4201
3 8882 9609 7288
3 9804 9707 9885
2 5932 3609
2 6532 5051
2 3571 7714
4 9870 4137 7300 9749
4 5448 8082 5414 8735
2 9574 818
3 131 9152 8668
4 7362 4662 8151 2701
4 9115 8996 9827 9264
2 7574 5466
2 6628 2398
4 8108 6654 7163 5346
3 6807 6348 8640
4 3462 26 9842 5990
2 8124 9641
4 9243 3347 9993 8131
3 8898 7893 7658
3 8293 3936 8848
4 9996 10000 9928 9989
2 8680 2810
3 9956 9970 9815
3 7152 4673 8081
2 9076 8052
4 9760 9442 7362 9503
2 9966 9809
4 3901 9581 9352 7604
3 3438 8592 9231
3 8225 4365 8927
3 6934 1869 7481
3 7637 4415 3231
2 4655 6898
3 881 1015 1964
4 9412 9982 1525 9988
2 8718 7000
3 5148 5535 3718
2 9805 9925
3 2686 3004 3300
2 9971 8526
3 1269 8749 6682
3 568 5585 6891
2 5371 3690
4 4924 8297 4030 1862
4 8335 9205 9286 229
2 6742 8526
3 4405 6109 4299
2 1031 6067
4 9478 1342 8321 658
3 8512 5919 4011
2 4584 6130
4 2324 8637 4978 6185
2 8990 9187
2 6187 4219
4 641 9520 6104 6705
3 7277 4934 4583
2 8851 6182
4 9265 9339 8690 7606
4 9775 4320 9863 9463
2 5356 277
2 3043 8680
4 9885 9917 7607 3299
2 7932 3107
2 9386 5940
4 8137 4978 8230 8892
4 7332 9908 9435 9968
3 9243 2893 8551
2 8967 9453
3 9964 9959 9989
2 8936 6521
4 9995 4330 9571 9984
2 7841 4079
4 8103 5309 5559 9348
4 9160 294 2108 9456
2 1826 2069
3 3144 8461 4647
4 1333 7755 4741 8813
3 8298 896 6145
2 8230 8931
2 468 1439
3 7229 8422 2870
4 8557 6008 6261 2176
3 7937 9007 6308
3 8714 7294 9270
2 176 4496
3 9440 9912 769
3 6963 489 980
3 6476 4906 9280
3 7196 1866 8268
3 9600 9808 9286
3 5076 7872 4641
4 9869 3853 9451 9876
4 5841 9773 4521 9631
3 8493 9128 3103
4 8931 9915 6911 9816
4 9906 9943 9955 9959
3 9274 6373 9958
4 1445 8154 5976 168
3 8938 2234 4473
3 8789 5170 8755
2 9173 9693
2 6185 2494
3 4711 7440 6026
4 1543 7820 9687 5512
3 7831 6944 4146
4 7081 8427 8570 8003
4 4815 8370 8445 8972
2 5208 4549
2 9601 6935
4 9688 9136 9860 9173
4 9317 9379 6125 8557
4 9757 9837 9352 9332
2 5398 6095
2 4431 5792
4 9356 3313 5613 6005
3 3154 1006 6315
3 7558 8023 6507
3 9928 9958 9198
3 9872 1117 9853
4 9203 9019 7476 9571
2 6604 5491
4 1485 9317 9960 9872
3 9450 8548 9662
3 9734 9918 9612
3 5875 4677 1432
4 9868 9995 9985 9992
3 9931 9847 9840
3 9966 9889 9623
3 6014 7075 4666
3 6505 3531 8903
4 8614 9493 5943 9758
2 4505 9641
3 2378 7293 8589
4 3319 9197 7931 7046
3 1907 5232 9582
2 9929 9477
4 9979 9753 9996 9956
2 9431 9730
4 9830 9738 7449 9853
2 8714 4367
2 9719 9430
2 6690 9374
2 4121 6417
4 9021 6793 7134 9160
4 8680 9644 9970 8871
4 5630 9855 8821 4421
3 1791 7962 6784
4 9631 9816 9795 9601
4 9394 9998 9989 9826
4 5488 5725 3602 7712
3 5981 9977 9679
2 7205 7419
2 8318 2267
4 9968 5497 6907 9991
4 9222 9810 9609 9115
3 1447 6806 9337
3 9059 6201 8964
4 2660 8221 7164 6918
4 8770 8463 5538 3369
3 6216 7513 8136
3 9768 5931 8094
2 5176 3996
3 69 8769 7085
4 9584 8211 8415 9670
3 5256 9751 8989
3 9830 6954 5586
4 9839 9972 6226 9961
2 1413 3860
3 1052 6318 2668
3 7135 7775 3917
4 9983 9410 4901 6226
4 9070 5992 8474 8105
3 7497 9306 9475
2 1346 497
4 8980 9984 9935 1906
4 7130 9863 6672 9896
4 5838 1271 7918 2008
3 1605 8109 9727
4 166 9318 8905 8157
3 8428 5583 8133
4 9825 9751 9931 9878
4 8717 9697 9879 9758
2 9435 9993
2 9904 9492
2 8952 7380
2 1552 3282
2 3115 9691
2 5514 4958
2 5775 4986
4 7696 4370 9209 9678
2 9877 8812
3 9799 5566 9779
2 4042 83
3 9511 8501 9698
2 7220 6456
3 181 6839 4370
2 7765 5827
2 3526 2288
3 866 7367 7095
4 5525 8763 8520 8928
4 9528 9553 9640 6588
3 9858 9808 9927
4 9706 9634 7203 9600
4 9804 9819 9270 9336
2 5534 5932
4 9361 9184 3092 1786
4 7672 7174 8385 7329
2 3729 5784
2 8733 8007
3 7937 7584 9957
3 8651 9424 8705
2 2635 2606
3 5298 5922 3502
3 8678 8361 9874
2 4731 8233
4 9391 8082 8973 9312
2 3886 8078
2 5204 3162
2 1956 6905
4 2843 6568 2873 8011
3 2711 8321 4168
2 753 5148
2 5127 5735
4 805 3790 9612 7320
3 9641 9654 9709
3 8274 9473 6452
4 1112 8014 2027 9883
2 2168 8273
3 9377 9662 9407
2 7951 6966
4 4354 7492 9975 9996
2 5831 7120
2 9898 9245
4 7772 6536 9429 9793
3 8956 5517 7095
2 1189 579
4 8102 8053 4862 681
2 7995 8308
2 4007 5176
4 9677 6899 8054 8327
2 5274 6422
3 8149 9802 3578
4 3354 8410 7303 8572
4 1059 9348 8283 8833
4 8624 9781 1522 9606
4 8763 7708 8230 8642
3 4053 6860 6964
2 9765 8943
3 9788 9692 9355
4 9997 9999 9951 9998
4 9972 8245 6355 6208
2 8929 9909
2 6493 8924
4 9110 3589 6053 8420
3 9252 9394 5863
3 8580 8357 9064
2 2455 8013
3 412 9346 6200
3 7094 5073 6698
4 8803 8740 5554 8934
3 1133 741 8274
4 4636 5700 7491 1082
4 7504 9821 8773 4167
2 5858 5844
3 9952 9936 9302
4 8094 9368 9526 9211
3 9594 3473 7385
2 8819 9865
3 1716 9646 5855
2 9039 2130
3 9302 9625 9759
2 9956 9993
2 8845 5353
2 7184 8403
2 8118 4949
4 9836 9460 1658 1302
4 5357 4008 4691 5479
4 9861 3376 9703 9605
4 1838 9121 9748 6267
3 8029 9825 9090
3 9559 6822 8925
4 8955 9717 6027 8961
4 7306 9702 8693 6291
4 8741 9808 9706 1682
4 9942 9781 9784 8743
4 9953 9829 9723 9211
3 4191 6273 6359
2 440 9914
4 9875 9322 7868 4932
2 249 9280
4 9705 8690 7122 9993
3 8626 7917 9165
2 7277 5018
3 8702 8616 6956
4 4038 4818 2237 8773
4 8989 8057 8181 9350
3 9064 9693 2575
2 5783 8260
3 9903 8283 5793
3 9404 9636 9912
2 8258 5973
4 9961 7354 8014 9440
3 8829 5813 5721
4 6419 9817 2464 9634
3 9324 9209 1339
2 5594 8296
2 7100 5445
3 8644 7437 5238
4 9683 6598 8394 9475
2 9151 8337
2 9691 4851
3 7203 5754 3411
3 4773 9028 9926
3 7596 9760 9022
2 2482 2519
2 2986 9557
2 8665 7750
3 7577 9092 6934
4 6109 1275 1407 8131
2 1679 4343
2 2414 9882
3 9146 8769 9616
4 8644 9910 9979 3896
2 9755 9130
2 6478 9620
3 8206 6888 6919
3 7310 244 7018
4 9790 728 9741 9959
3 9935 9180 8933
3 9635 7850 9178
2 7162 9577
3 3432 5938 6511
4 9752 9040 4893 3642
2 9216 2930
2 5822 6853
3 6925 9063 7724
3 9774 8041 9777
2 2980 3066
2 3175 5658
3 5839 830 6026
2 6258 5615
4 5001 9760 8605 9404
2 9220 8881
4 5082 7131 7844 5714
4 9867 3189 3127 9799
3 2589 8531 9004
2 7969 6077
4 9993 9877 9885 3572
4 716 5223 4712 9182
4 1167 9268 9443 3517
4 1415 5593 1751 5449
3 9347 7390 9585
2 9318 8909
4 622 9289 8490 9867
3 4684 384 2545
4 3790 8188 5274 8271
3 4608 3492 6508
2 9249 9411
4 9419 4723 602 9942
3 9681 9289 9065
3 7703 9530 8769
2 2959 8393
2 9979 9354
4 9985 9920 8884 7623
2 4131 7319
3 5740 5498 9759
3 2020 6682 3363
4 3271 1416 9948 6168
4 8182 7819 9917 9885
4 8869 5499 4607 9781
2 9658 8946
4 9349 9996 7666 9998
4 8388 9910 8308 7506
3 3872 2740 3848
2 8707 3473
4 9929 9278 9808 9913
2 5381 9279
2 6375 4743
3 8651 5380 7122
2 7234 2198
4 6415 8474 9890 9018
4 9678 9851 4635 9498
4 9679 9833 8785 6861
4 1037 8834 9118 3237
3 3121 6350 3398
4 4321 7446 7918 1961
4 7195 9407 9230 9351
3 6545 7405 7522
3 4855 6652 9449
3 6074 5281 9075
4 8027 5802 5291 8939
3 4637 3406 4696
4 9902 9949 9983 9945
4 9960 9060 9785 9767
3 9963 9985 9855
4 9786 3734 8851 9572
3 7489 2309 9599
4 4431 8488 9657 7959
4 9627 8687 9334 8484
2 8415 9451
4 4318 9626 9520 130
3 8550 5073 445
3 9637 9225 5734
2 5799 6878
2 9674 8161
3 7007 2889 9219
2 9463 9631
3 7614 9454 9591
4 9732 8893 8669 9678
3 9717 916 8355
4 6465 7576 9639 9931
2 5426 7303
2 5059 7010
3 9440 3735 3292
3 7247 5822 5034
4 9763 9868 9314 9945
4 4852 7095 8421 357
2 4722 9007
2 8723 266
3 9548 9857 1265
4 8788 5563 4660 8047
4 9570 9796 9979 9870
2 5833 3393
2 5250 6663
3 922 211 8615
4 5316 1295 3498 8607
4 8971 9610 7146 9594
4 9248 7107 1280 9351
4 8646 9907 9549 9678
2 8011 9946
3 3135 4321 8316
2 1457 9133
4 9684 4696 8656 9460
2 9826 7376
4 9834 2177 9780 5423
3 8822 1807 9112
2 6800 4659
3 1324 5197 9760
4 9474 9333 9368 9488
3 8492 6890 1876
3 2190 7864 7267
2 6094 6786
4 9699 8997 7457 9938
2 3447 9019
2 9327 9230
4 9801 8155 3581 9054
2 8820 8669
2 1853 1458
2 8817 9758
4 7734 7477 9243 3606
3 7584 9946 9436
4 8931 9708 4419 8470
3 9001 1194 6803
2 9056 9849
4 7762 4623 951 7625
2 6323 4022
2 9377 9481
3 5138 9951 1059
4 8718 7208 9907 9388
2 5122 7960
2 5032 3694
4 9785 9887 9738 6842
4 7976 9534 2043 8473
3 5448 4776 2510
2 8962 1528
4 6569 9783 4893 4734
3 9809 8032 9957
4 9763 3578 6424 8358
3 9997 10000 9994
4 5466 9155 761 9058
3 9995 9611 10000
2 5466 9636
2 8320 8995
2 9132 7616
2 1499 9003
2 30 9453
2 4962 7073
3 8598 5499 2490
4 8306 9686 6676 9963
4 8301 5178 8170 7141
3 5452 5088 1719
4 6120 8512 6466 9833
2 4327 2538
3 6985 8256 7026
2 5005 5692
4 9587 9686 8741 804
4 9837 9744 9368 7013
4 6347 9959 5267 9575
3 4597 4940 7085
2 9555 5022
3 9295 4270 8443
2 9990 9995
4 9386 9404 9791 9512
3 9914 9928 9948
2 8084 9201
4 8871 8903 5519 7568
2 4838 282
3 9303 9602 9573
2 6080 3952
4 9717 8479 9545 9902
3 828 687 3457
3 4350 8511 85
3 9299 8995 9512
2 3526 5202
3 6379 6777 6556
2 5452 9328
3 6026 4589 8175
2 8820 8616
4 8401 8589 1696 201
4 2009 9650 4148 3556
2 3839 1377
2 9349 9026
3 9419 9839 7853
3 5510 6732 6291
3 3484 2988 4457
2 7242 9746
3 9760 9837 9495
2 3377 6391
4 9513 8107 7089 9927
2 5372 7449
3 2482 6806 1300
3 939 120 615
2 9067 8430
4 8316 9240 3396 7602
2 4152 3191
2 9422 7905
4 6299 6350 2201 3506
2 6282 290
2 5804 2086
3 8956 7585 8643
3 909 3167 5556
4 9916 9994 9995 8097
2 8807 9241
2 614 4190
3 6336 6901 5671
2 7302 8877
3 9822 9943 4345
3 8394 9317 8124
2 1788 9684
2 3378 3266
4 9589 9209 9933 9833
3 8000 9090 7420
2 238 5441
3 411 1145 7358
3 8265 5454 4174
2 83 2519
4 8936 8284 9279 9479
4 9693 6499 8297 9431
3 7809 5571 7935
2 2603 3615
2 3056 3412
2 9523 7083
3 2997 8555 3329
3 8954 9116 778
3 9833 9948 9372
4 8028 8675 8767 3063
4 8900 8770 5413 7779
2 1281 3836
4 8901 8997 3082 8711
3 5278 8388 8653
2 9094 9144
2 2867 5225
4 7704 7975 9696 1525
3 6394 2020 7669
2 8947 6752
3 9860 9795 9899
2 9955 927
3 5854 8048 8823
2 8561 8999
3 9189 8982 2533
2 9313 1439
4 9740 9884 9911 6556
3 6803 1692 6748
3 4048 9577 9206
2 3980 2154
2 6846 3841
3 8442 7745 3864
3 8355 6649 4911
4 9992 8071 9991 9755
3 1805 7344 9229
3 9972 9776 4271
3 6074 7008 9481
3 9676 8943 1935
4 3723 9906 7152 9758
4 1757 8149 9859 4481
4 9434 5555 2290 9807
4 6515 9417 9657 6704
2 6850 3959
4 4266 8499 9623 8211
3 7580 3683 4313
2 7402 8561
3 674 3261 750
2 7043 8786
2 9252 9953
3 4961 2248 2201
3 5971 6436 9273
4 6207 4186 6719 1643
3 579 8555 6744
4 9642 2149 6525 9357
2 3700 3329
3 1721 9191 9274
4 6166 7917 4104 2842
3 5790 2312 8471
3 9488 9396 3067
4 1263 9673 9137 9542
3 7755 9434 9523
2 1590 5118
3 6465 9658 9955
3 9762 8069 9743
3 7056 8641 9082
4 7760 8825 3585 9262
2 6542 2047
3 7660 8405 3902
2 7240 8241
3 9368 7866 8852
2 9518 9760
3 3361 409 8412
4 9601 6351 9008 9177
4 9859 9619 9884 4487
3 9991 9610 9996
4 7279 7534 8066 4810
3 9738 9909 9930
3 9757 9941 8668
2 6711 8658
3 9647 9110 9513
2 9924 9870
2 2421 7748
3 5973 4069 5914
4 8735 6966 6405 9591
2 2263 5222
4 9875 9817 8012 9975
3 7802 7931 2416
3 9065 7087 7512
3 8413 9077 7014
2 4284 8227
3 8027 9683 9451
4 9772 9627 9328 8497
3 8544 8211 5350
4 3137 8098 6720 130
3 9414 6469 9719
2 8957 8423
4 9343 9728 845 9791
2 8605 9728
4 5178 8157 9638 4754
4 4282 9867 8600 6463
2 9709 7438
3 1752 6805 6785
2 3738 7678
4 9901 9888 9886 7685
3 9785 8576 9663
4 5819 7896 8954 6550
4 2027 4444 4391 9742
3 6585 8907 7829
4 9324 5837 5150 9577
2 6041 9450
3 9114 9191 8959
2 4688 8200
2 8212 4052
4 9271 4318 9502 2175
4 7803 9875 9760 8472
4 9647 451 9948 9930
2 6835 6570
4 8115 9423 8361 7751
4 9924 6027 2914 8695
2 7789 7110
2 8423 5180
3 9448 3342 9968
4 2385 9834 6816 8140
4 9995 8423 8498 2334
2 6614 6032
2 9227 2628
2 6524 2272
2 8390 7647
4 9793 9862 9993 2689
3 1660 5108 4152
4 9183 9785 9849 8544
3 8117 8413 1345
3 9864 8739 9771
4 9291 8960 8839 8422
4 9609 6561 9089 9405
2 8695 9083
4 1778 7978 9232 8548
2 3115 5564
3 9448 9000 9130
2 9224 9374
4 8713 3071 9643 9443
3 9457 9519 5695
3 5122 9255 8029
2 9045 9994
3 9926 6482 6052
3 9977 9428 7532
4 9195 497 6222 8512
2 9646 9671
2 9157 2095
4 9531 9792 3293 9924
3 2734 678 6455
2 4104 3954
4 6054 7949 5565 7482
4 9632 4212 9955 9671
2 5362 5796
3 9436 9528 6407
2 7835 9166
3 8979 9938 227
3 9724 9788 3926
2 3879 9753
3 9513 6168 9780
4 9879 9643 9950 9013
3 8788 9936 9771
3 7022 2133 4347
3 4071 9639 9347
4 1119 6729 7094 3061
3 10000 9995 1860
3 6313 8791 8529
4 9887 9995 9996 9993
4 8362 7496 9289 7316
3 9876 9852 8107
3 9739 9995 9063
2 8952 7869
2 746 5167
4 7754 8901 9237 8602
4 8136 8353 3943 9880
3 9368 8127 1992
3 9944 9905 8503
3 5460 5994 9502
3 9896 9699 7426
2 2813 5500
3 8615 5645 58
2 2857 2409
2 7033 9408
3 8698 8651 4718
2 5292 8620
2 3882 5892
2 9304 8146
3 9732 6644 9627
4 6404 8995 9651 9743
3 9769 9225 7757
3 9774 9179 8535
4 7402 9621 8181 8080
3 7338 7308 9590
2 9502 5401
4 9408 8933 9579 8862
3 9412 9219 9148
2 8968 134
3 72 6833 8556
3 9923 9685 9741
2 6992 8098
2 9719 590
4 9910 8956 9979 2761
3 2070 9096 7287
3 9639 9194 7905
2 8967 1534
3 1832 7381 4316
2 8553 9837
4 9763 9983 9994 7949
4 9038 9755 9572 9373
4 5953 8416 6774 6497
3 101 7524 444
4 9769 9583 2020 6044
3 8994 8649 7946
4 9870 7539 6738 9336
4 7056 9790 8828 9122
2 2278 1935
4 5560 8558 1394 3688
3 9385 8090 8753
3 3310 9628 9447
3 8965 8973 7695
2 8462 7247
4 7108 9998 9986 9614
3 9852 9836 9966
2 9950 9590
4 4862 642 6804 4066
2 8672 8819
2 77 3492
4 6747 4551 3775 6124
2 9748 6632
2 8646 9472
4 9991 4510 7537 9983
3 9270 3804 9574
3 9065 9155 6076
4 6320 9886 9970 3453
4 8779 6520 9649 9130
3 9732 9830 8348
4 4545 4940 2886 8128
4 8695 6841 8672 8853
2 4574 5839
4 7662 7641 7459 968
2 9348 7534
4 6647 9036 2029 9589
4 9267 9578 8869 9787
4 9462 7826 8958 6724
3 9541 8978 7753
4 9911 6168 6264 9649
4 9652 6175 164 3627
2 564 6705
3 6394 9361 9507
4 9120 7268 8391 4012
3 6042 9974 7821
3 6612 7791 9847
4 9908 1757 8957 5655
3 8834 9228 3329
3 8865 7708 8604
2 8242 8251
3 7393 4745 7870
2 6417 8922
2 229 6750
3 7273 9614 9911
4 8566 8516 1519 8698
4 3140 1704 8477 1222
3 8113 9624 8902
4 9861 9636 9082 9932
2 9061 1888
3 9052 7350 9451
2 7352 4763
3 2490 4959 9249
3 7756 1912 2566
4 9144 7850 9862 9851
4 4173 5403 2311 9731
3 9986 9261 5697
3 6977 1809 9765
4 9247 6212 8929 8170
4 9785 9209 6767 9920
3 8153 7258 9812
3 1147 4534 8785
3 7104 4151 5705
2 9482 3412
4 8959 2203 9886 9860
3 6565 9996 9999
3 9938 9722 9828
4 9303 9877 9697 9623
2 7692 7866
3 5435 3958 4072
2 9884 9785
3 382 7778 2947
3 8253 582 1214
3 9305 9285 9657
4 8198 8846 9835 9833
2 8878 8589
4 3516 6317 4159 6134
2 5690 4033
2 9258 9115
3 6655 7539 7102
3 8985 8338 9078
3 9097 7561 9331
4 5130 7757 5765 7245
4 7487 9226 7843 7067
3 6092 8711 8690
4 5126 4365 5224 4759
4 9770 9833 9571 2839
3 9568 9814 4768
4 6875 7998 417 8364
3 9484 8785 4160
4 1492 9652 6684 9279
2 3013 5394
2 9274 5973
2 7220 9373
4 4130 8463 7610 9025
3 8116 8114 7753
3 9834 9630 7224
3 6941 6894 9387
4 9996 6714 6679 9868
2 8998 9847
3 3984 9026 6203
4 9960 8633 8461 8216
3 8433 9984 9828
4 8300 144 9568 9526
4 9872 9996 9959 6333
4 9824 9830 9602 9266
2 9849 8648
3 4485 4851 4046
3 8832 7494 9307
2 8923 613
3 4046 7294 3198
4 8593 9607 9883 9203
3 9137 4041 9804
3 9053 9289 6691
2 6561 2105
3 9623 9696 9972
4 6406 7648 9305 8992
3 971 9860 9331
2 8514 8257
2 5719 9991
3 3696 9228 6009
2 3681 3798
4 7675 6532 7382 1195
3 9493 6072 9767
2 6462 2553
4 9626 6413 5070 8746
3 6731 5699 6033
4 9872 9384 2446 9588
4 6692 3538 1407 9771
3 5670 9998 9982
2 5512 7975
2 1594 8817
2 3478 9217
4 9780 9983 9925 6534
2 6028 5686
2 5919 1265
4 8206 7099 7871 4697
3 8795 921 2884
2 7516 1886
2 7672 3
3 8961 1014 7475
4 9504 8258 4929 8991
4 6266 9725 9712 9493
3 5126 9049 2023
3 10000 9998 3776
2 774 3054
4 7843 1888 3189 9122
4 8776 9617 9962 6037
4 8925 5684 9860 9997
4 9583 9723 9972 9999
3 6491 6963 3085
2 2631 978
2 8885 1321
3 8955 9444 7892
3 8048 9758 8530
4 9990 8726 4149 9664
3 9932 9976 2077
2 7271 6530
4 1410 8148 9302 7380
4 9907 9727 6710 9758
4 9365 6838 8800 7068
3 9044 5120 8715
3 8725 8964 7553
2 9387 7268
3 9986 9959 9957
3 4150 8870 5748
3 9721 9874 7560
3 5958 8353 8149
3 9901 9219 9618
2 8140 7200
3 9993 9320 9925
2 3710 1246
3 9402 9142 5706
4 2400 4998 4892 3394
4 9934 9758 7067 6906
4 9078 9631 8944 6018
4 9780 9634 9767 8957
2 9226 5009
3 5505 8777 6325
4 6360 4513 5059 2030
2 4552 9976
2 4920 7644
2 9738 7335
2 9849 9973
3 4256 5854 7466
2 9996 9622
3 8666 7297 7614
4 8616 9846 8177 9677
2 8573 8539
2 9929 9686
4 9925 9289 7024 9969
2 9992 9990
3 7495 1550 918
2 9774 8176
2 5116 7105
2 8203 9976
2 4414 4640
3 9435 9934 9869
4 8855 8412 8271 8652
4 9687 4849 8462 8263
3 8918 9867 9208
2 4830 2501
4 8337 9104 5690 4942
4 9730 7895 2064 9009
3 5649 9880 2
3 9886 3410 9209
4 9755 8075 687 8331
3 8651 8639 3070
2 5507 6421
2 3273 6594
4 9984 9951 9986 9084
3 5972 2078 9443
3 8111 647 6482
3 220 968 4285
4 8566 8346 9010 7335
2 6411 5388
2 5073 9795
2 9868 9899
2 5525 9513
3 9232 9198 9302
3 7276 8900 7793
2 9789 9889
2 5084 3631
3 9980 9014 9994
2 8363 569
3 8649 7715 551
4 9375 9542 7193 5593
2 7848 9396
4 9451 9968 9950 1893
3 9904 9685 9631
3 9546 2989 9854
2 4505 4277
4 9717 9012 4153 8388
4 1583 1332 7663 7265
3 8304 7597 8600
3 6744 7266 7285
3 8329 5785 4679
2 2130 9157
4 6949 8428 7388 7175
3 9212 8028 9381
3 9193 9667 7508
3 6332 7225 1557
2 5992 8973
3 6887 6525 2460
2 656 5887
2 2234 2786
3 5371 9929 9770
4 7690 8601 4903 9458
3 2501 6444 2976
2 8886 6686
2 67 8257
2 9851 9713
3 8661 6956 6898
2 8836 7752
3 2046 9427 9840
2 8022 4737
3 8874 9232 9434
2 9024 192
3 785 1445 1684
4 8751 9969 9993 9362
3 1285 6614 4604
3 9887 9934 2840
2 8435 5169
2 5870 114
3 9060 9034 9229
3 8213 9168 7842
2 5676 3792
2 7832 8421
3 8079 5190 4258
4 9857 9406 9482 6641
4 9983 9970 580 3287
2 76 3918
2 5249 4206
3 7285 6948 6491
4 9563 8369 7727 9498
2 9092 9983
4 8121 9409 1199 9580
2 4697 3648
2 6953 9118
4 9937 8745 9977 8894
4 556 8943 8423 9031
2 9060 6781
3 7037 9214 7548
2 7790 9999
4 6494 9784 6462 9790
3 9973 9966 8397
4 7398 9690 9704 9031
4 9120 9015 6700 8881
3 4585 9719 4275
2 9187 7768
4 8672 7407 8933 9638
2 4274 8084
3 5162 8644 9032
2 9000 31
4 9651 8647 6431 632
2 9183 8575
2 3810 5810
2 3065 8305
3 1960 6276 4630
3 7908 4125 7463
2 9902 4631
4 9819 6298 9992 9997
3 2792 8875 8543
3 3614 2148 3439
3 8500 731 1065
2 2885 2585
2 9202 7425
4 6468 8721 8648 8225
3 9655 9125 9976
3 7709 7368 6113
2 6546 4319
3 9690 9983 5771
2 5544 5820
4 8256 9161 7138 8815
3 97 5816 76
2 8623 5696
4 1007 2654 9254 9104
2 900 8776
3 984 42 3649
4 9931 8925 9692 9952
4 5908 7301 5082 9433
2 9004 8158
3 5329 7058 5286
3 9358 9207 4154
4 7115 9873 9777 9780
3 9807 9231 1515
3 9085 5820 9788
4 9607 8207 9636 8736
2 8639 8421
3 9878 9931 9929
3 9938 893 9350
2 2663 2311
4 9954 9943 9913 5971
2 5073 7180
4 9851 9902 9809 2592
2 4321 9286
4 9979 9956 9414 9998
2 9737 7417
4 5408 7475 2888 3998
2 4942 8832
2 8852 8626
4 8812 9585 7695 9522
2 2160 3597
3 7744 9654 8777
2 2055 548
4 7331 8040 9002 1373
3 8750 8691 3389
2 5670 6338
2 7772 5267
4 8092 9247 8746 8985
4 2856 9823 9509 2148
3 4650 3317 4425
2 4039 2976
4 8429 7287 8476 9274
2 5333 6727
4 7981 9115 9647 1690
4 8406 4643 2212 6563
2 9957 1880
2 876 1904
4 9364 9834 5343 9984
4 9887 9968 9539 9943
2 7804 9920
3 5702 3249 886
3 8667 4610 3400
2 9347 9279
4 8967 9538 9929 8065
3 5733 5329 1368
2 6810 472
4 9857 3371 9619 9812
2 5231 1507
4 9969 8956 9465 9760
2 8467 8548
3 8879 1822 9344
2 1654 1195
2 3244 679
4 6077 9960 9751 8219
2 8593 9876
2 5754 6648
4 9712 3301 4297 5091
3 4476 7967 4568
2 1501 9623
3 9855 8764 7822
3 9013 9000 8575
2 9874 9880
4 7975 8524 9922 7691
2 5486 9608
4 8065 9964 5953 9685
4 1971 9839 8964 9658
3 6824 9436 5016
3 9280 7538 2204
3 9843 6879 8717
3 3935 3756 4088
4 8685 5205 9623 8611
2 8393 8095
4 1274 979 9000 3737
3 8917 8686 6234
3 6238 3631 1435
3 3861 6730 9335
3 4660 5605 5621
3 8394 9840 9887
4 9948 5104 9883 9905
2 8748 7873
4 9990 9981 4166 9809
3 7240 6719 6925
4 9922 5876 2119 9707
3 9489 6256 3393
3 5308 3376 2841
3 5903 9172 4564
4 9937 8389 9898 9603
3 8903 9211 3165
4 4995 6132 8429 9221
4 9546 9927 9540 8555
2 9779 7761
3 9307 8433 4611
2 4507 8393
3 7657 5935 1310
2 9976 9959
2 9863 9910
4 8370 8185 9420 9284
3 9984 8828 9993
3 9644 9471 9292
4 6802 5746 2669 5844
2 9366 9829
4 1369 7199 6999 2308
3 6536 9469 3252
4 5530 9918 9046 9860
4 8820 2000 8826 8408
3 7535 2503 1402
4 9729 9576 9996 9998
4 2052 1447 4788 4409
3 5784 2534 6833
3 9741 9344 6949
3 9762 9843 8970
3 9321 9437 4649
3 3962 9283 9597
3 3201 8723 7670
3 8924 8017 9790
2 32 3692
2 8318 9090
3 8229 9365 9230
2 3162 7915
2 9746 9881
2 8118 2861
4 6739 3458 4865 847
4 2318 7592 7633 6304
4 842 2405 8685 9103
2 8113 4794
3 9642 5075 8609
2 8798 3920
2 6758 8502
3 6736 3768 9867
3 9512 2174 9663
4 8594 8021 6359 8821
2 6438 848
2 7701 7756
2 6497 7752
3 8372 7093 1120
3 7116 9634 8828
4 1641 7626 9027 8708
3 9575 7626 8020
2 782 3252
3 9079 8225 4389
4 1445 9458 8786 4683
4 5847 9340 8316 9635
2 9507 6218
3 7339 6973 3754
4 1920 8660 8677 9981
3 3463 9500 6274
4 8253 5009 8581 9031
2 3412 5764
2 6363 5463
2 6522 316
2 7934 2618
3 5180 7547 9504
3 9454 9492 1287
4 8694 9971 9882 3688
2 1707 5128
2 5871 4740
3 5215 9889 9959
3 1648 8495 9575
2 3392 854
4 7804 9949 1463 9917
4 9396 8228 9683 9610
2 7227 9038
2 5657 8650
4 9878 9997 9961 2485
3 8742 5084 772
2 3343 7504
4 9839 1311 7731 9841
3 9240 6827 8693
4 7819 7140 3216 2267
2 5047 4863
4 7807 9993 9997 9994
3 7797 8400 1004
3 2459 5541 3707
2 6356 3958
2 1318 3538
2 9215 9191
4 9955 2074 8317 9104
2 8159 1698
3 3369 9482 2942
2 6163 6013
3 9138 9757 7463
3 2168 5616 1147
4 9831 4219 9217 9016
3 7983 8335 9159
3 6646 4233 9422
3 9671 9886 9828
2 6248 5491
3 3779 9989 8891
2 8555 2804
2 3305 4659
3 2843 8423 5413
3 1984 6118 9492
2 3068 8355
4 9275 9452 9345 9216
3 2569 3463 6529
3 9785 9995 9620
3 9795 8815 9507
4 4844 7388 9424 1762
3 8029 2536 9710
3 6953 445 6511
2 4046 3560
3 7026 6190 8991
2 9964 9369
2 7073 6152
3 5869 8603 3037
4 8212 9812 9861 9775
3 4677 7871 5619
2 5175 3769
3 9648 3301 1235
4 9080 9960 9998 8819
4 9447 9773 4748 9802
4 9385 8331 7878 6816
3 9802 8443 7455
3 9484 6668 6154
2 5207 3364
3 9241 3270 8167
3 5445 3012 6162
3 9937 9865 6141
4 8420 7091 9696 9166
4 9341 9905 9985 9990
2 9233 8230
4 7678 9087 9692 9723
4 9991 10000 9984 4130
3 7183 151 9924
4 8467 9418 7361 797
4 9539 9712 9988 9515
2 3560 9134
4 8183 9731 8203 9893
2 5736 4605
3 8164 8800 6279
3 8826 8774 4182
2 1675 7011
3 8828 8130 5908
2 5473 7514
2 2594 2758
4 9381 9547 9022 9451
3 9963 9997 8833
2 6005 9379
4 5993 9162 6085 8464
2 5286 2251
4 9626 6540 9224 9891
2 8020 7927
4 8077 8913 9388 1169
4 9976 9992 8769 8981
4 8737 6005 9067 9870
3 9773 9202 9323
4 8128 9397 9853 9014
4 8268 9618 6574 9990
3 6239 132 8080
2 1470 5769
4 1762 9155 8405 1266
4 4154 9793 9364 9947
3 9950 5372 8682
2 3348 3176
2 5858 7703
2 3949 6241
4 9438 7713 7921 3236
2 2459 3128
2 7050 7171
2 879 3763
4 4286 3374 6769 7786
4 9977 9929 9956 5101
3 8881 4620 7432
4 9908 7558 9465 9974
3 3163 5197 7870
4 9998 9969 9817 9985
3 9802 3065 483
4 4732 5832 8596 4872
4 9601 1767 9242 9222
2 7793 6872
3 9733 9472 9959
2 1474 524
3 9523 3662 4190
4 8859 4457 6587 8325
2 8494 8199
4 9958 7509 9804 9966
4 9989 9999 9997 9958
3 7032 8676 1639
2 4395 8275
2 5073 8515
2 5798 3703
4 9145 5639 5733 9151
3 9769 9135 9337
2 6282 8171
4 6938 8496 1000 6246
3 9448 6658 1704
4 6843 9400 8629 5157
4 9580 9533 9304 7323
3 6588 2503 1666
4 9049 9888 9956 9231
2 4789 9317
2 2397 4228
3 8790 3244 6827
3 8772 9975 9902
2 8156 7028
4 9906 9798 9934 9964
4 5301 8389 2132 3184
2 8218 8436
4 2473 9088 7363 8057
4 9171 9996 9977 6696
3 10000 7750 9791
4 7448 5153 2888 5544
4 1128 9504 9471 9701
4 8740 8800 8061 9099
4 2739 6135 5462 9860
4 4914 9096 9812 9979
4 9534 8521 5895 1707
3 9559 934 7891
3 9003 8951 9397
2 4809 5628
4 9461 3519 8692 3862
2 9240 8877
3 2126 3122 2230
2 7985 6234
3 9175 5105 9496
3 9594 4493 9536
4 9984 9006 2903 9970
2 7592 8552
3 7234 9392 9313
2 7940 4264
3 9774 9265 9760
3 8462 8738 5668
2 6086 5627
3 9912 5391 7355
3 8847 7361 9832
3 7724 8910 5946
4 9467 9968 4691 9833
2 6683 6332
3 6088 2179 9189
3 2098 9881 3391
3 3398 7934 9942
4 9916 9711 9010 9979
3 5783 7903 9583
3 8445 5214 3532
2 2682 9328
3 9791 7295 4854
2 8219 8904
4 9821 1600 9807 9999
3 8771 6324 3478
2 9510 9502
4 5881 9869 9955 9989
2 6888 5472
2 3819 8369
2 8160 646
4 8880 6973 9756 9107
3 8419 9993 9966
2 9175 1341
2 4556 8447
2 7905 7919
2 6230 5551
2 2587 4409
4 8879 8996 7760 1422
2 6189 4554
2 8496 4004
4 6141 7928 3096 7982
2 9989 8907
3 9237 9751 5819
3 8493 4286 4489
3 9369 9297 9259
4 4945 8382 7065 9106
3 8557 3324 8629
4 6897 6970 178 6239
2 7520 3039
3 9917 8501 9026
4 9267 8668 6348 7848
2 1479 820
3 2528 5555 7929
4 6382 2043 3050 7592
2 537 9208
3 7796 9078 9165
4 9483 9193 7556 2111
3 9754 9915 9614
4 9118 9495 9345 5735
3 3498 4997 3845
3 9998 9975 8760
3 7664 8964 7657
4 9865 4879 9700 5781
4 250 7150 9821 6678
4 9549 9740 8134 9870
2 9907 8805
3 6740 5291 7352
4 9948 9783 7162 9838
2 428 6658
4 2318 3479 6315 2004
2 5430 6492
4 4792 9779 9738 9685
4 4480 1032 2944 4611
4 2305 4270 6369 6805
3 5056 9498 9784
3 6853 648 6121
4 9943 9980 6910 1173
3 7043 5889 3940
3 9251 1020 8410
3 246 9618 9688
4 8605 8164 4440 7338
3 9634 4215 8610
3 6041 9118 8742
4 8965 9430 9998 9997
4 9697 5906 4266 3353
3 4341 8663 4711
4 4918 5878 7421 2546
4 9827 9878 6579 9663
3 8206 3718 8192
3 8408 7492 8580
2 5051 7380
4 8393 5103 8771 5561
3 8176 3396 1977
2 6535 7309
4 7270 2003 7229 9994
3 9550 9628 9831
3 9962 9526 9937
2 6631 5700
2 760 3985
2 8480 9102
3 7872 9354 6705
4 4870 4208 7071 6729
2 9926 9853
3 2884 8960 3601
2 9979 7758
2 6964 8461
2 6512 8355
4 351 7970 8868 901
4 9587 7719 6235 9366
3 7395 9951 9776
2 9118 6974
4 7176 8845 9869 9205
2 1217 1963
4 5095 3409 8064 7710
2 9661 6203
2 9201 4604
3 7576 5738 3331
2 7538 4644
2 4673 5473
4 9668 5113 9813 5867
4 8141 7738 8664 9599
3 9723 9454 9850
4 5010 727 9302 8612
3 5524 6016 828
2 5313 3119
2 139 4584
3 9951 9944 7331
4 3123 7464 9609 9738
3 9965 9986 9956
2 1727 5209
2 9930 9989
4 9699 8577 8597 7824
2 7738 8800
4 7884 654 8018 9224
4 2799 9225 8453 4922
4 9974 8586 9970 9964
3 5274 7042 8348
3 4737 1065 4432
2 5554 406
4 9715 8078 6261 9853
2 7371 6902
2 4643 7774
4 6628 4530 5136 9082
4 7638 9826 9969 4609
3 3402 6730 8453
3 8689 6480 5568
2 1679 731
2 7145 9954
3 2936 6366 3643
3 9934 9872 6589
4 9449 8651 7160 6126
2 9275 8788
4 9997 7856 9998 5668
4 5491 9892 9739 1039
2 4656 7138
4 3090 7771 7401 4276
2 7905 7190
3 2894 6471 8374
2 1128 2165
3 9952 8489 9971
4 9278 6946 16 9919
2 62 4127
4 5976 8470 9438 5083
2 8828 6282
2 9019 9500
2 10 9293
3 8795 1748 8680
2 7139 7878
4 9877 9805 9926 5364
4 9793 9448 2779 9671
4 9311 6255 8604 8431
4 9042 9963 9700 8938
4 8828 5659 6523 8768
4 2371 4342 9165 1871
2 9407 676
2 8253 7783
3 7194 7551 3449
2 9708 7494
2 2567 5555
2 3681 5931
3 7196 9275 3290
3 7390 1217 8269
3 7070 5760 9366
4 5120 7462 9556 9589
2 9146 9560
4 9229 9986 9728 9740
2 8858 725
2 6591 7314
3 8550 8529 7544
4 8843 8015 7808 9991
3 7414 4853 6099
2 2815 4437
4 2562 9831 7835 9612
2 4035 7595
4 9832 9835 4137 9838
2 886 3976
4 9836 9974 8481 9910
4 2854 8566 8486 7737
3 1534 8086 7032
4 5238 2157 2140 193
3 8593 6229 5000
3 8969 9367 5647
2 1109 4166
2 2388 8385
4 9480 8685 9842 7018
4 9697 5751 8700 6836
4 1730 8956 9324 8749
4 4551 7558 6703 7921
3 5190 3610 861
2 7966 7323
2 8716 6722
3 4675 3600 3696
3 9871 8453 9935
4 9710 9687 9600 9861
4 7689 9806 9586 5933
2 8342 8326
3 9966 9796 7333
2 6402 8617
2 8877 8685
2 9504 7938
3 7248 9298 9391
2 6690 6348
3 3852 9346 9355
4 7345 2101 7464 9275
4 6261 9811 7462 9585
3 8761 7432 660
2 3065 4917
2 5046 7993
3 9153 2124 8966
4 8346 9363 9325 9694
4 9865 9747 7117 3844
4 9852 5051 8347 4817
3 8835 6638 9047
3 8447 8379 9999
3 8172 9014 8611
4 9785 9745 3384 9876
4 7875 9598 8940 2853
2 7212 9439
4 4158 7605 5551 7217
2 7012 4850
2 6550 9867
3 8410 117 3074
3 8033 9995 9705
2 8742 3469
4 9979 9928 7487 9978
3 8624 1946 8542
2 9441 8547
3 8117 7911 8447
3 1743 6896 1770
2 8081 8559
2 9003 5257
2 262 9398
2 5939 5517
4 4412 9073 9519 9674
4 7600 9798 9922 4519
2 9826 9307
3 9748 7412 9472
2 4135 8819
4 6684 8328 6388 5517
4 9350 9414 9531 8544
3 8920 903 8758
2 9126 7540
2 6852 6126
4 9999 9968 8455 9985
4 3364 9971 7507 4272
4 9159 3377 4780 6944
2 2358 3167
2 9260 9519
4 9662 9678 8958 8749
2 7717 7761
2 8297 6799
3 9783 8520 2391
3 7837 8904 8801
2 1623 134
4 9506 1572 9776 9027
3 8572 9286 6294
2 4356 9565
2 6964 5756
2 6012 6725
2 9913 1079
2 8127 8085
4 9562 9681 7584 8686
3 9534 5396 9930
3 9372 9551 8343
4 9697 6853 9347 6755
2 4246 4491
4 6518 9740 9803 9701
3 7853 6752 9511
4 9749 9716 9289 9460
2 5947 8985
2 2839 747
2 6302 6614
3 7391 5704 4898
2 5724 7627
2 5267 9738
4 3523 9973 9980 8899
3 2761 9614 9357
3 9527 9673 827
3 7074 5398 7497
4 6945 7015 7309 5557
3 9990 8056 9951
2 3203 2748
4 3065 8029 8502 9716
2 6284 8338
4 5617 9106 9716 9281
3 3692 9992 9977
2 9708 9581
2 2644 7655
4 9987 9967 9999 7015
4 9110 9888 9682 8779
4 8627 6322 9386 8765
2 1625 498
3 9771 9914 9516
3 7436 8509 8371
4 7702 3944 9228 8254
4 7622 6874 4103 743
2 2355 9672
3 8716 9249 7996
3 9383 9368 3313
2 6610 9895
4 7888 8168 6374 6560
4 9667 9287 9225 8515
4 6057 8347 9964 7983
4 9177 5398 8782 8706
2 9944 6065
3 9554 8433 8539
2 4097 8350
2 4853 1079
2 7047 9900
2 2887 903
3 4897 8217 7645
4 9284 9324 9878 9458
4 3812 576 6596 9547
3 312 7037 3235
2 2121 4843
4 9961 9972 9945 9866
4 9486 8453 1500 8422
3 8151 5873 4746
3 9981 9973 9609
4 7285 9247 5494 2221
4 1956 8042 6684 9612
3 9714 1392 8682
2 372 4193
2 6879 2131
3 7106 5483 6615
4 9558 9773 9797 8741
2 9275 9952
3 9123 8346 5232
3 5318 2981 8638
2 8671 9933
3 8961 1226 8546
4 6343 6554 8867 9464
4 9991 9969 9996 9997
4 7593 8450 9178 5734
4 9795 9974 8557 5618
4 8405 5558 4878 7904
2 8516 6214
4 9735 5110 9401 8697
2 8455 5251
2 5959 3278
4 3158 9966 9940 8135
4 5419 2883 7771 4688
4 1881 5087 3586 1299
2 5885 7041
2 3335 3967
4 8155 8309 4321 3924
4 2001 7524 7572 5925
3 4452 8925 2980
2 3408 6420
2 7968 9001
3 2608 6251 8492
3 8013 8399 7009
3 9317 8202 9756
4 9307 1645 9099 8547
2 5593 8238
2 8886 9966
3 548 2970 7074
4 9892 478 8648 9570
4 7917 3626 7548 9727
3 9864 9217 9988
3 6497 8809 6703
4 6563 9673 9386 4598
4 9126 8545 8291 9341
4 8519 9557 9842 3553
2 7172 9356
2 5837 960
2 4013 5515
3 9913 9639 9222
2 521 1179
2 4865 601
2 5391 7339
2 9579 7236
4 8757 8675 8788 9752
4 5299 9780 9873 9068
2 8699 6169
2 9867 9390
3 6439 9315 9083
3 5241 4692 9407
2 1512 636
3 4100 7524 7752
4 6398 9954 9865 9822
2 920 9900
3 4001 6756 7738
3 7119 9653 6612
3 8109 2381 7175
4 10000 9798 9863 9904
2 9933 9970
3 5728 4847 8907
2 2536 734
4 6968 6674 793 6758
2 4427 9457
3 9075 7663 6469
2 1744 438
3 7305 1024 3878
3 9901 9521 8827
2 8295 4799
4 5135 9593 8710 7400
3 3061 8323 8463
4 9729 9871 9298 9861
2 7950 7081
2 4494 4846
2 3741 39
4 7431 9317 9545 5127
4 9550 3795 7955 9641
3 1996 7194 9833
3 8948 6630 3853
4 8508 9968 9637 6913
2 623 6906
4 8776 9274 7826 9350
3 7336 4764 7223
4 8936 9412 6077 4636
3 5160 9431 8619
3 9887 9830 9518
4 6162 8570 9706 6846
3 9875 6959 6750
2 9500 9629
3 7602 9975 9870
3 4970 6496 2760
2 495 7970
2 6114 6801
3 6305 8400 8953
4 5174 9438 8736 9708
3 9383 5386 9524
3 8930 9220 8494
4 363 2078 7356 8036
4 8747 9993 9987 9932
4 9719 9753 9039 8789
2 7436 9109
4 5212 8079 9579 7195
2 9124 8858
2 5216 307
2 1117 7375
4 9793 6840 9273 8131
4 9431 9641 9935 7148
2 6923 2783
3 9644 9394 9473
3 8306 5868 6228
3 9947 9932 8595
2 8621 8670
4 1854 4772 9783 3255
4 9471 9326 9995 9957
4 5653 8875 6666 4821
3 9462 305 4690
2 8355 9371
3 9816 9885 3763
4 9748 9698 8015 8333
4 5117 7884 8537 7909
2 8841 9573
3 9587 9347 4066
3 8623 8918 937
4 9768 3757 9989 9995
2 9905 6229
4 9737 9853 9057 9912
2 8436 9040
3 1933 9756 7969
2 9988 9926
3 9399 9903 9929
3 7753 4426 9583
3 9620 7341 9535
2 9074 7270
4 7553 9910 4950 9977
4 9478 8483 9912 9924
2 9745 9188
2 3166 1769
3 9713 9710 9292
2 8083 9448
3 9989 9978 9550
3 8529 9183 9522
4 5075 5466 8520 8401
4 9260 9924 3897 6660
2 9161 8517
4 1228 8375 9020 8736
3 8859 8627 8612
2 8565 8765
4 9972 9971 9855 9834
3 6650 9697 4185
4 9755 8835 6757 5478
3 3354 684 8859
3 9759 9451 8016
3 9012 767 7102
4 3449 8586 9206 9087
4 3381 3728 4889 3557
3 9891 9811 9582
3 5769 5096 7937
3 9838 9736 4572
3 3094 5725 6823
4 8336 6334 1358 8970
2 4381 8058
2 9283 9455
2 9564 9382
2 4915 6466
3 2876 4377 6052
4 3310 2201 8379 6562
2 2356 7209
2 1589 8090
3 8905 4993 6764
3 4087 6618 9676
2 5038 4266
2 2993 1542
3 9991 9992 7887
2 6745 8954
2 4542 7720
2 2805 374
3 9956 6485 6400
3 8967 8623 7594
2 9544 1680
4 9940 9942 9980 9977
3 9341 4956 9384
3 6756 8421 9119
2 1150 8874
2 5160 2377
4 9167 9998 6037 9558
4 8738 8436 8102 8138
3 802 6128 9149
4 2620 9783 9769 9463
4 9799 9209 2600 1788
3 1673 1416 1292
3 8670 7917 8520
2 9659 6223
4 9563 9639 9553 5519
4 9956 8999 9774 9988
