1
685 10 27 481
0 0
1 0
2 0
1 8
3 0
1 9
1 0
7 0
8 0
5 0
10 0
10 0
11 0
13 7
11 0
13 1
14 3
17 6
18 0
1 0
20 5
4 2
22 0
14 6
23 0
25 0
4 9
13 3
28 6
2 0
29 4
31 0
19 0
15 0
34 0
35 0
36 7
22 2
38 3
38 0
22 9
37 0
35 0
43 7
15 8
45 3
10 1
7 6
23 0
14 7
50 5
21 0
52 3
53 2
19 0
55 0
56 0
50 0
58 0
59 0
28 0
1 8
19 6
63 0
39 1
46 0
51 3
32 0
24 0
28 0
70 8
71 7
41 0
73 0
74 0
75 6
24 0
26 3
65 6
8 5
80 0
11 0
82 0
31 7
42 1
32 5
86 0
87 4
83 6
51 5
81 8
72 0
92 6
60 7
11 0
76 0
73 0
97 0
73 4
28 2
100 7
26 8
102 0
103 0
104 6
105 4
45 3
22 0
30 0
109 0
80 4
95 3
107 0
113 2
114 0
115 3
1 0
117 0
118 9
119 0
120 0
121 0
122 6
123 0
17 6
72 0
44 0
127 0
128 8
129 1
130 0
114 6
132 0
16 0
9 0
96 7
136 0
39 6
20 0
75 0
52 0
44 0
94 3
143 0
57 6
7 9
111 9
136 4
148 8
48 0
64 0
149 0
20 5
2 0
63 2
123 0
87 0
157 0
158 0
55 9
160 0
35 2
130 0
163 0
164 0
108 0
15 0
93 0
85 7
123 0
170 7
156 6
129 0
131 2
174 0
175 9
165 0
125 4
178 0
156 9
180 0
124 0
182 0
79 0
38 5
185 6
71 7
187 3
188 0
27 9
19 5
191 0
40 0
96 7
194 7
48 0
196 4
111 0
198 0
199 5
200 0
201 0
47 0
203 0
52 0
28 4
46 5
207 4
131 0
209 9
18 3
211 0
119 0
35 0
214 9
215 4
216 5
39 9
128 7
77 7
220 0
221 2
171 9
223 0
224 0
225 8
226 0
128 0
228 9
85 6
178 0
231 7
83 6
214 9
27 8
66 0
199 0
185 0
160 6
25 2
64 9
146 0
59 0
98 6
38 0
14 0
215 0
247 0
248 0
249 9
248 0
251 1
252 6
251 0
63 0
229 2
256 0
257 0
258 1
249 9
75 0
221 5
76 0
10 0
238 0
2 6
266 5
148 8
7 0
269 5
1 0
271 0
272 7
146 1
71 1
275 2
276 6
14 0
118 0
33 3
197 0
44 0
10 3
283 1
230 8
148 1
286 5
287 0
138 0
69 0
40 0
291 2
292 0
60 2
294 6
162 0
124 9
296 6
272 0
215 6
178 0
173 2
72 4
236 0
230 0
104 8
48 3
260 9
308 1
13 0
235 0
21 0
312 1
313 0
79 0
3 7
316 0
271 7
143 5
319 0
195 0
321 0
322 3
323 8
324 2
253 0
238 0
327 0
317 4
329 0
49 0
309 4
146 4
333 5
282 2
335 0
336 0
136 0
83 0
339 0
234 8
339 0
342 4
105 0
344 7
147 0
346 0
347 7
9 0
78 9
60 9
351 3
352 0
116 7
354 0
330 0
274 0
357 6
307 1
139 5
75 0
135 6
104 0
24 0
37 4
128 0
366 0
130 7
352 0
319 0
370 4
371 3
30 9
373 5
374 0
273 2
49 9
377 0
378 0
26 0
159 0
208 1
190 0
13 0
359 1
338 5
162 0
48 0
388 0
296 0
39 4
9 0
392 0
393 0
95 0
263 0
396 0
292 3
17 4
292 5
276 4
401 0
244 6
92 0
6 6
308 0
233 0
243 8
217 0
409 0
410 5
411 0
412 0
186 0
33 1
233 0
259 7
417 0
47 7
412 8
67 5
421 0
116 0
42 0
29 6
381 0
129 0
16 7
331 0
191 4
430 0
431 0
432 4
433 4
434 8
435 4
436 0
284 0
422 7
246 0
372 0
286 0
282 8
434 7
327 5
219 0
275 0
143 1
448 8
308 0
350 0
157 4
249 0
453 0
454 0
455 5
39 0
329 0
458 7
18 0
283 0
297 0
462 4
411 5
464 0
80 0
166 0
403 7
330 0
26 0
81 6
471 4
472 0
238 7
443 0
475 0
476 8
65 8
393 4
79 9
278 0
269 8
482 2
483 0
292 0
485 0
486 0
432 0
40 3
489 0
263 0
491 0
492 0
170 2
494 0
213 6
318 2
497 0
430 0
269 0
480 4
501 0
502 0
484 0
504 4
505 0
506 0
507 0
139 0
308 3
231 1
147 5
261 0
335 0
514 0
247 9
36 0
135 8
518 0
371 0
241 9
521 0
522 0
523 5
117 8
525 9
526 0
253 0
462 2
493 0
348 9
531 9
532 2
533 0
534 0
535 0
277 0
74 0
120 3
536 0
365 8
449 1
542 4
543 0
320 0
510 0
413 3
429 7
548 0
37 0
45 7
551 0
465 4
553 6
554 0
169 3
299 0
36 0
481 0
14 0
560 0
533 0
332 0
386 3
99 3
401 0
566 5
567 9
157 3
335 5
217 4
571 5
364 0
573 0
574 0
140 0
177 0
577 9
578 5
535 0
101 1
402 0
16 4
583 0
584 0
331 0
583 6
587 0
588 4
172 0
457 6
508 0
592 0
556 6
310 5
509 0
574 0
389 0
221 1
599 0
498 0
223 0
168 8
530 8
579 9
314 0
606 5
494 0
331 1
582 2
610 0
343 3
26 6
473 0
4 0
107 0
79 6
117 0
579 0
619 0
115 0
621 0
622 2
43 2
285 0
625 1
333 2
247 0
628 6
601 2
346 0
74 0
632 0
173 0
533 0
584 0
636 1
61 5
638 0
123 0
280 4
641 0
515 6
455 6
523 1
645 4
7 2
536 0
76 0
345 0
647 0
216 1
459 8
261 0
544 3
573 0
96 5
657 0
119 0
63 0
18 0
661 8
662 0
540 5
537 7
665 0
272 0
665 1
368 0
208 2
1 7
671 4
672 0
166 2
674 0
361 7
676 0
336 6
678 8
381 0
90 0
505 0
533 1
234 0
684 2
139 30 2 5
0 184
1 195
2 28
3 25
2 189
5 193
6 2
7 41
6 116
9 171
10 7
11 29
10 118
13 102
14 38
15 25
14 114
17 164
18 25
19 30
18 169
21 148
22 13
23 45
22 196
25 163
26 29
27 46
26 117
29 109
30 40
31 28
30 117
33 165
34 23
35 23
34 172
37 168
38 15
39 10
38 109
41 182
42 26
43 16
42 185
45 105
46 20
47 22
46 118
49 129
50 33
51 20
50 101
53 102
54 43
55 5
54 141
57 138
58 44
59 49
58 154
61 154
62 7
63 28
62 182
65 147
66 27
67 1
66 163
69 166
70 10
71 49
70 171
73 189
74 40
75 45
74 189
77 178
78 0
79 49
78 136
81 135
82 11
83 48
82 183
85 129
86 7
87 30
86 116
89 192
90 36
91 17
90 143
93 185
94 49
95 29
94 193
97 122
98 22
99 26
98 197
101 119
102 26
103 0
102 145
105 168
106 33
107 5
106 135
109 130
110 15
111 48
110 168
113 185
114 19
115 4
114 188
117 131
118 41
119 48
118 103
121 156
122 40
123 25
122 122
125 100
126 48
127 18
126 115
129 154
130 45
131 39
130 142
133 139
134 38
135 13
134 123
137 134
138 44