2
6 7 8 10
1 4 3 11
3
1 10 11 8
0 0 5 4
2 9 10 5
3
1 0 8 2
9 8 15 10
5 5 10 12
9
9 0 17 17
4 10 6 9
10 6 15 15
8 6 12 13
4 4 13 14
10 7 11 18
3 0 8 11
8 6 16 17
7 2 8 10
9
7 4 10 14
7 3 17 10
9 10 19 10
6 3 16 7
9 8 12 12
5 6 6 12
10 5 12 18
3 8 7 4
7 10 9 17
4
10 8 17 14
1 3 4 3
3 2 10 6
5 0 14 10
10
7 8 9 16
7 8 8 12
9 1 19 11
10 2 11 20
4 2 10 14
5 10 7 10
1 8 7 5
2 5 6 6
3 1 11 6
3 7 7 5
8
7 7 13 9
9 4 17 13
10 9 17 18
10 7 18 16
4 3 8 6
4 4 10 5
3 9 9 6
8 0 9 9
3
6 1 14 16
9 8 18 15
7 9 8 13
5
3 5 7 13
7 7 17 10
0 2 2 4
5 5 8 9
3 7 13 13
0
