10
20 2
15 6 18 10 19 5 12 10 2 17 13 4 10 7 3 3 17 16 3 3 
1 2
2 3
4 2
5 4
4 6
7 5
8 5
5 9
6 10
11 9
10 12
12 13
14 13
15 13
16 13
17 13
18 14
19 14
20 17
16 1
15 15 12 9 3 18 14 12 9 7 1 0 5 10 9 12 
1 2
2 3
3 4
5 3
4 6
7 4
8 5
7 9
10 7
11 8
12 10
13 10
14 13
15 14
15 16
16 46
15 16 1 10 7 2 6 14 4 16 8 13 14 14 15 14 
2 1
3 2
3 4
5 4
4 6
4 7
4 8
4 9
10 9
11 9
9 12
10 13
14 12
15 14
16 14
5 38
8 11 11 8 13 
2 1
3 2
2 4
5 3
4 18
1 0 2 6 
2 1
3 2
3 4
5 42
18 6 13 1 5 
1 2
3 2
3 4
4 5
20 26
10 6 16 8 13 0 16 1 19 17 14 13 15 2 9 5 0 11 9 17 
1 2
3 2
2 4
4 5
4 6
6 7
8 7
7 9
7 10
11 10
12 10
11 13
12 14
15 13
14 16
15 17
18 17
19 18
20 19
11 10
17 18 8 20 19 3 6 19 15 6 15 
1 2
3 2
2 4
5 4
6 5
7 5
8 5
9 5
9 10
10 11
12 49
9 3 18 7 9 3 11 19 10 12 5 9 
1 2
2 3
4 3
5 4
5 6
6 7
6 8
7 9
10 7
8 11
9 12
13 4
13 14 14 19 11 16 10 5 9 16 9 10 18 
2 1
3 2
4 3
3 5
5 6
7 6
8 6
7 9
10 8
10 11
11 12
13 12
