1
100
50 84
50 45
45 16
45 77
45 42
45 72
45 56
56 6
56 92
92 37
92 3
92 68
92 83
92 11
92 28
28 66
28 95
28 15
28 93
28 62
62 35
62 58
62 18
62 21
62 13
62 61
62 69
69 54
69 82
69 60
69 75
69 96
69 63
69 90
69 81
81 99
81 5
81 1
81 78
81 71
81 36
81 80
81 87
81 8
8 10
8 20
8 59
8 65
8 97
8 47
8 57
8 34
8 4
8 33
33 74
33 85
33 51
33 38
33 22
33 98
33 76
33 25
33 31
33 48
33 32
32 49
32 64
32 73
32 79
32 2
32 39
32 26
32 12
32 17
32 9
32 23
32 27
27 91
27 86
27 43
27 30
27 7
27 53
27 94
27 40
27 55
27 52
27 100
27 14
27 88
27 46
46 70
46 19
46 29
46 41
46 67
46 44
46 89
46 24
71 70