2000
11 25 859 282
3 34 711 60
34 42 360 501
34 31 957 594
22 38 700 501
8 41 450 425
32 15 339 320
45 7 352 771
39 47 805 71
17 33 75 80
46 9 406 34
34 4 424 945
11 19 119 521
50 21 781 27
14 33 733 692
22 31 48 18
40 20 398 436
48 10 158 739
9 48 620 509
49 42 811 853
29 19 389 279
31 25 510 174
28 26 768 73
35 36 83 676
22 23 305 337
43 31 425 589
37 48 57 290
19 3 216 426
28 50 739 124
28 49 237 429
11 36 560 110
41 10 816 325
5 4 924 96
36 40 466 641
4 34 637 81
35 41 448 819
49 38 130 568
36 9 401 970
12 23 281 42
9 7 557 141
30 29 951 331
27 26 279 344
20 5 423 495
30 13 452 325
29 23 614 135
48 27 921 822
28 28 867 303
31 38 636 175
42 40 878 450
36 21 836 140
6 15 78 42
33 44 649 69
32 6 502 926
17 37 99 794
47 21 484 206
42 27 824 859
32 28 935 61
39 27 112 911
45 25 761 981
43 39 29 76
25 33 901 304
15 22 180 432
44 10 435 326
24 47 181 846
12 21 489 40
46 16 850 588
28 2 980 86
40 17 775 389
42 24 8 229
10 42 798 183
24 33 335 365
49 23 282 233
10 10 286 100
7 19 85 41
41 22 462 465
40 13 134 77
13 26 495 284
49 35 100 197
34 36 57 210
6 38 400 40
6 34 180 972
47 4 884 987
33 28 567 622
7 10 512 56
43 11 888 142
16 21 569 594
25 27 246 495
21 34 26 595
28 50 588 838
29 40 642 437
12 40 1 522
16 30 597 331
40 24 298 552
33 48 616 604
2 3 201 498
6 4 138 262
40 42 327 101
6 2 33 303
33 28 210 436
22 15 135 132
45 48 653 288
43 40 333 889
36 22 707 940
24 35 84 405
26 29 76 498
34 42 161 132
38 34 677 125
6 29 624 592
8 35 973 209
49 23 584 747
8 27 34 24
40 14 936 923
19 24 969 53
48 34 842 299
26 22 705 990
43 15 177 805
37 42 149 992
13 9 760 481
30 47 966 523
16 4 880 309
22 11 573 469
6 40 583 982
30 31 744 808
34 15 932 823
47 31 362 968
47 19 55 204
29 28 277 511
36 4 63 606
11 36 320 225
9 11 940 825
37 13 409 570
7 17 9 463
19 16 619 734
28 8 254 936
13 35 814 524
24 38 359 322
11 28 369 254
49 37 33 266
38 47 567 378
3 39 232 985
11 47 104 455
44 33 299 285
27 31 913 923
23 50 179 677
49 20 748 738
40 27 334 485
26 12 396 770
5 46 238 42
18 48 836 667
48 26 264 591
38 25 66 394
40 12 977 381
40 26 19 526
33 39 539 354
16 39 242 533
4 10 73 59
41 37 862 252
8 36 284 306
21 25 960 46
8 4 75 521
9 22 481 842
9 13 327 239
6 48 485 736
44 43 981 808
29 31 499 939
31 13 84 215
21 30 224 565
36 27 903 401
6 46 635 905
19 30 97 508
19 2 381 999
44 44 195 738
43 24 960 880
46 44 12 813
44 7 7 241
22 6 726 136
42 35 292 150
25 41 182 861
21 34 376 584
50 20 296 569
23 28 675 639
29 41 140 371
28 27 393 708
48 32 295 977
20 47 288 634
32 47 770 975
30 33 436 293
12 28 560 355
40 13 910 881
35 33 550 526
9 5 846 230
24 23 710 578
20 44 525 817
50 14 429 259
5 23 738 774
10 15 89 510
37 46 59 506
13 19 123 787
35 9 425 125
27 44 816 549
30 39 901 343
42 34 75 4
26 20 662 868
26 14 131 777
22 31 843 887
2 9 628 36
37 32 895 356
10 35 904 456
17 30 566 638
8 45 113 871
30 33 81 212
8 26 843 657
42 29 621 348
18 21 487 828
38 38 956 351
22 31 380 677
39 32 137 730
13 13 888 752
25 30 378 915
24 19 801 830
43 23 779 931
48 42 471 896
21 28 969 644
32 47 474 53
12 27 551 930
18 11 342 518
41 15 172 204
9 34 640 569
38 9 899 45
29 15 925 91
34 14 89 491
46 42 143 750
48 49 735 464
2 25 751 890
36 23 270 115
18 2 910 162
18 24 707 485
44 36 760 630
36 41 734 798
30 36 460 959
9 28 261 733
34 41 286 319
36 17 124 655
28 43 390 482
47 42 870 430
21 33 219 151
28 44 950 475
4 21 1000 267
12 8 747 686
13 16 774 706
8 15 755 398
10 28 512 699
23 29 489 183
18 25 226 112
29 17 969 229
49 20 114 928
19 7 70 500
11 13 786 764
45 45 526 627
25 30 517 921
43 32 938 534
18 46 106 748
20 17 118 996
37 15 639 317
34 23 375 93
26 20 195 11
39 49 743 964
12 33 99 210
3 43 773 865
17 44 840 854
5 5 810 19
31 9 192 34
3 35 953 48
16 23 538 307
3 7 412 115
9 3 537 872
31 8 124 994
21 50 810 685
5 49 7 295
26 13 542 391
40 27 990 370
5 36 226 614
48 2 665 917
48 4 862 410
14 5 874 35
48 45 103 610
42 29 185 555
40 31 576 219
7 19 328 826
47 22 361 895
6 22 292 76
41 31 569 29
14 16 367 779
48 34 590 532
20 37 401 46
21 21 125 883
27 5 727 21
48 31 9 903
26 45 44 156
8 22 492 298
8 43 116 221
40 5 142 376
31 45 678 822
32 48 354 718
38 22 975 272
25 41 304 822
23 45 135 879
44 34 547 570
29 25 397 12
40 12 155 914
48 8 416 635
45 9 406 789
18 42 714 172
30 34 364 425
8 39 438 673
14 47 649 146
35 45 972 626
35 11 407 232
21 32 319 754
23 27 622 128
42 11 492 220
35 29 780 219
15 32 9 198
39 36 930 945
26 41 890 124
43 37 688 575
42 48 124 949
38 38 909 428
50 22 403 490
9 29 80 770
25 14 958 674
19 50 193 737
28 42 962 817
49 43 807 454
15 35 952 320
42 11 650 533
18 33 792 292
45 19 808 600
26 47 89 430
22 47 383 663
24 14 664 799
34 25 948 967
28 2 805 484
5 25 966 832
21 44 465 101
30 38 319 208
41 6 990 936
42 3 134 78
17 46 730 199
25 44 898 176
13 50 555 189
32 24 599 856
38 33 909 576
4 39 764 964
31 25 393 327
11 49 634 255
33 17 662 952
50 32 237 640
17 4 309 982
37 23 330 477
24 45 870 91
37 4 653 158
30 10 637 86
20 3 86 632
24 2 131 495
6 26 498 441
41 24 147 345
12 25 722 62
9 39 671 620
4 37 98 332
30 2 593 656
41 34 319 347
25 40 368 678
20 13 730 706
34 27 935 79
41 17 724 24
23 14 873 328
46 5 780 267
41 4 144 117
26 37 31 454
33 40 633 946
34 29 916 80
12 47 107 384
22 25 361 996
44 30 31 294
16 6 333 937
16 41 307 153
22 33 218 85
6 26 833 862
17 11 935 205
22 29 285 209
44 7 868 365
29 19 363 778
40 23 868 510
25 18 84 162
34 7 939 53
6 7 475 262
17 24 843 749
30 9 761 331
11 20 27 529
41 44 480 9
42 9 260 215
12 23 91 287
19 29 144 803
8 32 120 420
45 24 164 212
16 26 719 125
6 33 417 276
45 8 252 351
31 26 528 463
23 13 903 624
20 33 514 676
18 7 600 655
22 7 130 747
46 25 609 292
47 50 40 897
6 46 811 365
46 32 346 907
40 49 476 818
33 39 621 665
49 26 995 349
44 34 29 966
15 36 245 289
12 50 703 69
22 5 336 419
20 15 900 366
22 37 510 961
33 20 776 301
49 17 707 746
43 25 888 521
12 3 982 734
24 16 126 496
43 13 275 508
10 23 797 715
5 30 609 961
5 36 381 488
37 9 865 566
46 17 408 577
44 8 276 445
47 24 40 938
30 31 900 415
2 19 384 760
21 16 196 619
27 25 730 984
17 39 7 930
5 44 243 494
2 4 434 705
14 3 253 755
24 32 641 766
19 22 150 661
17 40 351 43
2 45 596 112
15 6 714 708
38 36 441 16
13 44 757 13
40 38 786 206
9 50 979 428
24 49 391 783
15 33 962 339
22 3 322 77
11 16 890 297
25 30 515 181
5 32 233 720
30 20 729 234
23 15 606 943
13 13 179 742
7 16 249 474
23 9 752 32
40 4 319 864
27 18 27 487
38 11 935 534
6 18 561 545
37 17 419 700
33 17 816 119
49 9 703 409
34 25 132 936
22 5 651 961
48 25 556 731
11 22 305 735
4 38 913 396
18 41 94 371
35 27 974 342
12 48 277 733
21 31 162 599
4 3 770 542
42 6 612 327
10 34 727 443
5 21 622 494
30 15 421 26
48 5 351 62
2 38 701 496
47 15 380 974
21 8 181 807
15 16 151 878
8 6 524 692
14 19 571 75
15 19 48 412
34 41 132 416
36 46 195 862
22 25 425 466
40 37 26 968
21 36 756 674
40 13 52 548
39 42 334 474
20 9 708 324
35 45 210 506
15 21 307 764
12 39 2 910
6 39 981 855
24 39 19 183
36 26 882 463
13 44 669 153
14 33 498 386
50 37 930 338
27 24 62 612
18 8 825 397
47 27 827 335
50 11 8 787
4 45 335 769
2 34 1 885
20 11 327 151
24 15 4 868
5 25 261 100
35 39 881 163
22 9 416 625
33 39 760 296
6 38 517 203
28 20 402 219
12 26 295 778
33 18 624 911
16 17 368 968
35 43 880 207
21 15 224 763
36 13 923 868
6 15 719 193
31 12 213 651
25 19 46 86
46 49 43 316
38 32 519 5
23 17 819 123
43 3 746 51
33 28 956 219
49 8 318 311
26 47 500 204
31 11 327 819
22 4 785 995
48 12 964 274
5 8 727 197
20 38 55 1000
20 20 180 776
16 32 408 470
18 3 918 60
38 7 184 783
24 18 11 64
32 5 388 997
21 44 20 423
34 37 834 727
4 38 540 388
4 37 74 182
8 27 30 294
48 39 249 665
5 46 792 824
4 38 747 67
46 27 260 347
38 6 751 931
41 44 939 132
6 47 497 68
10 38 872 935
11 41 979 557
22 44 57 239
8 37 69 181
25 43 172 63
34 10 132 546
47 32 507 139
48 43 6 780
45 3 37 960
24 23 482 873
23 13 150 587
6 23 915 230
10 37 976 391
5 18 878 202
35 43 90 914
37 34 442 772
29 42 405 160
8 48 37 437
13 45 429 887
4 5 300 691
41 3 223 756
16 12 116 647
17 39 296 440
12 21 479 836
23 47 306 442
4 29 306 925
13 23 787 401
47 42 278 639
19 31 699 888
27 23 707 579
47 30 41 104
22 7 843 884
32 39 149 21
20 28 463 102
13 32 428 755
48 15 768 68
45 39 856 311
24 32 805 310
2 9 656 677
25 16 853 650
22 9 739 374
43 15 153 604
42 45 870 854
47 48 629 859
46 6 500 494
16 32 12 827
45 6 271 11
11 28 642 677
33 16 684 78
47 50 265 569
39 10 196 721
43 13 236 773
30 2 658 24
21 23 724 842
6 31 323 85
26 27 697 948
15 26 601 961
21 38 599 519
48 3 254 177
4 49 979 572
31 2 469 396
50 29 437 32
42 29 494 637
18 20 702 463
30 2 786 746
31 49 545 703
28 41 662 838
22 20 95 794
37 32 987 29
18 4 670 742
20 3 981 466
27 38 372 595
13 48 583 179
14 13 126 841
40 44 720 190
10 14 35 999
21 40 121 656
50 19 422 111
37 42 191 754
28 2 571 74
33 45 239 918
34 48 535 694
49 31 703 378
41 5 143 321
11 9 395 191
2 44 625 672
16 16 357 327
12 36 979 32
20 33 411 909
19 18 245 659
33 38 694 251
28 47 820 100
3 36 614 112
25 27 293 702
32 26 441 205
20 32 890 773
5 32 268 408
13 11 210 394
23 19 461 695
4 35 194 40
19 30 97 110
14 50 366 269
18 5 910 374
20 37 950 197
26 2 592 918
35 6 305 157
32 50 873 266
14 14 504 382
17 27 991 159
34 20 952 387
43 42 631 993
43 36 117 963
41 29 760 640
3 30 300 921
25 26 207 744
2 26 163 115
30 24 421 334
50 17 633 322
21 32 762 882
7 11 163 180
38 42 720 726
45 9 477 666
9 16 769 51
15 11 128 242
36 6 755 774
41 44 638 416
38 14 949 325
9 48 982 192
26 17 849 575
38 14 117 129
10 34 491 383
21 12 922 889
29 3 752 111
45 19 413 483
23 20 105 82
43 32 871 726
28 6 326 911
6 42 958 491
2 27 95 148
33 18 511 240
41 22 376 330
19 35 304 840
14 41 799 982
21 31 474 601
14 13 485 919
20 23 972 332
6 21 321 493
6 25 280 255
49 39 234 947
31 20 114 799
31 30 290 594
10 48 872 350
9 20 723 666
36 48 753 258
7 18 903 320
24 17 292 968
49 7 857 550
24 46 637 907
4 14 192 251
10 39 645 291
36 48 679 551
14 17 49 560
37 44 138 253
10 24 807 296
13 21 928 585
49 7 357 663
31 49 448 970
9 33 568 822
50 35 990 747
4 43 289 991
10 40 397 373
40 19 645 569
29 24 676 853
38 26 104 941
10 49 458 185
29 24 223 442
28 22 961 172
39 49 713 280
32 46 879 779
42 44 123 428
5 5 962 682
8 34 542 366
35 35 36 585
16 33 518 319
4 28 109 321
25 8 443 281
40 34 613 179
8 44 531 210
36 5 160 698
2 5 528 238
49 2 635 450
46 8 925 598
40 21 502 192
11 7 119 119
39 29 74 329
28 19 555 10
19 43 448 687
25 38 433 648
34 35 88 218
10 5 416 46
34 25 250 765
7 36 956 577
21 26 875 612
46 20 238 764
6 19 889 387
18 16 144 925
25 44 701 364
24 34 232 308
21 38 481 678
37 38 233 994
23 35 401 753
49 18 114 924
48 46 44 141
18 12 987 253
18 48 163 960
16 15 504 807
38 43 209 193
46 23 449 664
13 38 246 323
36 22 678 486
24 36 103 126
12 43 640 194
11 17 39 528
15 2 573 35
40 26 880 393
42 41 721 426
38 19 982 837
21 9 17 726
11 40 316 786
13 2 892 916
47 50 593 140
22 28 118 645
31 2 788 967
29 26 906 788
43 23 245 72
8 24 601 945
6 36 458 493
32 25 570 126
41 28 320 657
21 37 762 308
44 10 128 76
2 10 990 150
35 7 430 554
18 49 15 706
11 14 560 706
29 37 236 305
31 6 163 84
2 40 629 702
50 47 711 15
44 15 998 87
30 19 850 50
32 38 495 867
33 3 21 640
28 3 395 153
33 28 204 465
49 13 799 168
36 43 309 387
18 26 290 4
12 39 834 110
19 25 72 574
22 38 995 848
5 5 718 719
19 18 886 991
5 4 512 388
24 14 114 372
29 48 532 403
10 34 415 870
49 24 434 362
37 44 518 91
17 15 893 989
19 45 855 411
14 37 323 160
13 24 268 402
45 16 256 699
50 11 898 116
19 41 19 67
26 17 993 865
29 7 164 675
28 11 799 389
10 10 807 849
4 46 360 641
26 5 508 281
44 28 398 845
25 40 490 678
47 45 135 113
42 43 540 606
26 47 670 946
7 7 454 859
7 20 697 370
23 42 864 505
49 33 406 536
39 22 813 223
40 2 55 314
5 3 520 853
48 48 329 762
50 33 613 441
29 20 518 17
31 37 56 824
14 7 388 212
12 46 431 234
25 6 763 428
18 25 123 346
37 11 685 479
32 10 962 626
26 4 364 511
11 10 21 894
42 50 601 404
14 15 307 401
40 36 215 651
42 32 39 240
12 12 81 707
11 40 549 943
20 27 52 43
25 38 265 806
39 42 646 40
28 3 460 869
6 36 992 273
50 17 673 204
25 24 76 757
27 23 956 600
35 29 899 834
22 13 899 926
37 12 423 294
26 24 292 336
40 48 840 430
8 48 22 88
41 7 781 917
24 19 159 814
18 45 557 551
35 28 499 19
22 24 302 294
2 4 112 345
3 9 735 644
50 40 676 417
50 11 926 531
24 19 594 825
12 38 656 701
7 8 761 518
32 33 920 354
49 44 406 642
5 42 668 922
22 9 667 430
33 31 996 227
14 39 452 987
27 8 447 699
47 38 408 628
30 14 162 939
29 17 919 528
36 13 414 579
50 32 58 960
16 35 42 502
2 28 54 941
35 32 823 757
10 29 799 681
3 37 517 43
26 40 892 881
40 2 48 848
37 4 846 845
32 18 961 927
33 15 517 112
32 39 617 701
48 18 197 271
13 22 471 300
10 46 119 708
15 38 963 382
35 33 97 47
19 49 516 603
46 5 615 418
9 16 637 474
50 16 23 258
13 8 1000 117
13 7 414 726
15 5 706 480
37 36 106 617
29 31 750 448
39 31 473 168
19 38 960 835
5 18 62 904
24 20 461 440
35 32 438 479
28 36 320 706
23 4 414 256
29 33 203 407
21 11 134 200
12 21 636 263
10 29 892 999
2 31 584 866
30 27 711 44
48 31 75 880
10 17 295 757
39 40 224 837
17 33 369 493
24 43 571 29
9 41 485 333
22 16 805 506
26 3 7 365
28 30 699 308
37 19 42 732
38 15 24 211
33 46 1 208
43 24 341 955
19 23 554 614
17 27 24 225
35 50 226 77
14 5 914 13
31 4 234 13
22 47 640 863
7 41 465 19
10 20 576 87
16 3 552 965
35 26 223 280
13 24 819 788
32 13 921 738
38 29 111 744
41 33 142 31
43 24 305 294
30 23 648 994
39 31 606 924
23 31 891 7
16 45 467 952
40 45 98 533
14 4 651 576
28 47 283 810
48 40 386 376
50 2 776 738
5 38 376 173
25 32 476 460
24 31 443 758
27 44 341 109
18 33 871 39
22 25 730 700
38 45 172 948
26 19 624 566
27 36 796 289
15 41 189 555
23 30 799 438
43 5 630 828
18 33 188 499
5 41 816 769
46 24 329 560
7 45 860 448
17 13 253 836
7 6 796 134
48 9 745 276
41 10 350 248
42 35 686 809
29 36 776 265
21 11 159 460
41 27 798 941
46 37 802 647
17 45 139 77
35 11 43 253
21 27 298 502
19 3 841 622
18 3 370 546
41 9 814 443
38 29 371 249
24 25 112 484
5 7 674 19
35 5 883 999
11 40 150 463
39 9 85 166
9 44 518 430
20 5 814 647
48 11 380 491
37 47 115 742
27 2 859 286
50 41 167 864
45 23 727 322
47 39 565 737
11 21 186 534
22 8 317 797
18 43 447 378
19 15 494 45
31 39 845 375
46 27 481 412
8 48 194 102
38 41 407 245
6 24 98 840
18 44 506 557
17 13 853 592
50 37 80 568
42 16 948 723
31 11 714 609
21 32 224 304
48 10 898 112
9 43 908 807
20 11 245 503
26 18 191 107
31 18 83 48
44 2 659 830
49 24 703 610
47 23 197 444
20 34 137 230
35 4 533 472
20 10 720 459
38 10 361 342
16 28 83 296
4 49 817 961
25 11 15 374
25 35 105 379
48 48 887 853
18 45 580 858
29 10 833 694
18 31 97 83
47 17 571 277
47 4 670 928
50 41 403 580
40 25 966 474
22 8 639 266
44 43 174 632
10 49 103 958
9 23 824 232
22 34 432 9
23 47 266 528
25 26 715 102
26 26 34 281
48 42 435 45
14 21 913 464
31 41 707 878
46 42 844 625
5 12 219 741
14 25 947 447
16 33 887 915
9 4 398 952
13 41 903 874
26 46 828 751
12 39 764 503
9 2 310 185
25 7 119 348
11 32 112 702
47 24 387 398
30 45 191 844
31 18 707 606
27 38 785 245
25 8 370 836
22 12 362 703
44 4 805 384
15 27 761 752
5 43 904 806
6 50 730 528
11 29 741 75
21 9 719 435
35 29 454 674
8 44 674 813
7 2 70 823
25 29 560 721
44 24 664 975
21 9 484 941
35 44 561 492
6 28 772 506
11 28 992 457
9 50 442 279
23 20 668 76
13 11 19 502
10 5 824 309
43 19 928 772
21 31 746 524
14 14 854 772
28 22 194 92
5 34 875 802
26 50 593 693
30 31 752 276
43 20 405 318
7 44 897 672
28 48 432 193
19 48 849 201
38 35 312 543
21 10 242 11
44 11 693 676
11 8 845 543
24 18 136 698
9 5 106 614
42 35 652 22
2 8 324 973
26 5 662 423
34 31 310 128
21 13 2 435
36 23 281 704
6 36 429 605
47 33 781 621
8 12 286 512
34 22 173 918
21 21 567 649
40 11 115 85
32 22 550 714
26 15 271 228
7 35 533 614
40 35 634 655
13 40 623 524
21 12 56 857
30 36 94 234
24 42 929 820
41 16 363 76
20 44 109 772
11 36 25 5
48 47 494 245
45 24 365 163
8 43 424 484
38 31 509 58
15 50 476 842
15 21 917 876
8 47 629 659
47 42 308 50
26 44 705 791
5 5 702 309
16 22 909 176
45 22 524 901
7 16 650 569
37 8 438 685
28 45 11 676
21 11 416 691
15 22 909 163
22 22 770 342
8 19 294 513
8 18 364 856
9 14 95 597
16 41 445 488
32 46 837 832
50 41 134 420
7 34 613 932
28 35 62 564
26 46 629 846
13 45 902 251
27 48 112 39
48 31 511 252
16 5 477 651
50 2 887 839
12 28 374 726
21 43 923 948
26 33 505 33
28 22 486 839
48 41 788 705
14 33 356 581
9 16 204 279
42 26 580 256
17 9 578 59
49 26 233 359
25 36 60 964
22 18 644 150
50 3 90 360
28 16 551 726
9 9 400 268
3 35 232 262
9 47 355 889
33 2 400 298
46 14 246 345
36 11 508 432
48 42 295 231
27 39 644 383
16 2 916 843
2 12 82 717
10 31 230 686
48 27 828 624
34 23 743 129
42 33 691 378
41 25 174 638
12 7 892 752
30 50 981 496
14 4 66 121
32 40 391 990
11 32 743 462
30 31 495 240
25 12 387 570
48 48 730 348
36 42 5 976
3 20 997 708
16 47 598 416
44 27 87 651
16 33 213 491
24 25 737 524
31 34 605 373
18 10 21 99
37 37 161 726
39 15 92 596
24 22 810 363
36 6 859 336
7 20 643 790
3 9 804 106
43 43 925 555
17 32 207 457
17 21 105 310
26 7 48 385
50 28 854 364
10 23 747 363
12 49 72 474
6 32 485 583
34 6 55 43
9 27 710 734
35 14 581 376
23 21 248 179
33 12 880 929
9 21 706 728
22 42 601 17
19 13 92 740
30 35 597 82
20 10 48 104
5 18 93 110
47 3 526 33
3 4 823 961
40 10 401 980
30 36 541 553
12 5 148 983
22 9 549 853
39 38 208 206
31 47 234 908
12 29 25 238
5 16 547 368
4 49 107 202
41 3 332 284
42 25 872 191
41 24 857 152
12 17 590 264
43 28 201 961
40 15 629 173
23 32 990 70
50 17 976 51
10 40 196 333
43 5 916 389
5 15 857 879
29 43 742 554
13 38 471 210
48 33 359 576
2 13 681 597
25 49 313 498
38 12 102 877
49 14 557 441
47 49 969 632
11 24 285 579
20 39 798 203
42 17 976 256
19 45 144 832
10 2 506 450
5 47 590 922
50 44 978 136
31 6 839 700
12 14 970 354
27 50 123 178
41 10 567 10
18 6 608 564
4 11 405 488
3 12 701 462
20 30 489 460
2 32 936 710
50 47 754 203
25 39 839 315
31 33 198 602
31 43 641 662
44 38 185 192
11 30 207 793
8 13 66 661
15 16 470 871
46 2 506 534
35 23 44 891
48 44 646 685
43 35 164 528
16 28 388 262
22 4 553 297
49 20 857 24
13 4 98 318
6 35 388 294
35 37 517 73
45 10 651 544
48 22 204 386
42 49 14 786
21 16 210 795
39 21 884 853
30 43 143 316
22 15 75 909
24 39 28 666
18 38 568 936
20 34 39 507
33 24 255 38
13 24 234 214
22 4 291 67
42 34 733 801
5 24 875 3
45 4 996 725
3 48 99 414
27 5 692 355
44 25 788 134
19 27 949 819
17 6 725 665
29 30 618 819
45 49 175 852
37 5 888 579
12 45 808 807
36 35 158 654
36 34 368 227
5 9 771 415
38 47 139 7
42 30 950 763
37 47 117 997
9 36 41 98
46 23 885 596
16 38 883 415
39 37 682 133
3 28 554 560
45 27 164 507
21 14 603 378
39 14 171 919
10 37 806 127
8 50 533 764
7 12 218 955
30 28 262 859
32 40 606 231
25 37 654 731
28 19 459 605
43 6 347 865
42 39 192 524
23 6 235 787
31 13 364 15
38 6 746 18
18 43 45 228
11 38 422 462
8 31 759 450
6 47 649 593
9 21 535 777
13 29 781 89
3 25 257 983
27 14 586 907
33 10 348 719
3 12 294 835
9 28 823 787
45 12 389 881
11 23 684 271
22 17 532 149
19 20 646 449
26 43 77 288
33 8 66 977
36 39 520 370
15 22 605 843
8 41 435 19
42 41 963 414
29 19 414 264
32 16 812 507
18 50 121 300
8 48 198 34
43 46 708 923
23 8 893 811
30 27 101 262
13 48 4 244
7 9 784 348
35 8 202 690
2 5 410 745
15 33 843 975
48 11 286 11
45 4 185 24
49 8 599 365
8 33 50 863
22 13 207 983
49 10 966 821
41 47 617 35
32 14 657 508
25 50 987 721
29 21 727 917
22 4 601 74
11 17 692 82
40 6 628 853
45 12 940 136
38 45 148 599
23 2 743 880
10 48 658 646
24 7 40 457
18 3 559 198
12 35 571 379
10 41 815 691
7 9 604 241
9 17 821 214
5 6 364 847
24 31 626 612
45 20 932 231
46 47 699 810
31 45 634 953
31 7 420 457
42 2 910 908
49 44 932 616
41 49 983 940
22 27 326 421
20 50 7 89
24 38 724 254
3 32 275 639
25 41 803 813
9 26 271 116
7 19 453 857
41 25 310 872
5 50 452 183
18 30 385 714
9 26 42 79
14 15 659 607
41 43 87 847
31 7 213 108
39 2 74 518
3 48 636 782
4 28 688 963
49 45 59 149
40 50 725 487
41 36 601 493
36 3 114 902
27 16 95 524
40 40 850 24
16 23 460 915
48 25 206 417
36 15 20 882
41 4 262 833
43 39 626 494
5 22 364 499
23 18 899 182
27 25 20 464
22 46 716 641
25 2 529 514
3 16 764 163
7 35 202 866
32 12 195 292
9 32 635 379
31 16 850 615
22 25 92 470
33 39 282 860
2 29 678 696
32 11 942 630
45 16 908 415
4 47 205 201
22 22 523 171
31 8 421 986
34 41 614 84
35 39 171 307
12 44 931 123
35 4 276 231
26 45 371 228
41 34 390 368
32 6 645 649
14 16 255 557
2 13 329 401
3 33 171 984
2 30 599 959
15 14 581 491
4 34 103 438
46 12 625 919
31 39 682 6
23 40 930 917
16 32 176 581
36 36 403 607
37 47 498 717
41 42 764 999
28 2 862 783
50 23 491 594
14 50 533 44
3 28 335 414
22 46 948 527
35 42 664 971
13 7 951 595
18 22 912 802
21 4 570 871
13 39 852 339
31 39 508 960
5 12 703 888
15 36 809 793
18 49 98 54
45 25 194 203
26 36 760 743
21 34 232 477
47 39 644 67
49 21 687 129
36 40 396 585
38 3 195 379
11 4 386 952
11 6 201 561
5 16 656 622
20 32 289 275
41 11 865 910
8 33 942 724
25 7 617 333
8 42 882 597
9 36 457 710
21 25 96 273
22 10 893 552
12 41 266 694
45 21 668 554
3 43 290 584
26 27 942 119
35 20 526 794
26 48 664 620
43 46 114 619
36 47 258 607
22 44 45 918
2 27 791 121
49 14 478 115
23 21 68 946
39 35 255 771
9 47 521 441
43 35 224 287
32 8 984 840
40 20 633 890
27 24 878 968
23 24 963 354
37 37 826 265
45 47 554 211
35 20 71 231
18 29 253 86
15 44 744 763
31 31 587 351
48 21 834 750
42 22 909 322
40 4 5 267
29 21 87 491
19 22 412 714
13 42 806 506
7 37 707 284
39 2 6 328
23 46 107 499
41 23 394 73
50 50 822 113
20 20 939 596
34 34 75 166
18 38 399 423
14 34 65 258
29 33 861 592
4 31 412 930
8 14 311 631
31 50 275 957
27 7 622 564
13 20 141 512
43 20 199 557
18 43 549 524
31 27 46 861
14 15 315 552
45 2 191 405
25 30 612 411
37 29 412 75
31 14 867 146
19 44 61 218
43 22 91 989
4 47 164 892
19 49 752 295
48 7 455 689
47 31 381 202
35 35 598 287
26 26 114 214
3 48 957 987
29 33 454 814
22 34 426 646
15 40 571 874
10 4 10 999
12 12 939 737
45 45 140 428
25 16 468 752
50 38 903 524
13 35 152 82
38 2 811 596
7 20 720 97
30 24 266 963
9 3 854 123
17 40 261 531
12 12 336 602
41 26 927 110
20 33 791 97
36 2 870 272
43 23 521 103
22 45 348 548
2 21 559 833
7 22 877 118
43 34 49 107
8 34 281 57
23 37 840 676
14 28 41 755
36 39 462 106
48 16 873 576
8 26 681 553
10 5 405 313
28 40 495 115
26 20 711 396
21 27 675 91
17 29 538 208
42 39 513 335
15 7 198 644
41 37 301 725
13 28 830 330
3 3 18 586
11 20 326 533
46 26 33 30
14 17 65 39
43 49 645 931
27 9 547 555
31 6 820 813
3 2 671 94
5 48 636 719
9 35 307 352
38 34 151 857
28 6 921 16
46 3 595 299
41 27 994 741
33 23 291 547
22 25 920 238
18 33 876 302
45 27 79 163
24 26 452 376
36 16 619 382
6 40 787 882
49 8 493 686
49 26 226 215
42 23 637 211
10 44 268 225
44 15 272 715
31 2 170 412
24 27 684 983
14 30 970 633
26 28 91 650
4 38 915 120
16 36 483 709
23 47 42 937
6 46 896 105
2 21 66 335
14 39 243 136
48 6 940 176
22 19 441 961
20 38 234 905
37 22 676 186
41 33 875 692
8 49 194 694
10 45 548 702
28 25 372 651
30 18 675 275
19 19 904 334
22 35 944 685
32 45 685 428
44 41 41 83
48 5 249 563
8 9 230 764
18 12 510 139
20 29 374 734
16 12 455 644
47 40 311 455
6 34 457 898
22 41 239 987
6 11 317 521
16 43 851 318
8 38 697 521
45 39 282 567
32 40 767 869
46 43 311 57
39 27 3 171
32 45 558 296
15 6 455 756
48 2 829 241
14 40 298 39
26 50 881 596
46 21 689 312
21 16 40 774
21 7 887 246
41 37 653 72
17 2 207 555
14 29 765 581
2 50 886 608
16 37 573 657
24 20 757 952
14 5 929 612
30 6 681 515
7 18 694 635
27 39 131 836
41 44 303 542
34 31 848 989
48 21 994 623
46 4 428 785
33 43 304 253
42 4 269 45
43 4 137 629
17 46 984 464
23 25 986 469
48 19 700 629
45 33 785 686
30 5 703 1
26 34 21 936
40 25 663 220
19 14 913 768
43 45 828 914
24 33 281 775
25 28 663 895
24 17 893 630
31 6 57 636
38 3 777 384
45 25 952 295
16 45 166 433
12 30 477 941
9 38 633 391
29 16 503 442
46 39 546 675
37 13 166 782
28 50 307 610
4 44 578 624
3 46 989 613
48 37 77 380
37 23 19 190
17 11 71 473
34 41 145 463
46 25 917 389
13 4 61 191
22 42 195 725
9 45 770 948
22 24 84 491
24 46 305 512
14 48 76 293
20 28 469 421
21 21 78 788
6 24 747 405
30 47 616 122
32 50 17 938
22 12 264 297
5 15 686 623
42 4 550 765
41 10 905 325
11 48 782 252
31 35 658 809
5 29 704 801
49 4 901 277
26 34 858 318
25 21 177 100
38 8 875 563
27 34 637 895
23 47 810 615
34 21 544 195
44 22 961 406
23 16 337 448
50 16 349 136
15 10 740 406
7 2 572 833
48 20 917 157
12 41 426 359
10 50 307 731
50 23 245 68
21 33 891 808
8 7 703 784
12 37 709 342
27 33 437 636
39 25 776 281
25 40 208 966
38 42 891 302
41 38 273 432
20 4 678 778
18 34 485 774
41 20 192 144
24 30 595 689
45 22 201 561
40 24 87 34
42 22 736 553
46 21 492 200
45 19 317 175
34 19 313 460
48 40 959 161
36 40 922 824
33 16 711 306
28 20 216 608
24 11 715 619
47 43 299 783
46 11 489 796
50 2 778 22
8 3 238 846
41 49 664 765
42 42 343 730
24 11 775 231
23 27 447 418
49 44 544 765
18 14 878 720
50 28 858 699
19 34 53 53
22 6 203 394
26 28 473 189
14 47 383 466
44 12 709 784
10 32 675 347
35 14 658 647
14 13 848 295
34 22 211 828
44 3 220 495
41 9 132 951
19 13 948 243
47 14 64 446
27 7 955 50
26 4 436 897
12 39 83 16
20 13 50 6
40 48 73 154
17 14 683 825
5 9 721 993
35 25 2 413
14 15 17 894
9 34 796 848
15 30 462 626
17 45 814 533
19 8 675 616
9 19 250 304
28 19 81 401
42 7 184 209
24 20 96 369
7 17 590 982
30 38 929 896
12 48 963 108
22 29 170 507
26 34 553 611
20 41 36 826
32 23 439 355
21 39 767 996
50 3 741 942
23 48 366 941
2 23 67 935
14 12 532 305
21 31 806 820
21 20 303 352
42 40 261 599
18 6 898 888
7 2 91 180
42 40 271 304
15 10 640 632
17 41 546 569
35 15 990 98
31 29 725 441
40 9 373 404
34 23 579 435
45 34 934 995
18 5 764 295
35 45 637 666
34 30 828 854
32 9 780 792
37 21 47 895
18 12 364 549
32 41 542 234
2 44 212 870
15 38 94 452
30 38 569 846
36 2 370 865
14 19 17 668
42 29 753 861
27 28 90 224
11 50 106 938
17 13 211 546
33 29 417 917
44 3 87 333
17 21 3 168
37 32 130 732
41 21 622 244
10 37 940 426
14 8 956 840
47 21 756 14
26 40 23 717
41 30 91 897
29 11 409 460
28 15 192 400
37 49 843 181
45 10 49 733
17 46 603 266
34 33 701 419
9 49 486 20
34 19 322 578
30 37 198 549
4 25 55 700
45 49 71 354
17 2 352 539
19 14 369 21
44 27 178 294
47 48 810 266
20 25 381 163
47 3 622 548
48 41 781 743
4 18 188 382
49 44 578 465
34 38 737 379
15 41 285 115
2 2 515 967
42 18 614 662
8 32 161 184
24 41 693 868
5 47 178 428
48 7 584 619
30 44 386 163
16 37 781 741
3 16 290 934
41 20 581 512
29 47 960 278
24 28 767 360
30 11 368 351
9 50 780 864
14 40 407 14
9 6 279 462
8 27 340 273
30 17 821 806
32 7 529 342
14 30 133 170
28 38 434 839
19 11 415 884
2 18 336 880
34 20 700 135
5 25 448 928
35 33 593 733
19 15 500 545
12 25 750 962
6 39 210 860
39 6 929 682
41 6 707 243
14 35 704 353
4 30 155 857
6 39 445 257
2 35 921 975
20 29 251 458
18 9 392 405
50 10 982 638
15 38 792 460
11 49 57 457
31 16 257 633
10 10 624 161
16 26 522 222
29 12 65 636
34 31 691 739
7 46 803 67
23 14 143 663
40 14 680 17
37 22 233 439
34 30 658 835
4 12 158 243
33 5 341 42
2 41 123 408
32 15 631 595
49 16 425 986
12 24 981 41
25 47 162 748
37 31 493 956
36 12 724 504
32 40 701 567
14 42 498 449
31 40 65 281
15 10 574 413
11 48 16 382
35 29 160 35
44 20 243 812
16 38 69 822
