17
1 6
1 15
1 16
2 1
2 12
2 15
2 17
3 5
3 6
3 7
3 9
3 13
3 14
3 16
4 6
4 8
4 10
4 13
4 16
5 2
5 13
6 3
6 4
6 10
6 13
6 14
6 15
6 16
6 17
7 3
7 4
7 5
7 8
7 9
7 12
7 17
8 4
8 5
8 6
8 7
8 9
8 10
8 11
8 12
8 14
8 15
8 16
8 17
9 3
10 7
11 2
11 4
11 5
11 7
11 9
11 10
11 14
11 16
11 17
12 1
12 3
12 6
12 8
12 9
12 10
12 11
12 13
12 14
12 15
12 16
12 17
13 5
13 6
13 7
13 8
13 9
13 10
13 15
13 17
14 1
14 2
14 3
14 8
14 10
14 13
15 6
15 7
15 11
15 12
15 16
16 1
16 7
17 2
17 5
17 7
