10000 1000041
18477
6344
26510
19179
15734
11488
29368
26972
24474
5715
28155
23291
16837
9971
501
3005
11952
4837
5446
32401
14614
3912
163
302
12392
17431
18726
19728
19905
5457
21736
14781
11548
1879
19922
25677
26309
17045
9904
28713
23821
31332
30343
17683
4674
15151
7721
28263
6878
25557
27654
32672
32767
20047
12869
8733
9751
27539
788
12326
3045
22200
1852
298
30116
9050
8952
19274
22658
27456
23815
15900
6739
24380
15360
15016
31111
24403
3558
19639
12633
24094
19964
18766
11850
4976
7386
13941
26318
16954
32449
24636
11333
5547
21548
16128
2092
22939
16551
4843
31125
4649
29668
22714
9940
13987
2316
31683
22396
5031
28755
26934
19082
6280
5839
26787
15583
5107
16522
23996
13300
9171
18646
22365
24777
23665
15584
4041
12062
27360
1160
16951
21734
13976
3440
31117
30201
18017
11347
15467
12297
27763
10393
14955
8919
32219
9768
24231
18598
6432
24956
27516
13040
16423
29178
910
32601
18772
1665
17420
6369
27634
20547
21558
6493
27605
4051
3612
24360
10301
30846
9384
11030
4606
24031
27358
23209
19678
24494
8291
4744
63
2009
26428
27948
6910
3798
18137
477
3738
14903
24658
22493
17817
2431
14320
6627
22823
9524
14319
7626
18945
17461
20610
5259
16529
31566
22808
30313
6234
11018
5854
32619
14999
32712
3205
20495
3103
14353
30533
1597
29324
9513
7458
25210
13468
6628
20590
19806
14808
15291
19599
20808
28019
27167
20482
23632
18548
12302
6048
24189
18200
29667
7968
6201
19825
22898
19166
11521
16212
2644
24282
20065
20338
22656
26372
4896
18885
28443
29879
20152
23854
1426
21891
32008
10332
18661
10031
5709
3567
28486
27902
24399
5085
10722
2610
2520
21013
26879
17871
14698
13411
9799
15265
16433
5012
10595
24192
10295
27098
31436
28627
23767
9842
30942
4179
2164
25731
17199
19986
31339
2378
28702
21435
10565
3444
16559
7451
9522
30155
18070
21728
3763
16149
12433
16289
26006
16697
12539
22559
17447
19876
12959
203
23205
3307
20426
28296
16115
24498
16292
12465
25744
18124
11711
31326
20681
5796
12273
4323
24365
31195
20063
922
10818
1842
20955
4323
27766
28331
19568
23656
27992
491
4154
23206
20232
7139
2171
5545
20460
11183
10476
12054
21669
26302
26449
17263
20034
26164
29520
4755
20659
13196
8323
4484
28032
2178
14028
18797
9915
17968
7401
10212
3635
26487
4424
9324
25834
29344
25884
24382
20169
11843
28080
7497
28307
7528
8187
17783
32280
1773
2678
17202
13995
3112
8490
29223
7637
4812
4109
30537
2635
1553
1934
11033
29982
13071
14191
31013
27442
17515
27603
22735
13041
8502
152
17232
31296
13074
7910
19197
8370
22423
30984
14280
29180
245
30843
19721
25770
18906
4677
7295
12560
150
13704
2705
21634
28029
2135
26586
21704
22668
26312
17381
22476
4688
22603
23861
25494
1028
28474
21129
23162
2810
18097
31070
1936
9020
4767
32180
20325
9586
30237
12053
22768
7174
5119
7892
17096
29575
3497
29587
14484
2635
25637
5639
31938
25433
28530
6912
14972
133
24606
3747
13271
10205
32535
1274
8270
6212
8126
5040
20336
29021
30781
6421
25557
21163
21530
29800
14934
30198
21773
4950
20861
18672
13839
30910
17723
18968
17588
8375
13017
11487
1210
26068
6449
2313
12770
19367
2334
6487
5118
21123
14897
19811
22860
14470
22438
13003
27394
19415
6550
31121
28714
12845
32366
6082
29360
18833
14495
20566
23226
1636
9367
8536
13367
29347
23281
23879
29371
12906
13032
29627
10122
12727
18706
11595
24051
24433
24139
24239
4575
6569
8942
22306
29865
12063
16972
3594
29744
6664
16982
21467
14379
22542
2973
2617
2493
921
11645
10077
22858
4685
12948
2233
22152
23764
6521
22751
20185
21469
17835
3231
17880
1636
31944
15215
31793
23860
17408
22289
22711
12203
12744
1647
26544
5566
2003
10186
25715
6972
10558
15891
310
14423
16651
19865
24865
13152
11472
27621
30887
20434
32688
1762
18453
28306
12683
10050
9323
885
20082
12828
620
1027
14942
28122
30705
13179
23841
20050
26498
28695
19100
19507
2599
26000
15155
19363
19324
18661
26750
22054
11268
345
8769
11202
7615
25274
12191
28513
3839
23785
20618
29302
6007
17559
29566
25571
31637
6477
29551
26139
31250
27823
29184
20611
6087
20225
8693
8223
24002
25834
5611
23402
15769
2680
26438
28037
4094
10085
18796
15508
24980
6297
23857
32614
513
21231
22673
5716
2373
9020
22181
27499
18250
12174
25552
7629
20923
7601
6714
31828
9242
760
25215
4985
1549
313
11432
21108
11257
13594
13658
2981
17874
22923
11085
21555
28722
17556
18688
1779
15272
8529
13995
28299
15954
2875
18550
23255
25518
28328
27880
9611
28333
21142
24482
27162
25097
28580
29773
29911
17113
14433
3537
11610
26979
14025
5575
38
21553
25357
2098
2953
12647
22419
26473
5059
4691
1598
11352
618
32070
21231
1768
29964
20898
14156
700
7959
12853
21440
25630
758
27077
4546
20793
18045
32236
15195
7048
9863
25639
11234
15758
19933
3369
32267
24776
4954
14965
23328
32736
25421
21035
20365
31011
22559
9506
18594
9525
17974
23352
8085
17923
16152
31206
21958
25082
20436
14616
26183
24439
32414
6715
20636
29822
19385
30103
16575
16046
14746
29151
30824
6004
8266
6662
23946
30848
20492
1365
21025
1141
18240
17851
14635
2021
32647
4196
19700
1660
5672
21644
10903
10363
21426
13462
14018
7272
22243
5464
16313
16644
26313
14266
158
11134
12327
4223
27119
24038
29210
21090
21328
16868
24060
24165
31371
15274
11913
3686
29653
26919
14912
3571
28499
24958
1292
13663
30684
2230
5412
6933
3841
19379
3888
20269
19018
22629
23981
30013
21955
9791
26514
12402
32695
25323
6708
5599
12732
5948
19047
6420
31471
6244
12518
9971
3969
6503
1525
25279
24947
28879
68
14710
13981
26274
15127
16225
24565
7825
18340
3049
30222
29298
28092
1964
16095
20720
24494
24784
8390
29825
25961
6551
18125
1689
17120
25908
23083
798
23987
18142
29966
28699
26123
10018
12951
15800
1733
21373
38
25194
24788
7210
5081
1895
21984
1081
11343
22877
26163
14305
32178
20835
9686
15639
28660
2608
3319
4703
4696
30090
10126
12259
26677
1538
26689
7874
29431
8415
8836
6826
7526
27736
28676
29097
27691
19974
1350
5696
6031
11672
14731
6074
29319
20425
17912
29883
17134
23951
32755
31772
28433
27541
4816
12278
9328
5612
31917
24317
23491
1022
21146
26640
24124
26819
4094
23566
12300
21303
30006
29162
1064
25355
14718
258
7501
13722
5141
30124
16449
7968
24732
29714
7005
1062
25279
7489
18248
26433
27928
10876
17669
32508
28496
21206
7472
26643
12168
12032
1156
18402
13047
3935
10657
29468
6612
30817
4108
27840
29302
14610
7288
20809
18362
20458
13892
550
28325
4585
8772
9577
22346
18407
31428
19907
25838
13861
26826
24240
4459
16935
668
239
24530
10950
29570
15157
25172
1665
20685
802
22371
31764
16408
23156
8724
26956
21198
19579
8648
27673
15085
24525
11531
485
15625
20538
13244
12580
915
9474
19567
28972
14171
30534
12559
17479
340
31933
28360
14343
22935
10920
19747
16346
18347
1288
12403
7646
30724
28174
31601
19959
19145
2515
13347
10014
16347
2633
28674
9980
25618
30578
19291
7095
9162
18383
28662
8204
9886
23836
28406
7582
6259
14650
29184
18829
953
32621
1951
20299
8429
5575
3815
7595
16226
31460
1625
2619
11074
9176
16903
16084
13519
30310
19705
9583
15599
13171
31182
17978
27368
26041
26278
19436
28520
10432
30784
8789
30920
23562
4192
25401
15505
5774
884
1374
14912
28265
4470
484
6982
26831
26132
25557
21587
9799
25615
30205
27604
7960
16353
764
2491
1022
11682
23449
13438
5922
9772
5977
24418
4425
1918
17233
11769
26444
5214
29496
4329
968
5955
26816
8176
18710
11377
17702
21797
28542
30566
30984
3457
5031
18293
26232
29341
2386
28593
26958
12733
17992
22028
14786
9230
31121
32192
23866
19500
8935
4334
6496
19687
15979
11653
7544
15687
22678
31078
22001
32206
7793
16838
7737
29436
15881
10707
17622
18713
11037
11418
5555
9518
7195
30248
24247
26453
21323
22511
8860
25138
2121
23660
28159
11202
1464
15879
691
27475
20277
17723
19803
18644
25482
20982
22840
24911
28452
5187
13887
25780
712
14374
1391
16600
8833
2247
8033
32189
16605
20179
2337
12052
31320
28192
11068
7936
9497
1680
32538
5661
2268
7223
9870
25793
21296
2752
8620
4482
7138
18444
5851
20728
3513
14877
24875
10948
1891
9267
22760
28624
18608
28468
2671
26073
32766
20817
20288
19499
19445
6375
32085
7596
1396
7843
8370
13340
26058
8938
29502
12443
23850
6776
1745
19820
11609
11847
21902
31992
7338
29362
11379
31254
21804
6618
9262
11657
17442
9545
7218
3274
3507
23253
27659
22025
26851
199
16110
19822
30658
9533
19861
24484
28643
29901
27210
19864
10000
25707
4929
17790
22588
12941
32554
3350
13497
909
22535
8493
5548
7502
6203
28262
25021
1570
15844
1850
31507
2795
18539
31550
18815
28801
13402
13220
13559
21588
26989
30981
9287
83
20203
1630
21507
13836
31286
19800
6592
13588
11169
20428
26499
169
3459
12934
9082
10390
27018
27977
10218
6487
18513
15380
32617
14206
12084
13732
12621
19029
28771
11066
12900
31173
16693
13726
19942
25462
2751
4964
6823
2872
10406
15470
20625
10914
2609
20146
4690
9208
27042
14397
32594
7250
3527
17016
8680
251
18892
25259
3533
31768
12115
29631
17105
7306
9926
15688
10188
13589
25068
27587
12760
14017
23739
24091
3005
2688
24686
27763
20909
11794
15575
3103
13618
6182
11253
29939
7524
10178
5065
11201
5983
8932
6758
5661
10996
2154
16456
31587
26527
14639
29926
5884
15801
15479
22922
8156
30703
9101
9825
26959
26867
20650
26062
246
8561
9497
31236
28172
16965
23193
8404
30190
16107
3075
27075
2523
9271
12588
21088
16888
14150
4621
31957
2455
180
29985
13499
24760
6159
3343
13875
22224
17292
27017
27442
8906
16377
28532
4892
31820
17651
7241
2197
6715
6489
6331
6548
31361
19457
24218
9656
22286
25769
30199
30432
27676
8496
3465
2038
29624
4870
29263
11787
31358
12513
10871
22441
29092
12465
14207
22116
8762
15831
17306
26291
26031
24465
15957
27134
18328
9145
11386
1784
29869
25008
12084
9263
6932
10645
1653
28898
8163
13242
4757
28690
19936
25688
6460
14811
24971
14209
20865
26373
5726
10583
31571
23255
6483
28284
1560
24363
1191
4297
2709
18120
18653
17475
7182
2539
9991
2122
13486
4391
8257
26900
16681
8815
32382
30042
3999
9330
23175
15441
9668
11303
17216
26588
16958
2216
27181
18176
3406
16707
31030
23704
15539
14798
30119
17994
11979
28988
21627
4025
16636
3694
9178
17916
25938
12107
28128
24400
15209
11795
14496
19209
12430
20720
18281
15823
27425
6095
328
3590
1341
7277
8397
13454
23196
14517
4370
17837
28084
26441
7162
30281
10278
4703
19895
347
31321
17614
12687
416
7778
29032
19423
5010
552
17547
30048
21398
7365
13299
31657
3191
13103
16594
10997
10771
20503
8227
9511
17492
29457
15675
10763
22114
15094
19105
13535
30231
3974
21791
4882
8116
3666
3353
22603
27090
16090
14878
21421
13723
20978
3261
27226
12089
28778
17050
31541
12943
23789
20673
12269
26663
27946
2105
24375
11884
7730
26845
25690
8986
18465
5735
4081
24818
13569
9166
5612
17842
7915
10450
7385
21572
22895
21972
21090
1846
10807
31212
10518
10090
5350
12086
9068
31503
7750
8556
20484
24783
19107
8890
23345
11082
23410
717
22965
20676
4151
23598
12491
17178
28325
19406
16235
1019
22022
18146
11465
18772
25053
752
31
17932
24522
9258
26028
27378
23727
9724
17660
13300
3345
12769
3179
21905
5313
22650
21989
24209
29115
24801
18671
8691
3662
8763
24043
32039
15997
7052
26263
20093
11430
15824
32728
12254
31073
7239
20662
18874
4779
30480
15015
21057
1604
21497
24336
3286
21333
6550
7689
24000
32598
24720
29281
17955
29231
28480
20193
23599
23965
4988
24789
5016
13272
20145
23497
27206
29043
2098
12945
19789
16003
14800
24972
18975
11011
19115
11817
24577
2679
3144
32681
1467
13008
3555
13607
14228
8848
14854
7382
8573
21038
29274
28811
14733
13500
7614
31611
24237
11207
23702
19781
20373
29311
22373
7731
3575
17431
23455
18620
505
16751
15032
31822
29161
23025
8065
3403
8748
15289
19892
1618
12664
3832
32717
24255
1348
154
22300
31349
23164
24614
4633
22235
20088
21734
31991
2340
29743
28233
20604
29140
18856
4997
29455
18815
8626
5760
20499
27348
21973
28145
14707
32219
21640
23234
1918
26747
24484
31930
27382
10303
3865
6744
9571
31066
27616
8194
7085
28392
14129
6751
30442
24694
12789
12289
18293
20677
30846
24135
24128
12747
18038
32129
20587
10747
14101
20566
22805
16070
21911
8803
3442
2146
4590
14885
5917
21194
28084
8729
26800
20486
30051
3361
8339
16300
22984
23082
3601
12199
15797
31500
3249
14903
3063
17073
10691
25913
27015
24186
18489
1705
6149
32478
14008
21093
23649
29525
27631
30003
15836
15732
23848
24838
12591
24409
8988
11901
1033
26953
24844
14253
7359
2712
8717
20512
25151
10697
8356
15901
24647
18423
11410
22826
31700
13172
8945
29136
19420
19887
11392
26270
27199
26715
13884
2673
20732
32205
22576
16370
6048
18598
7821
28255
9477
32435
26877
13199
10552
13073
21557
30512
29627
9109
25033
17236
31213
30058
21061
1580
8646
9468
25977
8466
9415
11541
29972
26829
7985
10566
7541
31505
8054
30601
26813
3398
18925
7460
12329
6282
25801
29393
10143
1785
24652
23579
18310
17964
12088
3595
2267
25343
903
10500
10113
4760
17243
10732
24281
19621
19000
30348
21651
23268
19057
2362
9668
489
25312
32693
19000
10012
15578
4432
16905
6145
18018
12371
16752
22204
23709
23198
20188
4052
31367
23951
1857
7479
16355
4390
31923
14974
25720
20071
25395
20083
27514
9472
32713
28112
11079
5164
3539
31562
32084
19159
3740
2254
10854
13059
14128
24075
26373
19562
28783
18480
29741
6757
7521
5879
14408
10508
7113
27362
25689
28063
13053
14532
31098
1573
25844
9860
17032
7250
21921
9502
5661
28590
15487
27626
29886
19188
5230
14625
22358
26808
32189
31645
16867
2893
1672
18912
28272
19430
19780
19032
9283
25851
12696
28898
3927
31727
1902
13708
11277
11759
75
10399
6942
25629
16091
2013
29140
13038
18641
14599
23162
18640
19182
19874
6417
12305
25438
29691
18500
26620
26187
31081
25246
6469
20653
16850
27643
27047
23903
22640
20284
13003
28792
32213
17471
8300
19672
22317
21007
31161
18433
8900
16727
6650
28713
5576
4893
23671
22669
18255
20396
32661
32775
19611
16850
17219
1507
27293
29260
18068
8431
185
30591
26797
3281
4297
28009
12514
24989
2148
10710
540
2471
12128
215
7550
18838
24469
11632
14408
3770
27108
12945
10491
30624
19577
18503
28606
19171
7756
10548
7680
20548
21486
21565
24927
16381
16770
5762
13768
15443
32265
29075
736
2411
3044
12769
10403
30558
27283
18802
16203
12943
30147
17113
3700
28221
13704
24678
32637
7508
999
15258
3889
11657
11159
30941
679
30885
25608
25459
25446
24609
20133
1453
1741
18164
22871
4444
9395
23977
10826
11403
16714
29876
30963
30318
28233
18694
30802
22677
10058
32479
13940
30821
19824
16100
5437
23753
1614
10609
16484
7205
516
5168
17599
9868
27819
17899
11457
50
3828
9374
17985
36
25099
2513
30076
26422
6850
12580
14686
25405
28651
29996
17661
21119
8197
20093
21095
23400
31260
18696
4765
11391
28138
25512
24287
30872
26434
3575
3882
842
30895
14438
6656
20899
6488
10893
24935
21275
31270
5055
20788
5831
13865
2530
12937
24783
25144
27261
22685
13346
16344
21011
2747
9320
5984
7600
20366
1081
32090
10945
32155
17292
1835
18728
13583
4722
13047
5008
9915
7172
1727
8702
19549
28057
10956
19113
30241
24125
849
25868
20839
2655
3404
17209
19655
14282
685
21872
32082
13783
2490
11248
26907
3552
29618
19213
23287
6135
20144
1411
9088
18392
20179
20746
27488
17949
21148
18731
31436
10673
1687
21585
6734
25991
27710
7971
28872
16012
18458
25105
694
24026
15147
9517
14003
21294
2954
30269
831
7068
24653
17678
10687
129
29867
23051
8901
25274
1633
6925
8082
17939
851
4725
17625
12546
14967
27769
710
13462
5103
24251
11839
12458
5237
11808
16234
10334
12284
18143
22895
15048
12180
6872
32639
5094
11919
14888
6933
27095
29410
23034
14203
23115
9422
15775
5777
15417
10687
13794
714
14800
9844
10901
631
18095
27744
25200
20552
18008
22096
32028
15631
30434
22607
21386
24264
29679
18118
12937
12503
26078
6376
9112
2448
12610
10829
14328
2300
14994
16349
2566
25818
4642
21488
26824
13797
7249
28084
25030
10837
2564
1998
7451
16808
13652
19012
16331
30114
13956
7066
18519
29843
17718
19771
6543
20696
14814
26395
10152
18852
17270
22171
31630
4353
9588
1197
123
13073
4601
5944
20425
666
29771
25022
28421
11969
16261
18748
13380
26134
5517
8017
17594
10961
23111
14499
24968
15451
1800
17023
30422
14865
21070
7103
8482
25412
32686
13553
7383
6276
27661
15285
21538
542
10771
5479
32513
32739
17117
27902
2461
17963
28402
22580
13529
19482
23417
22504
9515
28450
20393
14272
21419
28617
18048
4370
5481
11181
20664
29957
11524
14533
21239
499
6776
17897
29766
26642
7480
25749
20676
8532
7293
8170
17563
24715
27101
1269
25396
31697
4639
52
28327
22055
12366
13398
25462
3164
30476
11843
27770
26929
25641
6748
21277
25786
21108
24324
16330
13063
24017
16479
24226
9732
19852
29017
15473
26270
30957
13803
28640
18727
23053
31386
25324
16636
17127
1344
20630
14181
26802
8974
19164
18876
14703
30674
23785
13010
12222
21110
7561
25486
6389
10953
17887
3799
371
11395
8282
11444
15154
29571
25573
14514
12956
23898
20318
12167
1440
5133
6474
4084
4356
13847
1991
25328
26621
16302
17601
3842
27133
6471
17001
31471
27340
28508
17379
17301
8410
14189
24127
2327
19924
1605
1451
5946
21877
7038
31463
27919
13983
17991
11513
26579
6826
1893
25377
5395
28412
5240
17167
28691
15577
8320
1876
3697
13181
3487
31255
32774
6248
27681
2057
26125
4602
27321
32667
1415
63
7181
20590
22750
22540
13685
24330
25800
13387
11008
16596
21614
4499
19641
29754
8398
26620
18728
26929
18269
5937
14619
28129
21489
22726
6310
21406
16863
11468
20840
24603
30816
29859
14864
24282
26170
12304
12064
26343
156
4239
10481
10438
10569
22251
29431
22698
16376
12043
26695
2280
25339
32271
22870
2218
8992
22172
32516
6888
11989
1907
7897
6548
14479
30793
17550
22805
7276
18643
13519
24567
2327
26144
32063
18145
12268
2603
17853
21703
16476
22961
18150
11104
12947
5184
2522
6107
9561
2705
21827
23502
21302
20247
27540
623
25306
21720
32399
5638
5819
28796
31754
18850
8192
28579
6130
27403
6302
14972
14224
12537
26817
13204
8715
14723
7021
18923
6703
19674
26213
29005
17772
14391
26956
29919
1058
21778
26634
22521
7964
4245
1137
14643
28250
1872
15137
27587
23827
2350
10152
15110
28410
6568
21486
3164
10945
16440
5841
21305
3547
15633
17932
2937
28039
30221
16221
11764
26890
12263
3303
21331
20795
26538
10453
31010
10565
24681
9280
7462
9385
14641
13650
8944
18050
7996
28844
14258
1549
28775
12806
10322
7272
25062
30741
23997
24474
32567
14258
29566
20180
5460
27192
7311
13303
24109
23342
19054
32341
85
31014
19060
15036
14076
11748
19811
19633
13853
451
3390
19705
7928
3669
1373
12638
6339
1098
28864
8623
24989
18579
676
7689
27587
27847
3412
23125
23302
1733
2882
29458
30333
11163
15958
24405
25207
4518
22918
17421
14003
7675
26791
3212
17620
24838
27266
27715
8975
18033
20779
11725
20263
31815
23694
29488
32155
21850
843
19295
26910
10978
24004
16643
13895
358
18291
18042
16266
29920
10882
8992
23911
12316
10645
17870
32481
29537
7147
8353
9778
28243
4005
29181
7613
28952
18021
7889
31044
14522
24603
540
14171
23244
10268
21936
5916
5201
14453
6198
30237
32729
26494
5234
19103
30445
13234
28104
3592
8877
8637
22015
11156
32696
16599
20550
18247
22860
18769
9588
28966
32687
2413
28052
6310
15821
5235
21153
21605
21026
26625
28814
21016
28378
31651
30345
708
1335
28323
28033
22322
24628
18467
18406
8349
21096
32104
7856
27053
31532
12921
16290
23465
26368
26857
28880
1000
3883
4337
3423
3464
31906
12482
24460
17251
4651
5656
23535
28223
16834
17939
8705
25413
12604
8003
26077
22197
4650
25089
10051
18135
12544
4870
23010
4917
32631
27702
25303
5127
7727
20413
3953
17903
10649
29021
26935
24038
19988
10758
2860
22902
26454
10664
23633
24363
12046
31557
21356
836
16071
3914
10248
17581
26896
16415
5309
22066
11738
1277
3761
2029
20001
18176
5727
25856
17103
3197
1431
22922
6877
28309
32454
29907
1211
3338
24952
7114
1778
29778
26651
16306
11272
10730
21254
27928
9635
21229
17594
18184
10994
10469
13159
17024
5705
12513
5042
13861
1547
26824
8373
4661
1229
24300
25927
21693
31928
26594
27262
3596
31279
26258
12147
2407
434
23178
20037
28158
32003
10392
29281
27679
903
20887
1024
19114
494
2953
11505
26821
1303
28902
6808
2000
11309
14900
8503
29084
1559
13784
9324
20183
24079
29228
26875
16843
15248
19921
13262
6473
6518
25159
23098
12255
6241
31930
10116
19281
12378
6431
15268
4167
9657
4992
18248
24132
17733
916
18716
10199
11166
30355
12361
6933
7128
31560
2107
11846
10601
13416
4520
25823
14661
25890
27854
24753
7751
11255
14588
4959
21715
24524
19795
9237
8634
17214
28366
23927
6237
565
10112
14296
19478
11708
8989
21421
12499
10768
13500
30785
28420
17142
27099
27306
11960
23122
20132
12539
7682
25846
18287
5563
13986
10680
9095
32662
1761
30407
19761
29011
445
16703
15082
17926
6726
25338
1521
32135
11848
27306
18949
11554
1066
12836
12912
26768
24598
12031
22596
14118
29787
12638
21989
26957
12559
1290
13255
25138
14072
10436
4729
10687
29101
4057
13795
23241
7416
8694
21964
16779
14719
27966
22431
15955
13475
16026
21870
16507
18345
5200
5687
28059
21015
7896
23398
18685
13153
17387
10140
28497
26565
22492
25263
15010
27764
299
32498
25225
12018
31320
950
27809
3007
9717
8464
314
8247
10495
12509
30802
29623
32622
18692
12993
15361
16139
17147
5043
16610
31874
23693
11867
8978
1720
21978
31718
2651
27742
12447
11694
32509
32711
29879
28593
29266
19702
7650
12097
15022
13820
5830
14845
1673
10625
25907
18687
2784
10144
27563
19543
28888
2296
25634
2744
18085
15359
30722
26994
30634
27802
6514
28832
4065
18923
472
24483
20094
24170
31132
26063
19407
11832
19760
21347
13927
4016
4941
22207
27515
29246
10367
6609
28300
1908
995
21457
1094
602
18735
9006
29865
24838
15348
17352
14438
29805
30752
30047
5516
6777
5063
9803
28515
24156
3619
13934
19864
29475
12249
26216
24219
15502
16509
18185
31046
23071
13657
15628
25023
26737
15722
27906
21919
27851
20140
9100
9044
7925
6296
3533
20676
1354
32746
22047
5426
5903
1959
30981
10854
22787
19295
26210
14600
10295
28335
17128
25678
10016
9739
24018
14551
235
15546
11990
726
30480
15394
28757
20338
27946
6214
10710
7533
26374
1421
16050
260
11514
23493
21776
16151
2680
10855
10516
9098
23266
25117
8276
5867
22688
14209
12684
14165
25201
9000
29842
30868
11006
8927
28300
3977
1717
8244
28256
11472
19412
8249
3436
19105
30916
8324
10360
4596
5289
17786
25832
6889
32311
15822
5686
3174
7367
32580
6048
24322
10154
16571
28190
18210
30653
21866
18071
2657
5949
19818
9300
17462
989
32628
21429
24017
22294
24557
29987
15685
18623
18719
13381
28652
16349
6346
32631
21511
26044
18139
21368
1446
28479
22907
28514
4808
4212
23115
1248
15042
20075
12526
14491
15589
9033
1737
1781
31323
10392
6150
24826
28498
15329
5599
5523
18269
20861
32281
23293
4374
27048
3022
3194
21769
23511
9584
28743
5069
27724
27659
6605
28532
24551
20426
15387
1062
575
19901
148
13320
20977
15065
13797
27234
18232
16449
27451
6658
26814
27844
19378
31451
8882
32678
19984
19186
5147
20643
3251
5755
18028
31025
22984
19262
856
8966
25534
6976
15591
8154
32250
29344
15306
11886
25037
1215
2028
4301
31651
13475
16201
22481
6269
23710
20227
2026
1953
14634
17074
31515
1167
31512
7676
9285
32056
17642
29799
6056
2155
6013
13162
31911
8336
29163
21194
19659
30360
10415
24356
1035
28980
14346
4805
9803
11333
5542
28866
15906
3220
17786
5702
14560
15300
13805
13862
17360
8325
10046
29371
3770
9994
8739
2544
6060
28092
16816
1946
25594
10800
21627
29192
19076
23126
6398
9435
13111
5620
6460
19992
28631
5203
27048
16764
4603
14905
20290
5648
25177
17430
4355
16893
23875
24706
30843
10400
22642
20199
17849
20193
13827
22139
6763
10689
18623
10610
8262
15155
19871
2161
28328
28973
7823
14917
29564
31486
627
11221
25439
2274
15976
19541
29952
10708
19532
31165
27597
15267
23168
4474
13772
8520
30956
31075
8390
13175
5956
13550
27307
8052
14474
23204
12594
10280
32725
32210
1216
32116
31312
24706
8843
7621
19077
425
6655
30185
6364
23458
24929
13089
27998
26331
7602
31607
22207
13519
8662
81
668
14132
26869
8007
11009
1909
4130
1330
32046
16994
4922
1925
23963
19495
20751
10209
11577
4218
6854
30179
29691
4889
21118
17217
5269
25716
23859
24085
28036
20134
27617
17784
2894
20138
24556
3155
20491
11724
20159
24178
13348
20317
26803
23514
1115
1707
18227
15965
16651
2353
26143
32107
689
20746
19565
25643
1964
940
10262
19914
20289
12498
24880
31764
26082
32186
26711
15425
18096
4241
17490
19985
30270
20524
8948
16667
15000
19448
28991
15457
5252
24628
16080
25641
24071
27229
28791
21000
12843
8682
1573
21312
512
26938
30731
24908
31457
10955
28416
2232
8696
5804
23587
12854
18693
21557
13250
495
16474
31733
20347
16663
27178
28140
15265
1476
4868
22522
29666
3328
13211
152
21286
31516
32712
10694
15033
30280
26322
8260
13485
20321
26860
19205
5498
11530
26111
20193
24808
27902
18858
6794
30255
12197
14472
28353
18268
16869
8881
14026
8182
22842
24451
17693
16098
22025
13986
18526
18308
49
31293
3215
20007
29156
5779
23685
927
9397
15030
6040
17452
21745
32399
20383
3490
12083
10787
796
8391
31795
532
18355
20989
16095
15723
30945
19745
30893
2196
16106
20658
2095
14762
531
9270
21992
6646
7698
19929
17246
26802
27075
19288
4208
31506
26396
21021
10986
7557
12131
23212
7255
6712
28574
31549
2582
2267
2380
21930
31664
19369
11090
7308
23401
23970
30520
29601
25877
22043
1685
12146
30509
17785
25800
14386
31266
20282
20713
5096
20977
9525
23552
23505
3576
18466
14196
8447
19208
12636
18374
1095
31675
18918
20350
1370
2824
21164
18022
19762
3348
8716
12535
30640
29259
23189
3089
8323
28848
32527
8431
14155
6001
1979
21849
24318
16575
23772
19483
23691
21980
23157
27063
22718
6518
16725
4439
31076
27699
14673
11781
5551
16269
18641
23582
2524
10976
25998
18180
28178
22209
665
3860
13454
12946
16288
19416
29437
10323
7533
32381
23337
17083
23471
2183
9944
31112
25597
31427
31473
6163
26136
20605
1505
29223
2416
27380
23869
23315
22506
24843
24233
4862
17889
30529
6136
7803
31595
21475
31381
15454
17117
17281
24097
28109
16529
8606
5725
17562
22502
14763
8267
27600
24969
13367
10896
7819
5875
25696
32029
269
22323
2445
1038
4111
10478
22879
466
6741
7588
26084
11405
30853
31284
13326
15034
30521
18595
5732
8981
10067
14105
8184
5048
2193
26668
17305
25732
16993
6241
29513
2242
24310
15600
21490
17418
15515
32712
22868
9828
10567
15571
24130
5038
23666
25723
3342
23102
17192
26477
11330
7368
21084
3997
9104
4993
21374
27274
19724
26756
24400
10435
26265
13173
31477
5802
14241
22629
2890
4728
16138
19958
4730
9089
32101
3776
27597
5818
12136
14835
31169
17528
3230
10045
31324
25466
24157
29166
30144
3370
761
16218
31488
22304
12599
17534
7986
9704
4100
20199
29382
7429
30311
21712
24854
20533
26549
20619
11837
6647
8196
27426
1837
15179
17633
14909
22524
10425
3654
5446
23679
10388
31686
17868
7962
9856
27147
5925
22998
24626
7298
2392
28084
20343
3925
11066
25666
30072
9626
24534
12139
27452
1994
4882
7059
23406
18036
8592
10212
18785
5426
30675
14562
18769
12765
11427
22854
3564
19453
6834
32009
28432
131
15743
31423
19927
15803
21883
12070
31185
9084
5995
32511
31632
13218
27405
11036
26730
26301
31998
10939
9082
30987
10203
18
12264
932
30886
15147
30826
13813
21100
7922
12299
17263
29989
7309
12332
22912
27612
6379
30664
12739
9744
12448
12284
5236
16473
28144
22982
24358
16463
9513
2317
25528
18343
27447
20705
13189
671
23154
17669
10971
21917
6586
13482
20655
3602
22982
638
24206
6821
15545
15845
1239
3726
23542
24966
16168
29759
24630
23306
19734
13130
24536
16416
8993
3455
30584
21701
26598
30548
20674
18114
20887
20363
2952
17014
30633
14862
15635
17621
27852
8734
31159
20145
13600
10156
7338
23865
27814
31751
16919
19391
12789
29112
10093
702
10542
17322
26109
6171
11057
22415
15300
17579
29969
32638
22149
21238
27590
32481
21788
27450
18466
22158
29454
24755
16135
7220
4708
25626
31190
24825
6074
16236
29482
27489
19603
32492
3015
18546
15343
11115
27597
30742
15648
31175
1074
14528
8409
5042
17518
13906
13448
23988
22648
8255
4069
24179
754
27372
24779
11059
26528
16477
10568
32153
23071
25613
9200
22196
1236
3613
17014
21310
31778
433
31357
5406
4576
25240
21675
26162
32010
3627
29183
30796
10678
31607
31589
26234
17738
26270
12168
23435
23277
19322
744
462
5179
29572
1580
8221
29245
6900
1721
2074
4760
28970
7555
14777
21764
30797
8227
24575
29952
2098
10283
2825
27589
30847
9398
19279
11896
13840
10819
4650
7331
18329
29891
31636
13030
1421
20464
25903
21994
2367
23009
30346
18839
5960
21467
32415
10375
2344
30059
19104
28602
31280
30129
23027
29323
15263
16127
4987
19170
21515
163
24601
6572
3586
4864
20082
11144
23026
25060
9203
21955
1862
20757
32531
8071
6354
20269
28376
2895
14449
2728
9117
5278
3564
32060
7442
13809
32030
16745
31108
2802
3926
26192
19039
25326
3069
13768
4593
22409
1145
8367
20080
15281
22352
17790
13887
30416
28305
17696
2413
8262
15728
23045
7295
28438
16688
25970
111
20959
2374
26395
27636
17167
2747
4851
18948
11603
17106
31043
4503
29778
27883
29945
19119
30106
20391
21571
25749
5594
25933
28509
16741
11859
25452
8616
6860
28297
26050
22779
9233
1598
16477
12093
3410
11168
15616
16948
19473
20930
18376
15768
19695
9033
20239
19308
29366
5480
23185
24206
1693
9998
7629
2956
32200
8285
2479
25529
14351
26207
8555
1664
7168
14068
5804
23801
13351
24847
28910
13242
12685
19746
17448
9968
30590
27095
15023
5294
5263
20737
30295
2436
19680
14546
3291
23380
6559
1358
9087
26209
16845
3583
28147
8361
28741
27627
5243
30581
27386
25539
17741
11054
20352
16477
30010
7538
30926
12644
5009
17767
29250
591
13633
15951
7141
15759
31549
9309
25585
4109
14373
13255
14736
211
6434
24093
7399
20745
22034
18905
28755
6180
11493
28727
28402
28762
11334
19783
27750
18265
4478
22080
16853
10040
15766
10775
3124
2990
1468
12368
8134
6018
25321
6677
21727
15938
17600
31109
4590
13880
3000
25422
14010
18074
28285
20094
19692
17921
20116
9878
8654
23836
16446
17376
11602
24998
18848
15875
27222
23957
7456
19669
1062
5781
21266
11120
32067
10676
26260
12680
13155
3935
31158
5884
25784
7053
9439
5546
6773
20026
21868
23944
7311
2071
32665
3825
21184
30592
10149
12092
14034
20910
1585
19347
15386
11310
19434
15874
20547
2705
18535
18639
22861
29798
30804
31754
21716
10085
16081
6500
31894
14829
19989
27205
5168
16817
855
15384
17448
21166
14830
30442
9776
27232
22967
563
26281
6965
9399
27635
8039
3138
2049
1537
20404
8500
29658
28064
5527
24202
32540
12628
3158
24066
23000
2292
29753
26449
21311
21503
1937
279
30403
21043
8441
3602
1145
19036
5852
19090
18626
4971
28727
15917
5930
13255
22176
30131
27792
2792
27016
6501
31880
14625
22205
13153
11773
14781
23602
14945
19227
25422
5891
13477
26731
16962
17332
1838
18240
439
21434
17709
14163
22161
31804
5051
15274
8393
8730
30154
30398
14087
18223
5212
8668
4212
23763
22259
5068
16585
8100
24648
6833
31405
24711
17215
11568
3133
24297
1051
14036
2540
6219
14830
945
7053
12541
25684
3912
8110
23081
18785
15019
6440
22804
28632
11746
6900
5025
2462
26764
9792
17943
25198
17865
11970
17955
9933
30552
14669
30497
5953
15357
18594
21399
31678
21798
3208
12290
27489
32717
1823
6870
15457
29856
7281
32192
12354
13152
16458
25646
12363
7559
13898
2833
11835
9261
6200
7649
32056
3372
5785
17634
14088
4995
10113
26791
387
26360
6058
20180
18504
20226
12739
29736
16048
29925
28682
18362
15872
6431
27677
11138
21475
14339
269
24092
5399
24996
21429
12745
2150
18676
13642
13495
15832
20013
5171
11906
26151
2160
28442
5882
32371
4780
32323
27175
25655
8130
1820
32138
25980
6631
3606
15014
8524
20809
23220
25279
19562
32245
481
16354
11840
6392
27271
26405
27161
20676
93
28720
26768
7382
2305
17916
30024
13462
20294
29915
25822
28031
6351
6585
22300
17535
6621
22177
26992
5793
23397
28803
28060
19689
18278
31284
30894
32639
20345
12470
24115
21521
25002
27834
27560
7026
8070
19811
30769
29319
2933
77
7310
27235
8266
19150
10058
31665
1817
14459
8501
18770
24392
4846
30229
30280
19689
1735
5529
4819
16711
6641
8334
25817
12735
22311
30293
3979
12498
21174
13973
24134
7544
27780
2861
14007
23734
29521
20077
30275
20850
3389
24965
16038
1671
2442
18237
30170
16149
32676
22247
32058
24858
24414
7058
25575
28231
22143
13185
6251
32524
12157
17372
23964
29686
3464
21668
1731
20794
10698
10476
16126
30866
30190
26439
24547
13639
18399
9853
7014
20111
29394
12930
31997
5146
29062
7592
1538
6376
1482
29203
26968
4189
28993
5997
10833
407
11106
16604
8911
17663
14530
30513
13482
30
1942
4963
10834
5043
30067
15675
2742
12290
25177
16976
25700
878
29936
22838
21489
14154
29713
9459
18843
12013
22920
3250
21037
15620
537
15292
26403
17197
7873
23971
2575
28609
19261
27328
12091
3568
28113
6368
15248
7188
17474
17467
6582
7231
16932
25766
10877
21270
9308
25353
5244
26851
24029
25362
14072
8421
16821
21803
17415
6891
3661
25770
17908
21281
15852
5704
5094
21545
16510
10965
31165
20333
660
6698
5949
4020
26027
14942
14958
31220
3505
26429
14658
4199
10181
15861
3705
11233
3647
16659
15810
24417
28144
30894
17187
14822
20651
25314
4506
23172
12547
18561
25861
2742
31575
18948
27455
21238
8204
14536
2188
15755
6938
4215
15159
15267
5322
9411
25209
24737
32702
22363
27805
26552
22577
27159
12386
14265
26752
16758
30113
22825
14057
11083
28975
4759
147
32179
14341
7980
26063
8778
28062
13188
11166
24991
12705
17596
13939
741
4288
17869
8762
5099
31968
20248
7064
27982
4218
25666
24181
18157
8513
19521
32184
28829
26117
12215
22609
798
13271
29055
24445
7502
5742
30086
4677
413
18377
18909
21064
10177
19222
26124
30139
5803
11987
29864
15022
6841
14899
23336
32657
11309
2499
29684
25846
6622
24397
11967
15513
19501
10492
2839
27037
13371
962
8506
5656
15193
15607
11564
25042
18112
5955
20486
28234
9091
22205
31633
27642
28353
22612
15379
3292
19999
14447
21609
45
3189
19664
24662
23409
28360
30142
28955
5303
21881
2659
22600
29214
32187
25715
5329
4760
30538
20238
5732
29678
8795
23784
19194
6661
18894
27047
10925
15199
11691
19084
13769
5860
4556
29270
6437
22243
9431
3171
27828
9556
21360
21273
16471
21856
23468
9604
27381
17955
13512
8256
20430
25264
7963
15770
3596
25429
28745
16626
20123
13345
28602
29028
9275
9380
22346
26535
12756
17654
19522
29492
2825
5115
25736
23211
783
25316
3090
31603
24000
4601
24224
3233
5867
2710
18859
2332
13295
6772
2712
1278
21384
5162
23858
29245
28648
22772
28247
6282
1802
12210
26353
17529
7491
3380
9001
29155
19994
12724
27095
30089
24409
16292
14396
27129
2660
12203
30195
25526
28618
17898
9509
12435
26906
27779
25341
9824
11512
5980
19547
17608
31087
5408
6861
11898
14473
29063
3515
15751
21277
19672
29665
14091
9705
19628
26882
25104
19680
2548
7131
1455
14533
8253
12375
4728
17145
16947
4609
31509
13202
30564
19134
41
28076
26439
12732
29566
13828
21885
1702
13920
18371
13142
19738
30532
11159
27287
31836
29358
1288
17787
22348
15185
18954
6135
149
19831
6350
3650
7976
29091
8158
17557
9961
12917
19561
3120
6567
27087
13019
413
21586
10550
26033
22584
15464
379
11916
32495
25009
28058
23940
583
26668
25826
8894
20383
20041
22614
9793
15801
25432
8020
20997
32374
578
6004
589
24033
25719
31667
4151
29295
8487
14033
27282
8838
11445
13559
12527
9019
27753
30877
1275
21600
12901
30379
1548
7614
13786
32222
11001
12703
23419
11630
28207
22672
25138
16110
32769
10852
18450
10099
29504
22652
31630
21496
6156
27974
11496
1281
30953
9476
21484
3455
11798
17359
15837
30964
31514
3291
14256
23767
27295
16124
10360
22842
23683
14953
12322
3242
14893
13249
7778
32599
17693
6219
21997
18805
13255
1922
28649
30945
4258
1489
13217
31240
3964
19611
13950
2053
19728
23422
14387
26633
11482
11993
3895
29696
18730
16267
14712
14449
10616
12286
25934
10662
13047
19045
1709
13326
1900
13377
19616
11231
17985
31530
2802
24575
25557
24268
27694
21541
2839
31792
32715
26172
15699
15933
30880
25352
9292
14206
12190
19979
19082
18725
16061
24746
11765
15184
18487
1164
24739
10892
15861
19779
11247
28311
15686
13614
27083
24171
21207
8605
2135
5495
15072
29239
27570
7728
29083
8089
8719
9672
10234
11584
7692
7485
28825
29353
27456
27542
14578
32694
4371
5482
25296
8276
6099
32161
4614
17243
25604
9086
608
18614
23543
478
31194
31427
2974
29626
11024
14076
15006
16883
7158
2520
10406
15951
25801
16876
25599
4030
23365
15958
28261
5091
32281
31835
9238
31183
13464
10319
6440
31248
14001
13749
24863
20458
12577
17064
29887
22500
31207
19066
10783
30599
26872
27546
29439
12898
10549
17595
21851
4177
5530
11570
21057
14591
30392
19616
11999
26794
13413
21970
21472
8742
20402
26853
14073
16933
14621
24750
702
22453
22280
3929
28859
26122
20586
11855
2496
29566
28613
1374
16508
2518
12888
3348
6733
3015
22421
4203
23127
953
1237
4524
25300
20426
20811
30349
16554
20246
20022
16284
5443
29750
24411
20193
21145
24838
30643
447
32144
28587
3681
8732
27273
19669
24550
29378
10292
1858
20376
23300
3237
14468
32081
30116
6315
11011
25444
1780
9565
8517
4309
7740
4085
8813
21449
26204
22498
28674
26683
27058
25368
2290
32497
19774
23723
24023
12462
18180
24988
6776
12714
21426
28659
10387
22847
28547
19469
20442
20965
22115
20536
5947
1376
3924
23165
19300
6456
18192
19645
20103
3946
15856
21248
5466
24413
19724
25609
30051
6935
18084
12334
10354
29873
13759
29286
10607
14344
16657
22436
20053
3254
13602
28771
17279
5185
31149
24706
19491
14481
30278
16723
27676
16040
10816
27119
24300
29069
31694
4556
32769
31113
616
401
2103
13206
20593
17960
17567
7445
22
6677
10879
10175
1913
30983
27801
2526
6159
4525
30128
24253
3398
2507
27721
11101
11884
18573
9135
7017
18380
15131
7737
2668
24346
18285
1231
11586
1809
24929
14251
28621
5722
30219
23645
23273
17840
8524
3346
5793
31042
24998
3349
23715
14680
15950
9878
28401
7738
4995
5547
26330
13134
31007
9364
28713
5504
30572
23875
17564
20710
32312
29724
31639
16804
21036
20473
538
31758
25689
21361
20209
13
18452
19290
10026
15300
15108
9868
1740
8563
29561
23272
454
21659
10495
7065
12582
12899
2868
17562
139
14650
6870
8056
28637
5054
6432
25946
7483
19164
343
8766
11061
25401
16544
23941
22332
27089
8212
11186
21590
13279
5398
3439
15895
22012
27620
16337
14284
5770
109
25052
3065
24403
31075
4938
24582
29294
14736
28808
20533
26211
31597
4098
2007
11662
19185
25760
10688
11465
20903
10640
7416
9541
10499
15175
4531
30137
9974
450
21123
30399
22720
20498
13773
30330
8198
23831
17274
6013
9764
14732
25326
5864
6596
26435
9534
15828
27312
30130
32669
498
30692
18351
2584
6510
25576
26232
5764
1562
860
1526
13236
23496
6612
7747
28911
17911
22759
15977
30112
4275
21891
31853
16720
14518
26499
9868
10194
18131
10116
6596
23997
31381
32500
24982
10528
2083
32363
1291
2672
28006
28223
9461
29125
8814
19795
20343
21574
10514
12847
11463
13794
16343
16982
26931
31554
15380
13267
98
6139
20307
3350
19933
27911
15353
5886
1741
27510
15658
13623
263
20321
9703
6342
27461
1824
31609
226
23222
6844
3859
32262
20922
10151
23219
27460
9190
17579
9545
4572
23375
25121
12827
11021
773
31331
32616
13355
31453
9860
22603
18674
14452
27454
15843
30746
6512
21035
27569
17963
11017
9016
31553
21139
2761
21080
27405
21238
17551
30069
3230
22725
20954
22188
7668
5394
7748
30393
4648
3747
13645
5040
19792
32325
32090
2031
22435
17762
9214
5456
19422
13014
8055
28835
1254
2559
27004
8539
20142
19
22326
2439
7771
9143
12940
10756
5542
25293
30883
30449
21890
8845
24997
20580
25599
7639
5570
29531
10607
32199
13173
30454
18631
24715
2825
10723
22344
17009
13147
25625
14174
32068
23521
8393
6856
20953
32747
29841
28665
12261
24361
13300
16062
12305
24430
24071
14370
29777
15283
8044
32143
25201
9311
388
25397
27889
13510
6625
12719
24082
25071
19962
10980
22833
18074
32547
22060
1620
28801
12988
22453
7171
4831
2728
22308
15193
16943
8705
14719
21082
7478
8713
12874
30855
1859
9060
28656
31152
22454
12165
26469
778
8895
30311
778
9857
32616
3197
14545
10319
28374
17643
19361
19150
18635
31734
15356
3210
20848
26041
11231
3227
23634
13594
14825
2354
8362
12029
6080
11377
8929
32184
24497
7040
22355
22726
28054
31709
25172
21695
16125
25331
6512
28551
7814
25583
10743
11462
7821
12239
2234
22169
9993
31675
3855
13960
6836
8601
26907
23223
22381
11996
14672
15200
5594
21916
5428
21632
27729
29676
16228
2001
30969
9576
17113
23289
30508
4877
21355
26113
17440
30030
6035
1544
5831
31843
16245
10297
28403
4837
3358
16634
32702
11928
12810
17254
6441
9096
9705
11518
21763
11607
23202
31131
2829
8917
29081
5032
20571
2001
22062
5261
1533
28975
24966
26990
15071
28475
27533
12310
25838
29245
27963
24622
13692
23886
6167
5299
3302
15209
1786
2471
20852
19141
27670
8710
11648
21090
24630
2555
30939
30178
14151
18772
20844
31643
32280
23092
10010
14570
1374
6151
16109
6346
7675
6843
29039
28837
27264
21038
10329
5994
27120
30178
24427
29407
8135
7416
11420
28473
32058
4700
4979
5354
28609
14653
10165
12474
14547
5568
17216
16921
29424
19957
21303
9139
26597
14090
95
8774
7244
17086
14025
30128
13394
24857
20658
20557
5565
10842
26791
30847
27437
25906
5869
8334
27809
15663
7711
28851
4414
15739
19225
30575
3660
25542
3093
29729
18306
24449
788
12248
5251
20813
6016
22630
32680
7859
19215
4534
25088
11797
21994
12639
149
7908
19983
22648
3825
21012
24051
24495
15073
22221
20076
18837
9593
3940
26575
12092
27992
8841
28245
23300
11822
3266
15812
1458
6523
26136
18507
27074
3225
12303
31917
8447
18428
16348
22434
80
11193
6355
9338
26069
7493
19231
12547
11570
31359
10933
30893
15915
15857
29323
2796
26994
14419
10244
12510
1980
849
21167
5678
3866
4495
23602
31032
4743
32745
11393
9837
24509
3071
22100
17145
12110
21489
26583
10916
6895
17255
13219
25846
19991
20949
9709
30111
9417
30205
31229
3094
11437
29365
25570
22143
15462
24810
613
31698
5408
6885
11579
314
17000
27853
29567
7867
11329
11885
24159
18200
3956
10808
19477
26356
20519
30090
30489
7991
23217
7729
32148
32435
1709
20780
32024
32520
12365
24242
5775
18628
31730
16247
28274
719
30713
32554
32060
12551
4311
12354
17437
26151
2920
19706
14834
19693
31108
10650
1141
19580
23764
23545
20913
19455
27619
15424
26042
22927
11640
25328
12442
14423
24100
18471
142
6645
21527
26655
9331
1828
21815
4343
4731
15256
4980
15798
26404
31018
17237
8845
20587
5685
215
20060
14652
19264
30328
1400
18734
989
31375
14764
3181
14032
5854
17277
22519
2420
11882
16562
15884
16987
13707
15380
9951
20277
12351
627
24978
25075
27331
18665
16737
26924
8293
2147
6942
26559
1172
12892
14045
28602
25145
8940
2544
17530
17738
29698
19734
26644
25243
5613
17135
6132
12792
20770
17075
31940
28274
5433
23332
4496
28918
14648
8641
1575
6436
4372
573
8388
14429
31861
8751
25325
13086
21178
11531
30108
19597
20541
7249
8349
20562
26840
20484
20791
3752
9128
2910
29710
24244
25616
10690
9800
6933
17409
8178
495
19644
25465
7554
2454
30718
20810
25229
30528
16359
28957
7590
29309
21458
694
26129
29142
23350
11898
9780
19307
21443
15150
2632
14555
5550
20737
18260
21092
29257
28109
20060
17740
8406
28314
16341
18815
28061
21092
13149
6777
24380
6686
10153
30566
17983
27126
11967
28296
27376
20443
10853
30682
19824
21308
11481
8947
11271
12819
20930
23596
17337
28451
9063
3333
32538
5501
24607
7109
1891
21833
13320
3681
27588
24003
15100
21663
21244
6276
24257
32123
27432
10755
25984
23498
3032
23387
17529
24093
15976
20815
2804
7656
8334
13451
31099
27108
21807
12076
6470
20401
30583
25475
26615
26816
17448
16406
27528
28272
27954
21736
17025
22903
19333
3579
1134
4228
25379
30482
1680
27171
28025
27835
22739
1504
24047
24205
3840
16559
5310
1711
10804
18571
13313
15002
13969
4958
19216
14623
28979
15649
19465
6571
2661
4420
32687
16586
22549
17232
27512
32234
3206
6859
24033
13922
17733
5724
5381
16818
1630
18991
13166
23308
30159
32155
30507
19476
27453
19458
26402
13541
10214
19705
27304
5460
19159
1961
32591
31608
21855
13685
255
31594
21443
6110
14409
21577
32307
26019
8951
26241
26109
4908
10984
24397
769
31272
16155
15739
13669
9334
777
4976
3978
15937
2104
10859
31806
29552
17933
27406
5427
15421
17378
12058
15791
23843
10584
24698
21894
7678
10478
2435
6214
31854
30931
14970
31921
23932
19961
26710
10352
640
3435
10440
19461
17730
10208
28537
31490
24415
21392
12435
21624
16622
6214
3202
4019
14948
25015
26876
16676
32181
3090
6974
27551
15036
7896
1945
12743
23261
10734
23086
15302
8169
30961
15606
9537
10817
4297
12037
1930
10815
11137
24847
29720
16593
9813
15147
29493
21351
5645
28631
23287
22288
30090
16444
4721
22239
8863
21940
5418
14740
7458
21642
19151
2680
15426
3073
1828
18825
19994
26519
17984
1751
21895
1418
30970
19758
23095
5788
30111
8181
32515
27411
24806
4182
21119
20741
8997
11680
3535
10194
15812
21737
13756
19698
5362
9207
20999
17905
408
4961
12028
19383
16267
31729
23883
6925
3078
2893
25620
11869
2135
27606
22849
17593
13528
9169
21528
23071
6177
28613
28176
29948
26236
7203
17892
27886
15770
8748
14567
3790
18564
3088
18071
16878
24531
25683
21108
4767
31268
13429
14355
17911
199
22226
25966
23249
23735
8135
28542
7188
20431
8726
21772
10297
28218
4748
25540
4615
19500
3809
29579
32417
13263
19423
27666
25795
30593
28358
18603
20809
13372
5616
3676
21745
6229
21681
26674
32609
618
9857
24024
2924
3222
7517
22632
8337
22502
20330
27009
19908
11281
18396
2202
8562
16227
32534
14998
703
15099
7698
22424
12306
20278
4356
25368
1747
27755
11578
10807
30835
29657
28231
7247
20653
29917
3680
4559
12556
19049
32262
30022
26030
11441
32486
701
30535
2855
26109
4426
7784
17066
18687
6882
31746
1018
6906
30319
15142
32368
31798
30754
14
8940
16737
27659
18529
4878
30184
7911
8371
4265
23976
26937
21323
372
14790
28828
29738
23299
21723
4951
28233
2806
6741
12850
30241
12145
15642
19592
1392
13260
12654
8862
17467
9611
32278
21043
783
21904
10429
8536
10893
6543
16792
27522
17446
16835
21062
25822
34
5855
13306
10212
23783
29768
4315
16687
21368
21121
5291
11660
11580
21990
4263
32337
26369
13726
5807
6128
17728
3787
20391
16075
32162
30723
4381
26186
6596
26884
30252
30251
30519
19107
32672
31258
2252
17158
32602
28546
15630
4627
21239
9634
11791
4648
12716
25571
32360
12557
4468
19049
1915
29991
26478
8424
15611
25326
18304
1977
27055
22177
10049
16173
10610
9784
18454
31009
17535
8090
3227
26834
20459
14096
15684
1267
14195
31225
68
12285
5240
6592
2221
15047
30280
8972
16601
30038
32671
13622
29706
16886
32110
19968
15181
24201
23258
32132
12708
22560
5768
5738
13155
23752
7448
11870
11483
24487
11503
705
15414
17223
10042
5535
10914
32305
29231
5858
178
28094
20630
28101
14848
19242
21129
30347
23576
30442
17272
18544
29841
3647
14704
6112
17021
32524
10652
2279
3844
3557
9740
1513
31051
616
10421
28307
14747
28112
4025
13073
8127
16327
12009
12161
20653
7548
6792
23464
1897
12022
3922
8932
23847
22184
7101
30818
23728
1861
28287
31633
25862
11221
28240
16599
8011
22025
32497
4738
3039
9931
5997
15873
27337
9498
3487
16724
856
30485
15092
27841
3849
12629
24179
19657
19372
12416
24570
28762
30915
12571
22730
24390
17451
6560
1349
21748
27134
10961
1015
4950
2999
2635
1492
25114
663
23390
21440
3621
12616
23068
19797
32061
6337
11440
17632
10757
13417
24306
23724
7215
24959
15416
18820
12525
21945
31598
7795
18344
26923
29033
1486
9973
14187
15736
2932
11717
23539
9276
23637
9435
19910
3258
7985
17540
7767
21423
19106
17026
8102
26915
7261
31817
13740
27713
5557
4462
22265
14694
8545
604
156
7800
18046
10057
8515
10617
3288
4968
16291
17756
30309
14432
24602
6423
12818
24062
28051
23801
27586
16934
10667
6718
23956
29968
26642
2273
1637
17841
6451
32689
10647
21110
26647
10919
31760
4664
28550
31607
8837
26989
19056
2149
25848
8091
908
19802
15231
18707
10303
823
6216
30939
703
361
4826
20204
16248
23998
22685
13981
431
15990
1693
26976
11109
4766
20619
2476
23678
9369
6405
27194
27938
15104
24342
21876
26468
15276
9473
26923
17441
1296
13370
23176
28459
29132
25270
13893
22183
14976
15716
28956
2484
10718
15356
23680
10830
22276
25079
21388
13937
23048
28894
13369
27777
11988
4040
30931
20201
14900
3103
1454
2819
9517
6050
32533
18232
657
10160
15235
7272
29392
22979
9750
16011
14865
315
9536
6297
31873
16989
22976
24488
5355
24219
18896
24916
14730
5653
19616
4452
25371
16993
18948
6827
10805
3719
8809
30507
3805
28752
21262
21377
24150
18113
10865
16765
11062
16866
8455
32272
3007
30660
10799
20075
4715
19137
4457
14437
13513
1286
14275
6685
5256
19791
17813
25825
24273
22770
9326
32591
13787
32543
21838
4794
22713
4454
30486
18384
32118
7545
4412
13945
4451
31796
30403
3330
21424
20954
21867
12922
32314
25506
17701
26716
28836
26226
27593
12143
4521
10986
2315
29675
23216
19108
32428
17629
16801
15034
10477
6860
29944
26505
6985
29085
7704
15797
5475
14772
7649
17518
17470
25692
30596
11505
9132
3945
23958
31569
5129
5148
5476
11383
30760
32070
9351
32103
28558
10416
31928
14278
222
6075
6629
10137
18581
13124
18052
7760
32759
1738
31271
9987
28746
14035
1616
20475
9793
13963
1415
11636
31163
175
16555
31137
15790
22441
32390
30193
11357
20733
29091
29073
25554
12259
14436
6450
1672
21301
9039
29708
21608
14988
13737
12835
20470
26279
5190
12233
17357
6412
22175
21092
15433
14065
28197
8817
18819
21340
6101
18121
7554
9354
3085
17699
23215
26766
24734
11227
9866
32058
20770
2290
21660
12098
24976
21077
15788
1183
3853
9058
5942
1586
773
29608
24345
19626
31867
10990
12176
21671
25501
13943
3939
24095
15260
901
4703
23298
26298
796
24067
12569
28837
6920
26236
21300
21251
10274
30676
30084
26702
30158
24422
24902
226
20168
18837
11169
20052
2849
10173
21458
6406
16260
12906
3206
29688
29118
23496
13447
25313
30333
18011
17051
9855
23640
5104
10410
9003
2064
8404
29214
5552
26134
32579
8591
2653
21837
18211
4512
19033
12048
3571
23844
13111
4215
6910
4742
11466
18646
11220
13927
12603
4487
23802
22920
7000
29418
2785
17899
12079
31401
16149
1845
4316
10049
32183
21079
7583
11454
1837
4205
23346
30405
25112
4326
29017
3032
16774
9958
25018
13782
7018
13800
29167
5057
841
29096
31706
30916
7477
21824
6200
15477
15615
5521
22393
24663
1449
4836
31952
11939
7450
3537
28550
13896
18453
9057
22163
18480
620
21615
4719
22981
26481
7252
2342
28852
32430
23235
30891
31728
16598
5361
17262
15867
26875
20985
27440
11361
26112
5760
11798
26757
82
17300
31229
13727
2003
23770
10766
4102
7703
31209
17042
18859
28883
26353
7943
20454
30866
14496
18035
32374
4010
22342
23032
9155
30063
17719
20905
6757
4518
9329
31644
7146
3133
16254
28992
12500
3385
6556
30449
25058
14575
18972
31178
3729
15479
9992
8123
3297
32350
776
7643
30300
18331
646
18687
18005
30916
19473
5259
11630
8066
6143
29576
15965
67
25431
20471
22511
26670
18926
3173
28748
23388
19407
17344
9598
29509
480
15209
14125
376
1475
15242
19884
19088
4347
16810
12858
28003
5968
16767
23681
19068
24692
26627
31075
32716
25830
5322
20214
19612
29207
32146
8653
29126
22988
12316
32634
25125
12483
26170
4688
22346
24729
24618
25198
7792
4331
14626
10233
12722
11196
27180
4776
29052
278
28468
10886
4672
19956
16991
11763
4714
10848
8607
4332
19605
8921
21125
397
31231
247
22614
5588
14650
1874
20576
1704
27941
9375
26766
7194
2075
25116
9275
12010
5994
4399
25412
25421
8967
31817
24417
237
13696
7953
5045
3122
8241
10687
17059
1216
20411
21445
3556
27969
17586
16821
21718
100
1174
607
19735
14117
5893
26425
2387
1104
25390
15365
25178
26944
393
8621
30326
18413
21958
4210
13051
5670
1283
17733
7199
22042
7233
7797
18188
30749
31513
11147
14900
2473
22187
29811
10213
21923
26840
15324
14109
23008
8113
16608
20127
13800
24878
17384
5702
30458
14116
21194
8858
25936
30577
8245
32417
13987
15481
27215
2040
18930
16855
13468
20769
20608
31052
22818
32287
2076
27643
13515
20288
27300
15321
29450
20027
30412
22879
15553
20858
30236
16770
20067
18873
25656
22500
14678
3536
23396
12620
21659
6349
10823
25172
8368
28230
30447
9825
8885
6382
4886
29400
31439
30565
26020
19087
14794
19285
3445
25986
14850
16058
8539
200
32643
21377
12647
27333
25455
29013
28004
8096
3744
1462
5285
2551
1935
27211
4865
15314
22388
1401
28443
13270
2735
22836
28135
700
4199
29717
3945
25857
15729
30893
18624
9438
30323
12058
8036
22650
17737
21719
2476
20575
23975
7897
14483
18986
21760
8663
11963
15239
4519
5353
18610
18781
13621
8788
6773
16198
1578
15012
17970
6978
7383
7676
12370
428
22395
4011
13495
11629
22956
26623
16706
12399
6904
30814
31129
6229
18637
30098
18471
19305
32662
23653
100
12757
7975
1134
30294
32535
15963
21802
12120
12207
507
20815
4122
3866
23266
27740
11241
23044
28511
24181
6448
20666
13275
27246
28479
19934
30396
18982
20812
13662
25481
13590
10935
20390
16718
13609
147
25877
28738
15822
31841
11694
27303
14668
5150
26897
19698
87
29569
12969
10540
28640
2686
26150
10648
4401
25870
10286
18070
2104
12338
26447
5063
15395
4149
26937
26738
28206
11314
14378
26406
12985
4823
1193
10401
158
23656
20343
3569
19137
11783
28611
32217
22505
562
18845
4470
19662
23181
18605
29730
7283
16098
29477
31385
21173
11622
10484
13659
27940
24638
25405
593
13843
3137
2055
25010
21995
32000
9782
4648
3781
12803
11706
14383
22071
24918
30726
5310
16749
837
13507
3882
30588
19299
3782
5703
7668
13009
7488
7376
29620
30652
30005
13577
3587
13864
28464
4002
27612
32236
30004
25055
21384
2558
27893
30454
11891
31985
4680
28857
22328
18108
21977
31604
3582
6077
5148
31001
1799
1278
14470
26522
18310
16822
8444
1687
17585
4627
21900
57
31000
23350
26715
6494
25653
29824
4574
11510
10308
7692
23885
30380
14933
16508
31061
28874
22687
23033
270
18774
15127
15477
20780
12929
12865
307
15737
4675
10310
21898
14979
21823
14408
1254
20369
26860
20466
25615
25820
8438
3923
430
16892
3042
23276
16397
20641
31474
21511
15390
30595
16712
11083
9663
8604
28237
398
27964
17812
1876
19178
27157
381
1147
26643
24322
7872
5330
27111
32565
4695
28096
13127
22751
19773
10658
27942
18677
28963
31156
223
23604
15717
12085
3276
16739
18492
24518
1812
12504
22581
10516
708
27965
29154
22454
19234
16788
28111
30041
18750
8313
10935
538
26569
18599
12280
23859
26922
4798
21573
8410
25551
19524
15515
30054
22721
17385
18294
8116
6268
27407
14404
20169
27133
12425
14106
27832
10268
30883
30886
30406
18716
22115
8805
8397
1153
27151
16149
18398
2849
2287
22382
30762
1406
4692
781
2595
19539
5594
1457
6878
3949
12009
19625
25532
24252
14722
24717
13641
18858
17464
7981
6500
2219
25468
20935
24737
25878
18974
29565
7915
21299
19217
15365
23406
29333
10351
17059
30644
26794
21436
19796
4621
18832
879
8268
26421
810
16814
24995
30513
32372
22618
25932
29050
27411
15947
30022
11357
26929
27101
27158
11170
1415
11435
10100
31340
15291
31898
20805
23648
29421
19994
19657
6665
10381
25512
25110
27771
15727
13975
4549
19511
6433
23825
29419
10063
6012
4441
11595
17099
29817
15954
25545
19274
10822
13637
8994
22765
30105
28895
10459
27248
29765
2425
5751
7066
4619
16029
25837
6872
14258
14789
11353
8741
28761
28261
5106
30508
30989
15148
32316
14001
28311
12423
17791
28461
3479
8296
7287
20152
14551
23365
26445
26668
14809
15971
8390
21384
28594
30548
8123
11666
24603
8383
20681
15041
24262
7263
14409
12633
16110
20046
20610
28376
17202
7556
6174
7313
16291
23962
25819
1943
8732
1492
20099
12252
21714
22879
17950
21146
12075
25815
11622
29682
26836
29965
635
11220
17166
27398
29656
14878
23624
4423
28806
9736
25075
22095
2191
27839
5266
4198
12726
848
21008
11925
17509
12232
6743
31478
17639
32153
16926
21038
19671
20800
18434
29751
10457
24357
32729
21091
32392
2499
2115
32413
3759
27400
16001
8178
26555
3327
9355
4177
7280
5548
27996
1935
21212
27192
9105
30638
16265
3406
7730
32351
24823
15556
14288
4037
3913
4734
31696
15996
13375
11407
15878
17626
16228
8354
20614
13173
10889
16025
19382
26853
8817
26227
7336
14027
10190
30067
19879
22546
15468
3710
15632
7284
28845
16838
13924
27968
25909
22437
8602
3931
5350
17099
15546
18053
31503
32156
5031
15838
27104
22228
10812
22953
9506
29037
3227
22095
5413
31682
14786
22695
9721
25076
7264
21364
9952
32653
1510
26160
15876
5219
24544
6408
17510
192
1926
6695
7703
3263
1934
24631
25258
16121
9285
22053
27113
1633
28126
29733
4295
15213
19722
27127
19094
15479
15817
15976
21114
10594
11391
2075
4382
640
10570
9097
2725
11955
26003
2631
26852
11475
12259
12168
30158
29776
25080
1506
6703
18713
29977
4693
13470
1724
12454
12425
23724
9934
9971
27735
26210
1677
29782
5259
14827
12228
29823
27368
21389
10479
25096
5485
32734
4256
5197
13527
10292
2081
20350
17511
17245
12635
23283
9957
16016
17398
20927
1253
29348
32194
24967
24649
31104
29270
27541
263
30675
32247
15400
7981
12037
24507
19470
28194
27501
16109
16501
27950
8900
8116
7423
8508
22233
2800
23572
7135
4231
28005
24956
29588
1764
29211
31533
4423
18108
23556
25697
30488
28222
8928
32492
25694
20724
22366
14029
31468
6137
4740
17411
18836
12902
29776
16034
24554
10765
30112
14629
20298
12394
4431
21766
15645
30678
2209
1420
27223
11518
18145
29925
21572
9364
10312
16244
21125
4420
10273
31084
22102
21994
14891
12958
12050
18434
21311
27791
30712
30303
25906
14030
4911
18465
20989
25988
22024
2017
6683
5709
19076
12078
18995
30534
10774
1597
27639
1128
30121
27612
32332
12052
20197
22952
14507
9198
30382
30848
7623
8943
5358
22841
8560
7606
11669
9619
26039
4127
26334
23916
21331
18199
1235
29748
4419
2479
15891
25249
8117
22639
19923
164
6695
14060
26403
15259
25804
13212
28018
31944
18737
8682
5717
21506
17952
14982
22660
15018
5829
5631
19493
737
13583
13715
24654
18168
23385
3654
2501
27944
18762
18993
20234
4996
20473
13341
21911
30763
26965
336
21606
12738
24261
28071
4020
19490
17163
24037
16901
7501
17262
31819
5736
26279
5144
873
6140
5731
31677
11059
15027
15675
17021
27735
24918
3172
2060
3534
1225
28609
17680
12465
24721
6231
31690
20047
18579
2817
23545
23676
3102
1892
24059
3116
2604
23334
6454
22080
23269
30043
22966
19103
12901
20032
14615
21897
24767
30508
16038
28456
4930
26307
19139
26984
15099
21869
20874
20489
15482
15879
10418
3827
19673
22232
27828
21193
8187
5830
16688
22464
19474
6857
28813
6834
1636
32673
12001
8302
7502
964
1040
18259
21385
1435
8503
22301
172
12781
9547
17150
6898
30364
5373
20977
3646
3471
2529
8523
1116
13295
23760
13714
650
24982
20363
3475
55
5316
31136
27567
23306
1556
31890
18806
19494
