1000
60959 15310 87825 19605
73671 98385 94899 99393
28029 13273 68130 74096
77602 70959 99467 85750
31630 64990 87602 81527
55128 24634 73748 42231
42806 49264 57904 64593
68320 66513 94350 97507
22650 86029 68658 92882
94953 26531 99429 91635
41275 20163 96311 78006
88620 17352 89194 27159
35553 17006 89819 65634
59854 46280 81199 84575
88804 3441 91163 46987
66971 86133 80213 91717
18992 29738 90307 91575
29086 30481 35245 81254
82145 43024 98079 85212
91567 76897 94922 88346
66935 78382 84182 88004
18682 42743 85268 66892
152 92499 65434 94428
77609 2740 89895 60431
21414 30932 43093 63526
25058 56005 38489 70180
65831 60382 89197 78056
34463 36411 44837 47335
20612 66837 31963 80742
72680 76026 91179 92889
17215 89836 28049 94901
28690 98299 75157 99860
67389 13621 69541 27642
48797 35769 65371 57040
30414 809 48821 7516
3261 55719 10250 82211
51259 16530 89634 22443
74645 47952 84031 67156
43049 91509 77614 95380
84777 70108 94689 80943
43227 95473 91632 99732
18120 37888 46313 70525
55934 29082 57635 75903
45203 58671 67520 63860
42983 68384 93576 90475
48538 55605 48962 95730
66843 88792 89585 94449
26441 43472 82038 60624
61627 45535 65413 87510
21478 28804 70636 97168
32462 67468 72560 92343
33479 83025 70467 87220
48986 76506 76875 95801
55675 17275 97988 46027
36245 47494 62051 97189
76784 51085 90219 54723
77673 18572 90955 34600
93903 99025 94257 99992
86678 48641 95491 82011
88800 45852 98829 59835
96927 69737 98545 79940
98391 78705 98629 95225
69343 18284 80632 90888
90896 98862 96047 99397
83682 96040 93881 97590
25595 89359 74716 95913
45449 53506 67389 94581
58138 5578 87557 60170
34779 58455 36954 87657
85826 12349 92526 41708
49960 67054 89494 90496
5409 51571 14254 73775
83295 63214 90536 76661
87209 81726 91203 92165
46766 44318 69834 59322
72272 85041 98010 86536
51815 38363 65603 54177
6388 78893 69425 96001
9222 61964 98366 92197
87768 18315 99702 19547
97486 50581 98591 91371
7873 99984 24920 99986
92983 99795 94179 99959
39167 33088 59159 94349
59231 9641 95275 43346
77878 69921 99937 85357
34983 6846 40188 60517
62675 55325 91219 88725
27331 75274 42185 88459
72296 93399 93399 97560
16394 44764 36834 87359
79078 54013 86257 68012
28576 68341 74863 76025
92704 11843 96197 42892
56137 63044 64361 97456
72908 75322 91536 97114
22178 63564 38728 95268
98056 2372 98356 78851
88522 38981 95193 46501
11864 97529 14304 99131
18513 533 50071 71663
86065 9740 99743 14488
75699 45480 86500 53436
52233 64885 53234 93766
63054 47237 82383 93767
69375 13818 81923 40470
44909 9035 69153 46078
497 34255 69536 89397
26090 82292 92560 87247
92289 4227 95554 46415
61114 6791 71426 41319
7300 18502 99107 61643
83595 94842 89556 97330
46556 28182 51649 45790
46718 58721 69472 99432
86925 49743 98341 68688
86724 93093 94411 99290
37 9701 34655 44548
73040 4677 97071 9462
7758 36199 89528 77397
58239 43989 88589 98086
58334 27019 84060 97665
80138 78498 97355 88159
30029 14546 83660 69910
16588 99146 87545 99914
87294 37856 92182 78021
42718 42727 66859 91704
7907 74155 97778 84731
17202 88862 94845 96165
72136 1470 84629 16243
71448 68751 88882 84969
8740 98625 93566 99042
21003 93659 86075 97155
17529 75267 80748 75352
75029 73342 88007 87684
39986 41910 42689 64666
85856 40746 87327 93401
27802 962 52487 73250
59964 8171 87557 25484
91264 20425 94472 86369
44315 6485 76829 95362
85917 95212 94595 99761
6503 47886 6828 93653
56913 87191 77357 97306
48384 2930 61448 53408
87303 75505 99104 79882
12392 3141 72676 99525
48648 98603 67171 99153
94283 86158 94583 94769
19579 62028 61386 80201
81693 31558 96769 83965
39707 33424 49769 40876
71778 403 98981 87658
6054 32280 59397 45017
59457 54785 59535 83112
8473 36647 12189 83711
63930 6653 77680 21716
56193 48870 63813 92082
58592 12461 70475 40423
61899 23901 84654 94668
19833 86944 21480 93319
36053 45858 66609 69578
48751 5325 73485 99245
40552 72581 82468 88458
42404 76332 65462 95491
41548 59256 82467 78427
70395 29238 90557 98319
77490 45662 83739 74274
68901 41509 77099 63406
11673 75437 87496 91916
55883 92938 99349 94221
2824 7483 72182 63605
66761 52631 69156 73267
42499 62546 54323 78709
1638 18925 42932 65564
84284 10070 89795 43840
89104 42052 89463 52616
69622 42105 99007 80353
29965 91632 82511 95613
2243 25117 5696 37867
89711 92934 91287 96919
41073 28420 91581 52314
99915 18869 99970 24618
38012 34321 51757 96116
58180 30156 76128 71548
44785 37685 86583 63341
13939 17338 65792 98961
69881 94794 99760 97266
69187 55135 91273 66841
43897 83256 63261 97496
40849 16987 70832 93939
61498 47021 72827 63259
49211 10356 71908 61151
9918 93086 96095 95950
55722 25792 97495 85520
69798 61770 82152 84528
94536 805 99594 30544
29115 31670 31907 70561
65381 2055 80774 46629
46700 78265 56514 87593
12302 26172 64121 57976
51500 17099 70921 81097
31584 83685 68236 85208
30231 3970 73318 26430
82737 59355 97021 61369
83356 74665 91298 82862
91090 94988 92751 97766
76783 57114 82145 91161
79037 40013 92307 78376
11485 96475 36534 98635
81356 14809 83470 94837
58860 4711 75419 88784
18990 61075 53323 96944
60743 74812 76625 85211
84817 35909 97734 51013
33424 31562 50525 42382
77220 33290 94431 84261
10477 21682 96007 81522
73536 62289 80034 62662
13076 83290 73436 88901
90049 25818 95347 40238
51995 65724 57953 83960
48938 71706 80665 96027
57727 9479 94929 17709
20010 98974 36165 99770
57016 10207 86070 54049
55405 72230 60500 80308
77101 4507 93745 59372
9677 73313 50688 79227
9232 82464 65100 97180
35077 1913 82535 53341
54161 85223 60197 91611
29825 10483 52249 85676
89585 21334 93092 59846
78312 27777 89522 44956
31028 59620 70715 98355
74902 45924 87161 49311
22694 76972 47142 87902
1325 80124 72186 91364
93570 25789 97322 31501
9136 75309 53199 75956
27361 28135 43533 58672
49366 22462 77645 52524
24970 30149 65251 85888
47953 42915 63009 50902
69855 87275 99194 87409
22310 92955 51374 96878
64857 26019 90694 85238
29016 89004 60709 96033
62295 96259 76632 99961
63034 51519 83645 73911
57829 27584 97477 40207
19593 20757 80275 58464
53574 26605 91122 48608
9737 17091 53654 45364
98035 36585 99429 65077
91874 98231 95601 99154
2139 82175 50986 91019
84806 89456 90400 99008
47786 14480 99773 65705
52597 6924 70528 83772
85205 74019 92571 87580
86807 59559 93213 85474
99053 86226 99891 89642
53894 54776 68472 84549
46896 35689 53179 73361
21842 54233 90589 66300
58062 4527 71926 85148
22725 68514 24466 85919
84177 10837 86100 44896
36609 47381 79354 69717
87538 95001 98225 98526
50529 82118 92465 88707
34874 58598 64474 87113
40883 92395 77637 93427
59849 49266 61611 89264
88582 87201 99801 96675
52439 59424 58333 78849
50045 94282 79411 94725
75147 54666 75898 74032
2213 66546 92928 79217
39650 75222 77999 78463
66797 37934 78604 86140
96435 1939 99731 91937
23884 51193 59671 73985
4830 98341 83766 98654
6863 53503 49485 70351
36263 17451 53987 80949
47166 87514 92382 91614
95817 39766 99334 84624
16660 78814 93851 80862
83307 81280 88258 89173
70326 8132 91086 80131
3635 12368 93900 70833
34872 95222 70938 98994
26330 61565 30677 91364
83012 73611 91191 93565
82921 36314 93206 79803
85032 58212 92808 60097
2575 46014 85590 63838
76028 69981 87698 93340
95472 34222 95770 50853
48112 33858 88499 36967
77624 7975 89051 32390
41376 40373 81787 99256
26340 46088 80711 76333
76406 57850 99205 58667
74606 17342 93490 71555
74943 66539 99485 92832
58633 62268 67687 68947
46276 27694 88028 42152
5803 88920 43840 91353
2491 82553 73043 89096
63311 48127 68870 52331
91083 61931 91809 96591
30480 62993 58875 88392
44724 31911 51370 82160
99371 37964 99983 46076
55644 33472 87011 54586
81919 15204 99285 30800
25812 39610 42570 69105
92686 44568 98002 99335
41586 52817 62861 62232
86825 87585 97380 94441
5028 86989 10020 90789
22032 84481 83837 86366
84711 16351 85035 30636
73239 21605 82358 84686
56530 93401 77762 95938
60032 97621 70319 98583
7565 29579 48752 31146
46573 12775 78085 17489
17464 42660 36709 73654
40415 62048 83990 65598
53758 10613 78073 78040
51948 79477 68723 82840
25027 85414 77893 97391
84324 11618 91360 57038
89803 2198 93418 46261
76924 28002 98971 29777
30828 46587 55929 65798
11097 40194 46081 64452
89557 73662 94404 93578
94437 97036 95649 98687
58112 12128 60978 40962
17608 22710 38969 82242
73972 99282 76781 99358
29159 71823 62350 95327
94980 24017 97667 40996
81369 18921 92009 32056
36841 93143 74704 97838
88525 18527 92223 85607
30269 70483 61785 76455
17465 28370 38018 97194
70720 61142 76499 82263
30614 35905 33966 40609
81548 93995 94411 97098
55100 84325 78583 96419
50799 7110 55879 70789
94598 89719 97154 96909
85446 51872 98687 85901
68007 70550 70948 96389
46105 15622 70612 56948
82886 19147 98940 96737
82939 41206 94830 60610
17279 5541 98904 31607
87787 85450 91316 97734
45459 62732 50039 86766
13229 24173 44176 71300
77438 50883 91511 66094
85468 96412 94703 97697
24465 32529 80169 89627
98289 31794 98531 57105
18465 24002 31972 91729
29122 77035 48380 88967
96646 17951 98090 99469
1681 41121 56773 54965
48890 36958 68632 98542
28390 21916 33727 39826
23899 71065 58905 92790
60258 90517 74394 92198
9163 64969 9519 97630
98495 51789 98716 93656
13566 82349 95041 99798
35943 8164 86058 13970
75089 13057 86290 43756
72348 54977 90511 78091
18523 57402 29897 88632
73991 35644 81746 60718
47170 65971 67532 75058
35732 78438 80641 83540
92879 34156 93753 48601
89645 61415 98991 75112
47668 4592 92829 79794
39617 50133 83888 53657
75357 77415 91584 78869
89231 53081 93784 98293
32984 6218 47554 12511
58783 46427 95931 76722
5701 21681 15764 86114
48238 35823 51400 67278
88174 99891 94655 99957
2315 65430 13481 88544
85698 96284 85873 98430
39625 44893 58933 98216
41809 29177 72112 60374
51872 16810 92633 30910
73136 30375 91182 34593
72574 70584 95879 74927
43019 54260 44826 86786
44669 45734 53965 52807
83961 89584 92780 94920
45982 78146 95909 88300
99968 93555 99998 95434
87054 66987 89768 67131
17410 44322 66490 92027
24343 3071 25658 20645
56312 37048 74713 51359
56619 84772 65564 97320
78770 9744 83208 69164
83309 99752 86212 99823
50824 24097 69976 86791
32727 1827 71688 14468
50195 25163 71255 98569
81258 45141 93474 60976
70716 80927 82450 84353
62587 31288 67614 43571
54679 60117 55763 63486
58407 19375 78549 28026
5054 50803 50241 77125
74570 82885 74941 91774
73202 24686 92955 82762
20951 94397 61037 94757
2945 6708 95411 44548
84561 85933 92120 92590
92610 70658 97682 81164
65450 62268 76826 93158
39261 41005 92093 45194
41520 95225 53135 98274
10386 59324 65158 78541
74200 88971 78381 92729
27903 53372 63367 96907
42728 90291 71622 91656
87732 73909 93124 87095
45405 71280 92333 85136
8875 33129 72790 83850
98906 96173 99129 99250
23804 34080 64686 63359
32997 79510 66801 88889
91850 33206 98840 76336
20080 56201 76570 82303
11789 84147 35361 91929
78579 69384 89019 93697
88703 40640 95425 69645
67793 27732 68173 74623
29616 44434 50062 84710
60110 59291 90809 75972
6825 58542 8025 83448
55157 96325 94167 98362
90267 79157 95303 98820
92992 76820 98010 93629
57381 57086 67829 86105
5417 75809 52759 90567
94495 68436 98747 95525
12374 15715 62043 22042
41452 89482 63458 98808
90538 6163 96798 85360
82096 96492 87152 98570
99742 73292 99789 75668
89437 2002 98916 58935
70387 33184 75028 76132
90302 54105 93760 72374
37234 95341 72943 98144
29769 14328 57313 15488
95870 32818 96865 65497
52978 95629 75180 96687
46866 59109 50336 89432
14659 96019 68302 99944
79118 13401 89128 24991
148 63147 89952 75412
97365 39250 97775 52503
68588 37132 74683 56758
86620 94785 97993 96399
98267 11729 98518 24962
5773 61715 24102 95505
77753 59279 88280 74906
82666 75635 96599 86669
80139 44025 88737 73194
9848 2101 18458 12253
28131 15393 80566 40012
51305 24405 61741 63264
19948 73503 63052 95944
66117 49339 95051 58057
9432 61361 24233 92542
92608 22427 93032 31562
26419 58755 62213 65116
53214 59399 68829 82284
91564 92333 96898 94049
6384 98369 94167 99884
74731 70872 98313 79237
68793 93273 72497 99558
99955 35243 99989 70555
70405 70294 78832 79079
28908 99360 40818 99793
40157 90148 40871 99553
21299 34908 64627 89100
41647 24779 42813 60759
32716 60805 41161 74438
28194 25201 39529 52540
5140 16154 94454 99704
47280 99442 65803 99928
23240 96843 90859 98748
88173 72002 91131 72345
53722 74096 81546 89261
47163 79759 66504 89661
68513 68677 83289 94108
1319 56117 80176 99897
96034 1783 97601 66556
51932 5234 88110 76550
14258 42123 37780 45253
31697 96391 62524 98505
5845 49926 39292 90274
73661 35294 81805 71938
6004 72778 15041 85194
83938 80044 92280 96848
53673 75710 54592 78388
13371 89124 32702 96851
232 22891 99202 91206
34674 32312 59301 58299
82185 24666 98048 61273
64306 62574 94927 99515
80891 67089 95730 90361
25680 61798 95563 95283
58534 4178 64649 23402
92006 75491 98688 85284
1341 86772 51641 93472
12127 51906 21430 96654
87807 40737 97270 49192
25671 59498 44380 77842
33431 75334 57793 93369
90064 97259 95375 97599
75350 98106 77340 99561
39975 30372 56213 57653
30434 25891 85821 43767
56888 85012 94559 94182
47025 26179 66239 75424
99627 78917 99670 98637
13514 79257 36956 86148
22975 47531 42249 83950
75980 15994 78680 95234
24115 72057 98563 72617
19525 22875 56617 51367
87327 33996 98138 60484
10779 35091 63919 68136
1489 34111 28581 88322
61676 84105 95761 98233
31305 5429 37023 49142
87758 72336 98902 97626
28294 72934 28780 85894
56709 30124 86636 91016
37708 58868 48605 71185
58059 64267 65372 99282
64954 24570 97418 41862
46643 59164 98395 62721
10417 38554 81008 52310
29370 64830 50741 69078
33923 5059 52261 25547
46861 19624 77282 23311
65548 5599 76692 43837
26141 15661 34875 67539
67210 46659 96247 70988
33478 92682 52117 99734
62964 97866 99100 98122
67665 88269 78839 98240
38878 12853 72498 25582
24991 14990 79233 35230
77183 592 91454 50550
53838 55969 91624 81238
98910 77129 99771 99518
25175 50659 35365 85687
76500 44465 91849 96978
34494 6047 76543 30552
65137 135 72259 73384
2086 14371 67178 28823
7567 86365 78988 88338
32964 23060 75366 59641
46037 77171 73406 90531
85575 58242 99978 93308
53286 81059 66641 89907
4171 13394 14252 41743
44174 40724 96901 40775
65526 58733 94778 90106
49096 6127 78340 85930
58210 88246 83403 90910
48704 5206 56206 85640
85990 73292 86020 81752
46912 96458 88038 97695
92755 33204 95877 50450
72001 16753 87528 67769
33081 34625 86940 80864
12075 37563 47473 89053
43347 51057 99633 81905
19507 31207 48793 85078
43796 83004 63981 93972
24984 96813 96268 97870
20627 42097 75439 82146
64265 45713 72363 72268
50819 46917 83573 71935
62269 8316 92186 68418
41145 29267 46157 73591
85904 52747 99770 95633
37815 38957 38286 97274
7680 46916 83972 90619
68601 89615 95154 93178
79885 20625 92800 46050
17702 23287 50899 72339
47524 21964 73891 42342
8694 55592 28642 58042
60649 84473 79380 87599
17991 96006 63566 96376
20550 21358 77865 51876
37656 3887 66862 33209
12379 43561 56827 61471
913 26902 60396 38747
92687 32540 93110 88993
41660 56729 66919 95787
17896 18619 69523 21178
15144 56783 31635 85505
11094 47607 57678 85547
27710 42718 44451 90256
59674 17207 87296 91447
89821 52702 95545 86473
85435 8904 91734 57746
93251 49891 96776 95861
65498 11909 82024 46979
33908 29644 71737 89700
18698 7594 47150 29940
67409 94037 74633 98412
40786 13511 72646 85038
70724 61570 96373 69632
52969 5041 61549 30878
30753 29373 56856 57333
55119 47336 57476 55645
76846 23569 89194 88424
73569 13902 85671 57058
21330 8483 92561 75032
7350 69966 29749 88278
27397 24384 55725 96529
83382 24802 84375 33754
79009 63210 99479 88664
1678 93317 9818 99622
71200 94667 86569 95470
87786 58623 89726 85000
37314 13901 93073 31912
16724 57341 83782 84809
13402 46062 44784 90480
23248 51468 39572 88341
77317 48554 81598 72261
29979 740 40122 45996
9124 93396 42097 97121
42587 51446 47599 51491
63053 76882 79582 96692
23271 38969 31628 56346
67200 67392 99348 80560
9286 45295 75374 56278
16640 51173 63343 81098
56736 84480 86300 90826
50208 62631 75541 69406
46101 27766 94746 45636
66102 42179 95657 88034
23578 28849 64210 50067
33450 39483 82359 75004
32087 56731 79182 57417
62071 45031 97728 51546
93543 96913 95839 98810
21272 5326 29329 15207
64486 82871 90763 94088
58825 92873 75965 95822
15498 52010 66181 98629
89478 97842 97874 98838
3403 50575 93593 82733
31837 77502 67444 80206
62696 52154 62974 91839
64079 81596 89668 83825
88065 86581 99337 87804
61290 44723 73529 53367
2675 41708 67222 61628
32581 76806 70348 85023
16485 84161 56538 85756
29488 27256 96644 84792
43230 45855 55107 70777
92217 20401 99821 82593
86212 98910 89342 99818
62864 17955 75884 61747
39939 2162 41277 36738
21905 5637 50648 42617
25940 71475 62136 83758
65628 86661 81540 89627
86636 24650 90872 91615
3506 32350 27909 93208
80018 65060 87370 96083
96681 42243 97544 60193
19250 23966 30794 92054
74952 57301 79581 96392
94334 49966 99032 89868
48669 85152 61578 86724
2394 17421 45645 97879
73439 49201 76933 85343
305 79020 26995 80879
76954 29871 90296 32154
82612 75554 89138 90657
9016 1153 32708 81315
91245 31323 91801 36478
54971 39215 77081 72093
7833 52948 50330 76866
26810 68238 85681 84499
13068 91301 38307 97864
23686 36774 82626 41970
60758 97232 98808 98562
56124 43425 72589 84313
87892 82252 96939 85304
48474 5229 78697 96910
98883 72616 99324 79889
30173 83199 98004 99247
69151 39873 83697 87220
48136 32258 93330 50430
40913 32585 89207 47872
37519 37445 59183 63808
75587 96087 80446 98387
17175 19842 58325 87998
11230 59473 37204 72370
65284 13369 93442 94424
11492 78214 40585 99194
84829 97567 97648 99284
93419 70340 96159 71859
79133 37226 99423 40240
80066 1923 99683 33462
70048 9285 80548 53504
2406 56443 43886 91600
50307 37845 91081 52409
87800 4135 93406 6302
97476 88647 98689 91789
33693 60497 70561 94274
95969 9049 98797 87336
97512 24703 98477 77538
25972 6007 88932 68721
37850 26024 77211 68936
46738 67392 76975 68048
22555 32026 82680 44326
49079 8398 64018 47083
90678 94403 93988 99708
25435 67530 77255 89224
24123 40255 35710 43516
43253 13090 81917 77733
4357 75663 34861 76971
85725 76850 95659 92566
81159 31691 95472 86705
77593 67021 89828 93768
81768 44383 83269 75738
67239 15398 87332 92901
20288 7810 78501 59240
4443 12797 74431 80613
2527 18609 85672 50729
66812 61425 78885 95282
31103 83849 80790 92110
22476 84692 49130 96270
33905 23048 58141 55758
81427 49654 92837 86181
79868 9661 99547 70156
53912 89944 66023 96675
47413 84156 49267 99282
55867 54652 67008 84709
35265 97273 80714 99998
95246 59994 98407 81752
48651 45387 62652 56975
31265 4831 58241 66738
9890 21431 29842 86941
52928 65411 63909 73623
26800 96762 77995 98007
23277 53880 85965 80524
4686 25186 70779 99748
95125 59376 99877 88106
38493 15318 87635 56401
83209 28841 90706 67625
16470 59993 34449 78830
32440 27363 48020 86030
38864 81989 68890 84278
664 31379 67269 79761
78426 49743 82728 55475
22786 45897 57071 72085
69798 18818 93032 66335
41245 682 89616 78237
61778 61712 72709 64618
76055 6487 79269 32413
38420 65032 88501 92526
19882 20081 46829 99955
77959 64033 99973 76581
34084 20941 38208 49421
71777 57330 87227 98786
18898 59482 18925 79423
9732 83156 76042 85239
44759 89110 48969 92543
94540 81373 98284 84370
44358 38582 96294 66975
99557 92202 99576 94321
76053 38374 83138 85858
50799 25461 77681 75784
41685 78580 82593 98137
7928 16133 47573 37924
47254 9986 80774 33869
1571 31305 6690 99483
34774 31332 58873 78578
94516 6493 96512 24407
86199 64448 91440 98894
33213 83649 74061 99020
52374 27502 95853 54431
73718 10063 76871 32054
95415 35805 96371 60387
75810 27455 96519 33000
95377 35185 98989 39367
11990 84778 76709 92408
26726 52589 81556 86628
85163 74156 99658 93655
96591 54280 97895 77397
56989 73820 82004 90554
71033 2651 89645 62046
51493 28352 90807 98991
64054 41938 87791 43237
52800 89771 79452 90264
3151 66625 73245 99767
7966 66405 89024 97905
17275 67199 37639 79828
12147 38625 49210 59069
25076 56692 46100 91043
92560 9012 92758 72664
3781 89838 50600 93290
62794 18245 88337 39547
29474 53298 65515 87537
73052 79906 85372 93711
36792 55213 39757 70680
56136 38248 88731 65022
69857 85449 81118 99940
17919 28109 67030 69025
53269 18984 67565 57617
24924 28884 83381 46226
74542 41847 82127 86697
59281 54524 75749 57343
22688 40486 56166 79146
46582 13133 81346 22596
44236 84409 55491 96171
74559 92806 76215 98546
84084 95563 94167 97896
72762 39363 79229 59276
11831 55083 45939 70765
76122 52764 89839 80093
62879 20111 71570 75443
10119 25801 72516 83829
44282 55571 50425 59126
90970 61164 97075 77184
71532 58908 93350 64687
47627 21373 85345 92989
93142 97069 94488 99609
52469 17945 56468 98590
32208 28891 43736 68680
54236 7713 87617 34636
98307 74997 98605 86007
50532 54869 74303 58208
47264 5689 48721 19598
66484 93214 69111 95358
6651 30130 91146 84351
17908 82748 70996 93429
99629 66811 99651 72126
71553 28565 93098 85390
77952 10602 97857 93126
95476 25948 98286 97304
21151 74214 75714 80275
23698 34493 77211 87260
11572 3125 84403 28752
9483 56826 79765 81333
3842 73393 78529 82777
74533 25589 77961 65153
78709 9608 83618 85103
58448 25819 74206 38604
81738 49611 97824 90779
57100 34335 57921 49603
38816 21308 66792 23498
12545 1728 50458 57903
30574 82811 52355 91978
98086 27625 99465 80454
25759 89211 53664 94721
99933 5137 99969 41570
28474 94206 50100 97205
60087 3964 67088 30012
89803 67118 99675 77916
76553 35696 91218 78668
15229 5262 47530 47473
40279 8535 43425 49079
34377 70835 56573 80075
67432 68079 93761 70617
5673 28843 57046 46968
46706 3699 66767 72355
17037 68157 46338 70888
67490 70032 74155 89240
82132 71019 87299 79509
54212 49428 57250 77661
88910 61090 99597 67559
9728 73403 50188 97882
36402 31951 98566 87698
81434 36075 93563 93771
42440 85529 74692 94890
44302 12466 58021 83125
19806 96024 78911 98696
12965 30066 45717 31117
61601 19784 89861 97284
76706 51536 83454 52872
74398 59297 75690 78129
56422 40919 72850 62837
49586 89415 72312 93431
24238 28837 65388 47362
78431 45370 97002 81566
9804 86339 76376 90266
33785 83387 85051 87391
21458 95446 46721 99804
39913 47068 99805 51649
21453 77263 49599 85453
40210 36456 98227 95827
86905 38970 92730 44645
3735 22324 82328 89502
88004 60445 96224 70526
73161 1600 77138 92442
3048 95110 26966 97322
20056 28238 80073 91979
23305 67181 88352 75129
43519 34094 96127 40348
90988 19578 91878 48327
91230 33653 98186 94528
57895 57309 67746 71041
27367 54555 40590 71394
61383 24751 79127 89652
15558 16112 78793 90999
53336 12803 83613 81047
655 84024 17648 93037
96565 31207 97317 84180
43258 95545 88473 96803
88204 88205 90763 93449
20966 97904 62780 98421
85169 72995 94594 81301
62930 48098 88446 63642
87438 37113 90153 44724
40774 46555 69209 77109
15071 95955 93227 96691
12427 16013 68696 25076
32904 164 91591 70153
5343 81117 8276 89900
79171 9627 79548 98277
67131 7191 88497 61417
79171 50960 94652 53923
41659 62372 47831 71859
86211 75442 96635 95929
10904 39826 66162 40411
51022 26838 96055 56796
16931 34944 60753 92191
85758 74988 95683 85564
4621 96401 66886 96758
44120 42422 94485 68883
64840 11158 94579 31982
84635 21280 99440 51646
72993 14603 93549 37440
23032 38242 93259 75025
81130 21559 98227 39952
43294 93952 76846 99335
42527 28427 62181 54131
27613 86779 78202 99840
45381 1545 80137 71090
61632 95432 75263 96347
35359 22771 71612 52434
23479 31557 39279 62370
640 23665 63418 38407
81239 14687 88075 48053
83509 4179 87563 38993
28431 1592 64792 62664
43446 58621 79516 85612
17376 24579 42569 92319
29081 49300 55108 60557
34117 76324 96123 88543
73309 15547 79085 90443
1394 87532 42192 97237
95904 17080 97185 54686
63978 64724 81902 84278
93954 57856 95260 70135
97893 90109 99290 91418
88505 7138 98940 78308
57693 99982 64946 99985
81909 52847 91297 69906
61681 44812 90338 79916
92918 86774 99099 98001
36137 36839 47657 70184
21919 57044 81063 61016
49264 64603 61297 64953
15017 99909 95274 99948
0
