10
0 3
1.1 5.4
4.6 1.3
1.6 9.8
3.3 1.8
2.8 6.7
2.6 4.7
2 7
8.9 2.5
0 8.7
3
0 8
8.7 8.1
0 2.1
8
0 8
1.2 4.6
2.8 3.2
7.8 9.3
2.1 9.6
3.6 1.8
3.3 7.9
0 9.2
10
0 6
8.9 2.6
2.8 8.8
4.6 2.8
7.4 9.7
9.5 1.2
8.7 10
9.5 1.7
3.1 9.9
0 5.1
6
0 4
7.9 1
6.8 1.6
4.4 8.7
6.2 1.1
0 6.8
7
0 8
7.1 3.8
5.8 7.7
7.7 7.1
3.3 5.5
4.6 9.1
0 9.3
10
0 7
2.9 3.8
3.9 3
7.5 2.1
5.3 1
6.9 2.7
7.7 8.2
9.1 5.7
3.4 9.5
0 6.7
6
0 6
7.4 7.7
6.1 6.4
6.6 4.5
7 8.2
0 3.2
6
0 7
3.9 3.9
1.8 5.8
4.7 8.1
8.1 5.2
0 4.9
9
0 3
6.1 7.8
5 9.9
9.6 7.7
2.5 5.1
8.5 3.3
7.5 3.2
8.2 9.3
0 5.8
