30
16
19908137 15662734 15694789 18825277 17079518 15051590 16087354 19035016 18085322 15036279 19044672 15189598 17903093 15857638 17668246 18355971 
1 2
3 2
4 2
5 4
6 5
7 5
8 6
9 6
10 7
7 11
9 12
9 13
14 11
12 15
16 15
17
18039549 16628790 18432402 16665046 17077868 17342867 16033168 19378745 18458142 18789407 19927518 16024810 19080909 18525830 15100115 15701988 19675536 
1 2
2 3
3 4
5 4
6 4
5 7
8 5
9 6
8 10
8 11
12 9
9 13
14 11
15 13
13 16
16 17
11
19740597 18078476 15109692 16472508 19838963 19403342 16385945 16642261 19573570 19098831 19401278 
2 1
2 3
3 4
5 3
6 4
4 7
8 6
8 9
10 8
11 10
13
19919628 18577890 19061734 16629256 16247831 18051671 15122079 19428310 15545235 18182564 17500286 18726633 16085275 
1 2
2 3
3 4
5 4
6 4
7 4
6 8
9 7
7 10
11 10
12 10
12 13
19
18893449 16522982 17160864 15647433 18838355 16634998 17636653 17989033 18592651 16855064 17012730 18834379 19882955 17919234 16831500 16424889 15425179 17737864 17073879 
2 1
3 2
4 2
2 5
6 4
5 7
6 8
9 7
10 7
11 8
12 8
13 10
14 10
15 14
16 14
17 15
18 16
18 19
10
16294130 15304517 17105519 16539277 15719330 15798449 19030693 15524168 19522970 19659366 
1 2
2 3
4 2
2 5
6 4
7 4
5 8
8 9
10 9
19
18173029 17432604 17501575 15351057 18396237 19549957 17704647 19442291 15249255 19389562 15056341 15837533 15145562 18650984 16122331 16207604 17732447 16128928 16957857 
1 2
3 2
3 4
5 4
5 6
6 7
7 8
9 7
10 9
10 11
12 11
12 13
14 13
14 15
15 16
17 15
18 16
18 19
15
15922006 18246170 15285245 18578970 17200088 19125146 16155881 19434552 15318888 18356285 18853647 18344038 18261363 15345436 19049054 
1 2
3 2
4 2
5 3
4 6
7 4
8 7
8 9
10 8
11 10
11 12
13 12
13 14
15 14
18
18539833 15179256 19283339 16835934 15857779 15028012 15268329 19607983 16806201 16721709 18305403 19673384 19733285 15321934 19495921 15569043 17857256 16379438 
1 2
3 2
3 4
3 5
3 6
4 7
8 5
9 6
6 10
6 11
7 12
11 13
14 11
12 15
14 16
16 17
17 18
15
16360126 18216778 16878725 19225795 15804147 19681261 16972880 19856456 18071830 18543604 18489921 17268587 19063293 17791884 18930738 
1 2
3 2
3 4
5 4
4 6
6 7
6 8
9 8
10 9
9 11
12 9
11 13
12 14
13 15
15
19509636 15796280 17609353 19693378 15375552 19616416 18378117 15354559 17192557 17696442 16699912 17391530 17970615 19395840 15438140 
2 1
3 2
4 2
5 3
6 3
5 7
8 6
7 9
8 10
8 11
8 12
9 13
14 13
15 14
10
17807518 16396213 19028395 16946039 19257523 18446416 16925734 18387143 16881330 17948247 
2 1
3 2
4 3
5 3
6 5
5 7
5 8
5 9
6 10
18
18936146 18305694 19555885 17210256 19819493 17551476 18068338 19927225 16103837 15746624 19011902 15070130 17320319 17515859 15153874 18182122 15080947 18914983 
1 2
2 3
2 4
5 3
6 4
7 6
6 8
9 7
10 8
11 8
12 9
10 13
13 14
15 13
16 15
16 17
17 18
16
16208335 15007930 18136312 16034675 19686135 18788753 18935213 17645461 15852818 16744750 15111087 19899543 16388839 15230995 17848462 18743508 
2 1
3 2
4 2
2 5
2 6
7 3
4 8
9 4
10 5
5 11
12 6
13 8
14 9
15 12
16 14
19
16104560 17878749 17193064 16202016 18935899 19156824 17957251 15041707 15168163 18052089 17148315 19989996 19880733 15620247 17448951 16930713 16982804 16449503 18642022 
2 1
3 2
4 2
3 5
6 4
6 7
7 8
7 9
8 10
10 11
12 10
13 11
11 14
12 15
12 16
15 17
17 18
19 18
11
16852482 18665281 16149594 18896788 17582886 15370016 16672411 15706424 19142197 17401416 18931922 
1 2
2 3
2 4
2 5
3 6
7 4
8 5
5 9
10 7
7 11
15
17755350 15612691 15593765 17873397 17344877 19775330 16156768 19326011 18190910 17604195 18098039 18541416 16756613 19258241 15490636 
2 1
3 2
2 4
4 5
5 6
6 7
8 6
9 7
7 10
11 7
7 12
8 13
14 8
14 15
13
15770918 16841612 16184626 16993604 17770437 18891253 19667785 15738313 19494633 18936666 17037164 19023101 18075948 
2 1
2 3
4 3
4 5
4 6
5 7
8 6
9 6
10 7
9 11
10 12
13 10
15
17882216 15388915 18955435 17116355 18454763 17057184 15110813 15285492 17733090 16926875 17544925 18099668 15884460 17943536 19815167 
1 2
2 3
4 2
5 2
2 6
7 4
5 8
6 9
9 10
10 11
10 12
13 10
14 13
15 14
20
18599156 16064206 15433498 17393233 16564742 18218662 18499758 17410817 16755341 17904187 19236021 17483212 17083763 16306342 15309535 16342549 18135445 16486838 15402179 16608857 
2 1
3 2
3 4
5 4
6 5
7 5
5 8
9 8
8 10
10 11
10 12
11 13
12 14
12 15
13 16
17 15
18 15
18 19
19 20
18
16954709 19815528 15977228 15277741 17601039 15110025 17056281 19951020 15567600 18633154 16806604 18487064 19316953 16120556 16413950 16787183 17453609 15114511 
1 2
2 3
2 4
5 3
4 6
4 7
5 8
6 9
10 7
11 7
7 12
8 13
8 14
15 12
13 16
13 17
18 14
15
18957452 15975862 17351577 17261924 17202249 15402127 15745235 15692723 19138623 17395188 19376251 16597750 17343141 15641546 15004056 
2 1
3 2
4 2
3 5
6 3
3 7
8 3
9 4
4 10
10 11
12 10
13 10
12 14
14 15
16
15969083 18560541 17807313 17948419 16772595 17566919 17329897 18294842 17380498 17766159 17074623 17867835 18973753 19643779 17747814 19114595 
2 1
3 2
2 4
3 5
3 6
7 4
6 8
7 9
8 10
11 9
10 12
13 10
14 12
13 15
15 16
18
15797271 19247722 18911040 16832601 19908933 19031603 15802659 19700922 17029995 18675602 19409301 16417428 15175982 19324039 15078089 15935659 17449903 17917096 
2 1
3 2
4 3
3 5
4 6
5 7
6 8
6 9
6 10
7 11
12 8
13 8
14 10
14 15
16 15
15 17
18 16
12
18988944 19657899 19777507 17707158 16585825 17151986 16613623 18803864 17613352 16821286 19966305 17157072 
1 2
3 2
2 4
3 5
6 4
7 4
8 4
8 9
10 9
10 11
10 12
14
18630958 19943611 16183395 16328951 19866204 16712595 15305924 15729036 18743694 17505266 17314184 19516305 17769370 15984837 
1 2
2 3
4 2
5 3
4 6
4 7
5 8
6 9
10 6
10 11
11 12
12 13
14 12
16
15895815 18557270 17896866 16328843 18051048 19672017 16778688 19844234 17884481 18421220 18960295 18715069 16963062 15027456 15935686 17901381 
2 1
2 3
3 4
3 5
4 6
4 7
8 5
9 7
7 10
8 11
12 10
10 13
10 14
12 15
16 13
14
18922928 16406559 17703858 16201688 18418767 17772183 18212117 18620608 16190547 16383288 17044788 17007892 17617015 18315267 
1 2
3 2
4 2
5 4
5 6
7 6
8 7
7 9
9 10
9 11
12 10
10 13
13 14
10
18511444 18595982 17780356 15402890 18558416 17142209 17481889 19881241 19143325 16330051 
1 2
3 2
3 4
5 4
5 6
7 5
8 6
9 7
9 10
17
17652176 18589902 15712953 18750163 16095918 17802036 19370551 15904675 17303559 16150161 18416737 18699631 17801091 18507263 18407005 15324378 15528313 
2 1
2 3
4 3
3 5
6 3
4 7
4 8
9 5
6 10
8 11
12 10
13 10
11 14
12 15
16 13
17 13
