7 10
10 9 15 29 23 15 17 
U 1 3
U 2 3
U 2 3
Q 1 7
U 1 3
U 3 4
U 5 6
Q 1 5
U 2 4
Q 1 3
19 8
3 7 29 25 10 19 10 14 17 21 9 15 8 10 28 12 28 18 7 
Q 3 13
U 7 12
U 18 19
Q 4 10
Q 3 9
Q 15 19
Q 1 15
Q 3 15
15 7
22 8 14 14 22 25 30 3 2 26 1 17 13 11 13 
U 2 4
Q 3 14
Q 6 14
Q 11 12
Q 9 15
U 1 12
Q 1 3
18 5
2 30 22 14 19 18 10 15 15 27 1 25 13 8 25 20 22 16 
U 7 12
Q 9 12
U 15 17
U 5 11
Q 14 16
18 5
20 20 11 4 29 27 30 15 10 20 26 18 17 7 11 1 12 15 
Q 11 16
U 7 18
Q 1 11
Q 7 12
Q 1 17
9 8
29 2 6 26 14 25 2 7 4 
Q 2 4
U 8 9
Q 2 3
U 2 3
U 3 8
U 3 7
Q 1 5
Q 7 8
5 8
7 20 4 29 21 
U 2 4
U 1 5
U 1 3
Q 1 4
U 3 4
Q 3 4
U 1 3
Q 2 3
20 4
25 29 5 1 14 17 17 28 17 5 4 24 15 22 14 30 29 18 27 20 
U 9 16
U 11 13
U 2 9
Q 1 18
4 6
27 8 4 1 
Q 3 4
U 1 2
U 2 4
U 2 4
Q 1 2
Q 1 4
3 4
23 24 13 
U 1 2
U 1 2
U 2 3
Q 1 2
