1000 5000
42 468 6335
501 170 15725
479 359 26963
465 706 28146
282 828 9962
492 996 11943
828 437 32392
605 903 154
293 383 17422
717 719 19896
448 727 14772
539 870 19913
668 300 17036
895 704 23812
323 334 17674
665 142 7712
254 869 25548
645 663 32758
38 860 8724
742 530 779
317 36 22191
843 289 30107
41 943 19265
649 447 23806
891 730 24371
351 7 31102
394 549 19630
624 85 19955
757 841 4967
377 932 26309
945 440 24627
324 538 21539
119 83 22930
542 834 31116
640 659 22705
931 978 2307
674 387 5022
746 925 19073
271 830 26778
574 98 16513
987 291 9162
637 356 24768
656 575 4032
53 351 1151
942 725 13967
431 108 30192
8 338 15458
288 754 10384
946 910 32210
759 222 18589
423 947 27507
31 414 29169
901 592 18763
656 411 6360
625 538 21549
484 596 4042
603 351 10292
837 375 11021
597 22 27349
200 669 24485
282 735 54
1000 419 27939
901 789 18128
468 729 14894
649 484 17808
422 311 6618
814 515 14310
617 936 17452
601 250 16520
557 799 30304
225 9 5845
610 990 32703
196 486 3094
344 524 1588
315 504 7449
201 459 6619
581 797 14799
282 590 20799
10 158 20473
623 539 12293
39 180 18191
658 959 6192
816 889 19157
512 203 2635
273 56 20329
647 363 4887
876 434 29870
143 845 1417
882 999 10323
652 22 5700
558 477 27893
390 76 10713
601 511 21004
870 862 14689
402 790 15256
424 3 10586
183 286 27089
427 618 23758
833 933 4170
155 722 17190
977 330 2369
693 426 10556
435 550 7442
513 146 18061
719 754 16140
424 280 25997
688 530 22550
438 867 12950
194 196 3298
417 287 16106
489 283 12456
735 115 11702
317 672 5787
264 314 24356
186 54 913
809 833 20946
314 757 28322
559 647 27983
482 145 23197
223 130 2162
536 451 11174
467 45 21660
293 440 17254
25 155 29511
746 650 13187
314 475 28023
169 19 18788
906 959 7392
203 626 26478
415 315 25825
335 875 24373
160 834 28071
488 298 7519
178 774 32271
764 669 17193
986 103 8481
214 628 4803
100 528 2626
544 925 11024
973 62 14182
4 433 17506
594 726 13032
493 143 17223
287 65 7901
188 361 22414
975 271 29171
236 834 19712
761 897 4668
286 551 141
695 696 21625
20 126 26577
695 659 26303
372 467 4679
594 852 25485
19 465 21120
153 801 18088
61 927 9011
758 171 20316
577 228 12044
759 165 5110
883 87 29566
488 578 14475
626 628 5630
929 424 28521
903 963 124
597 738 13262
196 526 1265
261 203 8117
31 327 29012
772 412 25548
154 521 29791
925 189 21764
941 852 18663
830 901 17714
959 579 8366
8 478 1201
59 440 2304
761 358 2325
478 109 21114
888 802 22851
461 429 12994
385 406 6541
112 705 12836
357 73 29351
824 486 20557
217 627 9358
527 358 29338
272 870 29362
897 23 29618
113 718 18697
586 42 24424
130 230 4566
560 933 22297
856 54 16963
585 735 6655
973 458 14370
533 964 2608
484 912 11636
68 849 4676
939 224 22143
755 512 22742
176 460 17826
222 871 1627
935 206 31784
851 399 22280
702 194 12735
638 535 5557
994 177 25706
963 549 15882
301 414 16642
143 463 27612
878 425 32679
753 444 28297
674 41 9314
876 73 12819
611 18 14933
113 696 13170
832 41 26489
686 91 19498
590 991 15146
354 315 18652
741 45 11259
336 760 11193
606 265 12182
504 830 23776
609 293 5998
550 557 25562
628 468 29542
130 241 27814
175 602 6078
216 684 8214
993 825 5602
393 760 2671
429 28 4085
76 787 15499
971 288 23848
605 504 21222
664 707 2364
11 172 27490
241 165 25543
620 914 7592
705 819 9233
751 206 4976
540 304 11423
99 248 13585
649 972 17865
914 76 21546
713 547 18679
770 263 8520
986 290 15945
866 541 23246
509 319 27871
602 324 21133
473 153 25088
571 764 29902
104 424 3528
601 970 14016
566 29 21544
348 89 2944
638 410 26464
50 682 1589
343 609 32061
955 889 14147
691 950 12844
431 621 749
68 537 20784
36 227 15186
39 854 25630
225 749 19924
360 258 24767
945 956 23319
727 412 21026
356 2 22550
497 585 9516
965 343 8076
914 143 31197
949 73 20427
607 174 24430
405 706 20627
813 376 30094
566 37 14737
142 815 5995
257 653 23937
839 483 1356
16 132 18231
842 626 2012
638 187 19691
651 663 21635
894 354 21417
453 9 7263
234 455 16304
635 304 14257
149 125 12318
214 110 24029
201 81 21319
859 51 24156
362 265 11904
677 644 26910
903 562 28490
949 283 13654
675 221 5403
924 832 19370
879 260 19009
620 972 30004
946 782 26505
393 686 25314
699 590 12723
939 38 6411
462 235 12509
962 960 6494
516 270 24938
870 59 14701
972 265 15118
216 556 7816
331 40 30213
289 83 1955
86 711 24485
775 381 29816
952 542 18116
680 111 25899
74 789 23978
133 957 28690
114 9 12942
791 724 21364
29 185 24779
201 72 1886
975 72 11334
868 154 14296
169 826 9677
630 651 2599
310 694 4687
81 117 12250
668 529 26680
865 422 8406
827 817 7517
727 667 29088
682 965 1341
687 22 11663
722 65 29310
416 903 29874
125 942 32746
763 424 27532
807 269 9319
603 908 24308
482 13 21137
631 115 26810
85 557 12291
294 997 29153
55 346 14709
249 492 13713
132 115 16440
959 723 29705
996 53 25270
480 239 26424
919 867 17660
499 487 21197
463 634 12159
23 147 18393
38 926 10648
459 603 30808
99 831 29293
601 279 20800
353 449 13883
541 316 4576
763 568 22337
398 419 19898
829 852 26817
231 450 16926
659 230 24521
941 561 15148
163 656 20676
793 362 31755
399 147 8715
947 189 19570
639 664 15076
516 522 476
616 529 13235
571 906 9465
558 963 14162
525 550 17470
331 924 28351
334 926 10911
738 337 18338
279 394 7637
715 165 31592
950 136 2506
338 5 16338
624 665 9971
609 569 19282
86 153 18374
653 195 9877
827 397 7573
250 641 29175
820 944 32612
942 290 8420
566 806 7586
217 451 1616
610 65 9167
894 75 13510
301 696 9574
590 162 31173
969 359 26032
269 427 28511
423 775 8780
911 553 4183
392 496 5765
875 365 14903
256 461 475
973 822 26123
548 578 9790
606 196 27595
951 344 755
673 440 13429
913 763 5968
409 416 1909
224 760 26435
205 487 4320
959 946 26807
167 701 11368
693 788 28533
557 975 3448
22 284 26223
332 377 28584
949 724 17983
19 777 9221
112 183 23857
491 926 4325
487 678 15970
644 535 15678
669 69 21992
197 784 16829
728 427 15872
698 613 18704
28 409 5546
509 186 30239
238 444 21314
502 851 25129
112 651 28150
193 455 15870
682 466 20268
714 794 18635
473 973 22831
902 443 5178
878 771 703
365 382 16591
824 238 8024
180 596 20170
328 43 31311
183 59 7927
488 671 32529
652 259 7214
861 784 21287
743 611 4473
129 435 5842
719 504 14868
866 939 1882
258 751 28615
599 459 2662
64 757 20808
279 490 19436
366 76 7587
387 834 8361
331 49 8929
493 434 23841
767 736 19811
600 838 21893
983 329 29353
370 245 21795
609 253 11648
433 536 7209
265 498 23244
650 16 26842
190 101 19813
649 524 19852
475 634 29892
201 855 9991
698 920 17781
579 932 32545
341 488 900
526 484 5539
493 194 28253
12 561 15835
841 498 2786
530 541 18806
792 393 13211
550 579 26980
972 278 74
194 621 21498
827 277 19791
583 579 11160
419 490 160
450 925 9073
381 9 27968
209 478 18504
371 608 14197
75 723 12612
20 762 11057
891 164 16684
717 933 25453
742 955 6814
863 397 15461
616 905 2600
137 681 9199
33 388 32585
241 518 17007
671 242 18883
250 524 31759
106 622 17096
297 917 15679
179 580 25059
578 751 14008
730 82 2996
679 677 27754
900 785 15566
94 609 6173
244 930 7515
169 56 11192
974 923 6749
652 987 2145
447 578 26518
630 917 5875
792 470 22913
147 694 9092
816 950 26858
641 53 237
552 488 31227
163 956 23184
395 181 16098
514 262 12579
79 879 14141
612 948 2446
171 976 13490
751 150 3334
866 215 17283
8 433 8897
368 523 4883
811 642 7232
188 706 6480
322 539 31352
448 209 9647
277 760 30190
423 667 8487
456 29 29615
861 254 11778
349 504 10862
432 83 12456
198 107 8753
822 297 26282
22 456 15948
125 319 9136
377 775 29860
999 75 9254
923 636 1644
889 154 13233
748 681 19927
679 451 14802
962 200 20856
364 717 10574
562 246 6474
275 551 24354
182 288 2700
111 644 17466
173 530 9982
113 477 4382
248 891 16672
806 373 30033
990 321 23166
432 659 11294
207 579 16949
207 172 18167
397 698 31021
695 530 14789
110 985 11970
979 618 4016
627 685 9169
907 929 12098
119 391 15200
786 487 19200
421 711 18272
814 416 6086
319 581 1332
268 388 13445
187 508 4361
828 75 26432
153 272 10269
694 886 338
312 605 12678
407 769 29023
414 1 543
538 39 21389
356 290 31648
182 94 16585
988 762 20494
218 502 17483
448 666 10754
105 85 19096
526 222 3965
782 873 8107
657 344 22594
869 412 13714
969 252 27217
80 769 17041
532 934 23780
664 260 26654
937 96 24366
875 721 26836
681 977 18456
726 72 24809
560 157 5603
833 906 10441
376 563 22886
963 81 1837
798 203 10509
81 341 12077
59 494 7741
547 475 24774
98 881 23336
73 401 708
956 667 4142
589 482 17169
316 397 16226
10 13 18137
456 763 25044
743 22 17923
513 249 26019
369 718 9715
651 291 3336
760 170 21896
304 641 21980
200 106 24792
662 682 3653
754 34 32030
988 43 26254
84 421 15815
719 245 31064
230 653 18865
770 471 15006
48 595 21488
327 277 21324
541 680 23991
589 711 29272
946 222 28471
184 590 23956
979 780 5007
263 136 23488
197 34 2089
936 780 15994
791 963 18966
2 106 11808
568 670 3135
672 458 12999
546 598 14219
839 845 7373
564 29 29265
802 724 13491
605 602 24228
198 693 19772
364 302 22364
722 566 17422
446 611 496
742 23 31813
152 16 8056
394 739 15280
883 609 12655
823 708 24246
339 145 22291
340 155 24605
624 226 20079
725 982 2331
734 224 20595
131 847 4988
446 806 8617
751 490 27339
964 136 14698
210 631 23225
909 738 24475
921 373 10294
856 735 9562
57 607 8185
76 383 14120
742 433 24685
780 280 18284
668 837 24126
119 738 18029
120 578 10738
92 557 22796
61 902 8794
433 137 4581
876 908 21185
75 720 26791
477 42 3352
330 291 22975
73 592 12190
788 491 3240
894 54 17064
682 904 27006
177 480 1696
140 469 13999
84 640 29516
622 994 15827
723 839 24829
582 400 8979
892 24 26944
835 244 7350
703 708 20503
142 688 8347
892 638 18414
401 817 31691
163 936 29127
411 878 11383
261 190 26706
875 664 20723
196 567 16361
39 589 7812
246 468 32426
868 190 10543
64 548 30503
618 100 25024
227 204 30049
52 571 8637
459 968 8457
406 532 29963
820 976 10557
532 496 8045
592 804 3389
916 451 12320
273 792 29384
134 776 24643
570 301 17955
79 586 2258
334 894 10491
104 751 17234
723 272 19612
991 339 21642
259 48 2353
659 480 25303
684 991 10003
569 423 16896
136 9 12362
743 195 23700
189 179 4043
358 942 1848
470 346 4381
914 965 25711
62 386 20074
505 463 32704
103 70 5155
530 553 32075
150 731 2245
845 50 14119
66 364 19553
774 471 29732
748 512 5870
399 499 7104
353 680 28054
44 523 31089
564 835 9851
23 241 21912
493 652 28581
478 617 29877
179 221 14616
349 799 32180
636 858 2884
663 903 28263
421 771 19023
274 842 12687
889 918 31718
893 699 11268
750 66 10390
933 620 16082
4 131 13029
632 590 23153
631 173 19865
408 296 25429
682 491 26611
178 72 25237
460 644 16841
634 38 23894
631 275 12994
783 204 17462
291 663 22308
998 152 18424
891 718 6641
704 567 4884
662 660 18246
387 652 32766
602 841 17210
498 284 29251
59 422 176
582 788 3272
288 1000 12505
980 139 10701
531 462 12119
206 541 18829
460 623 14399
761 99 12936
482 615 19568
494 597 19162
747 539 7671
539 477 21556
918 372 16761
753 759 15434
256 66 727
402 35 12760
274 793 16194
934 138 17104
691 212 13695
669 628 7499
990 249 3880
648 150 30932
670 876 25599
450 437 24600
124 444 1732
155 862 4435
386 968 10817
394 705 29867
954 309 28224
685 793 22668
49 470 13931
812 815 16091
428 744 1605
600 475 7196
507 159 17590
859 810 17890
448 41 3819
365 976 27
90 504 30067
413 841 12571
677 396 28642
110 188 20084
86 391 31251
687 756 11382
129 503 24278
863 425 3566
873 833 30886
429 647 20890
479 884 24926
266 261 5046
779 822 13856
521 928 24774
135 252 22676
337 335 21002
738 311 5975
591 357 1072
81 936 32146
283 826 18719
574 713 13038
999 906 7163
718 693 19540
48 947 19104
232 116 840
859 830 2646
395 200 19646
273 676 21863
73 774 2481
239 898 3543
609 204 23278
126 135 1402
79 383 20170
737 479 17940
139 722 31427
664 678 21576
701 962 28863
3 449 25096
685 17 15138
508 994 21285
945 260 822
59 644 17669
678 120 29858
42 892 25265
624 916 8073
930 842 4716
616 537 14958
760 701 13453
94 242 11830
449 228 11799
225 325 12275
134 886 15039
171 863 32630
85 910 14879
924 86 29401
25 194 23106
413 766 5768
408 678 13785
705 791 9835
892 622 18086
735 191 20543
999 87 32019
622 425 22598
377 255 29670
109 928 12494
69 367 9103
439 601 10820
319 291 14985
340 557 25809
633 479 26815
788 240 28075
21 828 2555
989 442 16799
643 3 16322
105 947 7057
510 834 17709
762 534 20687
805 386 10143
843 261 22162
621 344 9579
188 114 13064
592 935 20416
657 762 25013
412 960 16252
739 371 26125
508 8 17585
952 102 14490
959 442 1791
14 413 14856
61 94 8473
403 677 13544
374 267 27652
276 529 533
762 470 32504
730 108 27893
452 954 28393
571 520 19473
408 495 9506
441 384 14263
410 608 18039
361 472 11172
655 948 11515
524 230 490
767 888 29757
633 471 25740
667 523 7284
161 554 24706
92 260 25387
688 630 43
318 46 12357
389 453 3155
467 834 27761
920 632 6739
268 777 21099
315 321 13054
8 470 24217
723 843 29008
464 261 30948
794 631 18718
44 377 25315
627 118 1335
621 172 26793
965 155 18867
694 665 23776
1 213 21101
552 477 6380
944 878 3790
362 386 8273
435 145 29562
564 505 12947
889 309 12158
431 124 6465
75 347 13838
982 319 26612
293 592 3833
124 462 16992
462 331 28499
370 292 8401
180 118 2318
915 596 1442
937 868 7029
454 910 13974
982 504 26570
817 884 25368
386 403 5231
158 682 15568
311 867 3688
172 478 31246
765 239 27672
48 116 4593
312 658 1406
54 172 20581
741 531 13676
321 791 13378
999 587 21605
490 632 29745
389 611 18719
920 260 5928
610 120 21480
717 301 21397
854 459 20831
594 807 29850
855 273 26161
295 55 26334
147 230 10472
429 560 22242
422 689 16367
34 686 2271
330 262 22861
209 983 22163
507 879 11980
898 888 6539
470 784 17541
796 267 18634
510 558 2318
135 54 18136
259 594 17844
694 467 22952
141 95 12938
175 513 6098
552 696 21818
493 293 20238
531 614 25297
711 390 5629
810 787 31745
841 183 28570
121 394 6293
963 215 12528
808 195 8706
714 12 18914
204 996 17763
382 947 29910
49 769 26625
512 955 4236
128 634 28241
863 128 27578
818 341 10143
101 401 6559
477 155 10936
431 832 21296
538 624 17923
928 30 30212
212 755 26881
254 294 21322
786 529 10444
1 556 24672
271 453 9376
632 641 8935
41 987 28835
249 540 28766
797 313 7263
53 732 23988
465 558 14249
557 171 5451
183 302 13294
100 333 19045
332 76 31005
51 27 14067
739 802 19624
844 442 3381
696 919 3660
364 629 6330
89 855 8614
980 570 667
680 578 27838
403 116 23293
724 873 29449
324 154 15949
396 198 4509
909 412 13994
666 782 3203
611 829 27257
706 966 18024
770 716 20254
806 685 29479
146 841 834
286 901 10969
995 634 13886
349 282 18033
257 911 10873
983 902 12307
636 861 32472
528 138 8344
769 234 3996
172 604 28943
12 880 31035
513 594 531
162 235 10259
927 907 5192
444 189 30228
720 485 5225
94 436 13225
95 583 8868
628 6 11147
687 590 20541
238 851 18760
579 957 32678
404 43 6301
812 226 21144
596 17 26616
805 7 28369
642 336 699
326 314 28024
313 619 18458
397 340 21087
95 847 27044
523 912 16281
456 359 26848
871 991 3874
328 414 3455
897 473 24451
242 642 5647
526 214 16825
930 696 25404
595 994 26068
188 641 25080
42 126 12535
861 1 4908
622 693 25294
118 718 20404
944 894 10640
12 926 24029
979 749 2851
893 445 10655
624 354 12037
548 347 827
62 905 10239
572 887 16406
300 57 11729
268 752 2020
992 167 5718
847 94 3188
422 913 6868
300 445 29898
202 329 24943
105 769 29769
642 297 11263
721 245 27919
626 220 17585
175 985 10460
150 15 5696
504 33 13852
538 815 8364
652 220 24291
918 684 31919
585 253 3587
270 249 12138
398 425 23169
28 149 31994
383 272 27670
894 878 1015
105 485 2944
496 812 1294
893 799 1991
300 891 8494
75 550 13775
315 174 24070
219 866 16834
239 912 13253
464 509 25150
89 246 6232
921 107 19272
369 422 15259
158 648 4983
239 123 17724
907 707 10190
157 346 12352
924 119 31551
98 837 10592
407 511 25814
652 881 27845
744 742 11246
579 950 21706
515 786 9228
625 205 28357
918 228 556
103 287 19469
699 980 21412
490 759 13491
776 411 17133
90 297 11951
113 123 12530
673 837 18278
554 977 10671
86 653 1752
398 752 29002
436 694 15073
917 717 25329
512 126 11839
297 940 11545
57 827 12903
759 589 12022
587 109 29778
629 980 26948
550 281 13246
129 63 10427
720 678 29092
48 786 23232
407 685 21955
770 710 27957
422 946 13466
17 861 16498
336 191 5678
50 6 7887
389 676 13144
378 131 28488
556 483 25254
1 755 290
489 216 12009
311 941 27800
998 708 8455
305 238 10486
500 793 29614
613 683 12984
352 130 17138
34 601 31865
684 858 8969
711 969 31709
642 733 12438
685 500 32702
870 584 29257
693 641 12088
13 811 5821
836 664 10616
898 678 2775
135 554 19534
879 287 25625
735 76 15350
713 985 30625
793 505 28823
56 914 463
474 85 24161
123 54 19398
823 751 21338
918 7 4932
198 506 29237
358 600 28291
899 986 21448
85 593 18726
997 856 24829
339 343 14429
796 743 30038
507 768 5054
794 506 24147
610 925 19855
466 240 26207
210 493 16500
176 37 23062
648 619 25014
728 713 27897
910 842 20131
91 35 7916
287 524 20667
345 737 22038
417 894 1950
972 845 22778
286 201 14591
286 326 17119
669 7 9730
9 542 226
537 981 717
471 385 28748
329 937 6205
701 524 26365
412 41 251
505 484 21767
142 671 10846
507 89 23257
108 267 5858
679 200 12675
156 192 8991
833 859 10997
918 291 3968
708 235 28247
463 403 8240
427 96 30907
315 351 4587
280 777 25823
880 302 15813
677 165 7358
571 39 24313
145 562 28181
201 644 21857
62 648 5940
809 291 17453
980 619 21420
8 285 24548
978 676 18614
710 372 28643
340 337 32622
502 35 18130
359 437 28470
898 505 4799
203 106 1239
33 66 12517
482 580 9024
728 772 31314
383 141 24817
489 320 5590
514 260 20852
272 284 4365
39 13 3185
760 502 9575
734 60 27715
650 596 28523
542 417 15378
53 566 19892
139 311 20968
56 788 27225
223 440 27442
649 805 27835
369 442 8873
669 975 19177
138 634 3242
746 19 31016
975 253 847
957 525 6967
582 145 32241
335 297 11877
28 206 2019
292 642 13466
192 472 6260
701 218 2017
944 625 17065
506 158 31503
667 276 32047
633 790 6047
146 4 13153
902 327 29154
185 650 30351
406 347 1026
971 337 4796
794 324 5533
857 897 3211
777 693 14551
291 796 13853
351 316 10037
362 761 9985
730 535 6051
83 807 1937
585 791 21618
183 67 23117
389 426 13102
611 451 19983
622 194 27039
755 594 14896
281 639 25168
421 346 16884
866 697 30834
391 633 20190
840 184 13818
130 754 10680
614 601 8253
146 862 2152
319 964 7814
908 555 31477
618 212 25430
265 967 19532
943 699 19523
156 588 15258
159 465 13763
511 947 31066
381 166 5947
541 298 8043
465 195 12585
271 716 32201
207 107 31303
697 834 7612
68 416 6646
176 355 23449
920 80 27989
322 593 31598
198 510 8653
72 659 14123
860 998 11000
900 121 1321
37 985 4913
916 954 19486
742 200 11568
209 845 30170
682 880 21109
208 260 25707
850 76 28027
125 608 17775
885 129 24547
146 482 11715
150 169 13339
308 794 23505
106 698 18218
956 642 2344
134 98 680
737 556 25634
955 931 10253
905 280 12489
871 755 26073
177 702 15416
87 232 17481
976 261 20515
939 658 14991
439 982 15448
243 619 16071
632 62 27220
782 991 12834
673 564 21303
503 929 30722
899 448 10946
407 223 8687
795 578 12845
684 548 13241
486 465 31724
338 654 27169
131 256 1467
859 513 29657
319 202 143
277 507 32703
685 24 30271
313 251 13476
312 851 19196
489 521 26102
184 799 27893
849 785 30246
188 463 28344
259 860 8872
17 173 22833
442 684 16089
16 977 18517
299 40 31284
206 998 29147
770 676 918
388 21 6031
443 736 32390
374 481 12074
778 787 8382
786 523 18346
980 86 15714
936 736 30884
187 97 20649
86 753 522
261 983 6637
689 920 17237
793 66 19279
199 497 26387
12 977 7548
122 203 7246
703 565 31540
573 258 2371
921 655 19360
81 299 23392
961 511 29592
868 34 1676
137 500 17776
791 377 31257
273 704 5087
968 516 23543
496 567 18457
187 438 19199
627 365 1086
666 909 20341
361 815 21155
13 753 3339
707 526 30631
250 180 3080
314 839 32518
422 146 5992
970 840 24309
566 763 19474
682 971 23148
54 709 6509
716 430 31067
690 664 11772
542 260 18632
573 515 10967
989 171 28169
200 656 3851
445 937 16279
407 428 10314
524 372 23328
74 462 2174
935 103 25588
418 464 6154
127 596 1496
214 407 27371
860 306 22497
834 224 4853
880 520 6127
794 586 21466
372 445 17108
272 88 28100
520 597 5716
553 493 14754
258 591 24960
358 887 7810
866 687 32020
260 314 2436
29 102 10469
870 457 6732
579 75 11396
844 275 13317
25 512 18586
723 972 10058
96 175 5039
184 659 17296
723 984 6232
504 233 24301
591 481 17409
506 703 22859
819 558 15562
121 29 23657
714 333 23093
183 468 11321
359 75 3988
95 984 21365
265 715 26747
391 426 26256
164 468 5793
232 620 2881
719 129 19949
721 80 32092
767 588 5809
127 826 31160
519 221 10036
315 457 24148
157 135 3361
752 209 31479
295 590 17525
977 695 4091
190 373 7420
302 703 24845
524 540 20610
828 638 8187
417 828 15170
624 900 22515
416 645 5437
670 379 31677
859 953 9847
138 916 22989
617 289 2383
75 334 3916
57 657 30063
617 525 12130
443 985 4873
50 397 18027
583 203 18776
417 666 14553
760 756 11418
845 555 19444
825 1000 28423
122 734 31414
918 794 21874
61 176 9075
986 502 31623
209 396 11027
721 292 31989
930 73 30978
194 9 12255
923 877 15138
817 804 21091
913 290 17254
980 300 12323
903 603 6370
655 730 9735
439 275 5227
464 135 22973
349 454 9504
308 519 18334
438 696 13180
662 145 17660
962 908 6577
473 646 3593
973 629 24197
812 536 15836
230 717 23533
957 159 29750
621 297 19725
121 527 16407
984 446 30575
692 589 30539
665 105 20878
354 943 17005
624 853 15626
612 843 8725
150 136 13591
147 329 23856
805 742 16910
382 780 29103
84 693 10533
313 100 6162
48 406 15291
570 960 32629
140 229 27581
472 779 27441
457 149 29445
746 126 7211
699 617 31181
816 65 16227
473 480 19594
483 6 18537
334 106 27588
733 639 31166
65 519 8400
33 509 13897
439 979 22639
246 60 24170
745 363 24770
50 519 16468
559 144 23062
604 191 22187
227 604 17005
301 769 424
348 397 4567
231 666 26153
1 618 29174
787 669 31598
580 225 17729
261 159 23426
268 313 735
453 170 29563
571 212 29236
891 712 2065
751 961 7546
768 755 30788
218 566 29943
89 274 2816
580 838 9389
270 887 13831
810 641 7322
320 882 31627
21 412 20455
894 985 2358
1000 337 18830
951 458 32406
366 335 30050
95 593 31271
120 18 29314
254 118 4978
161 506 154
592 563 3577
855 73 11135
17 51 9194
946 853 20748
522 62 6345
260 367 2886
440 719 9108
269 555 32051
433 800 32021
736 99 2793
917 183 19030
317 60 13759
584 400 1136
358 71 15272
343 781 13878
407 296 17687
404 253 15719
36 286 28429
679 961 102
950 365 26386
627 158 2738
842 939 11594
97 34 4494
769 874 29936
110 97 20382
562 740 5585
924 500 16732
850 443 8607
851 288 26041
770 224 1589
468 84 3401
159 607 16939
464 921 18367
759 686 9024
230 299 29357
471 176 24197
684 989 7620
947 191 8276
470 520 14342
198 546 1655
159 59 5795
792 342 24838
901 233 12676
737 439 9959
581 86 15014
285 254 20728
286 427 19671
537 282 23371
550 349 9078
200 836 3574
138 352 28732
618 234 30572
377 530 17732
45 343 16468
1 529 30917
635 1000 17758
241 582 13624
942 132 15750
540 300 25576
100 364 13246
727 202 6425
84 390 20736
25 896 28746
171 484 28718
393 753 11325
774 741 18256
469 71 16844
31 757 10766
115 981 1459
359 125 6009
312 668 21718
929 591 31100
581 871 2991
413 1 18065
276 85 19683
912 107 9869
645 827 16437
367 593 24989
839 866 27213
948 447 19660
53 772 21257
111 58 10667
251 671 13146
926 149 5875
775 44 9430
537 764 20017
859 935 7302
62 656 3816
175 583 10140
83 25 20901
576 338 15377
301 425 15865
538 696 18526
630 852 29789
795 745 21707
76 72 6491
885 820 19980
196 159 16808
846 375 17439
157 821 30433
767 223 22958
554 272 6956
390 626 8030
129 40 1528
395 491 29649
55 518 24193
531 619 3149
57 991 2283
744 440 21302
494 928 270
394 34 8432
593 136 19027
843 81 18617
962 718 15908
921 246 22167
122 783 2783
7 492 31871
616 196 13144
764 772 23593
936 218 25413
882 468 26722
953 323 1829
231 430 21425
700 154 22152
795 42 15265
384 721 30145
389 78 18214
203 659 4203
754 250 5059
576 91 24639
824 396 24702
206 559 3124
288 42 14027
531 210 14821
936 44 12532
675 903 8101
72 776 15010
431 795 28623
737 891 5016
453 755 9783
934 189 17856
961 946 9924
543 660 30488
944 348 18585
390 669 21789
199 281 27480
708 814 6861
448 847 7272
183 345 13143
449 637 12354
550 889 2824
826 252 6191
640 47 3363
776 625 14079
986 104 26782
378 351 6049
171 495 20217
730 727 16039
916 673 18353
863 422 27668
129 466 14330
260 83 5390
987 420 12736
141 667 13633
486 823 20004
162 897 26142
151 433 5873
362 771 32314
166 646 8121
811 129 25971
622 597 15005
515 800 23211
270 553 32236
472 345 11831
383 262 26396
152 667 84
711 759 7373
296 907 30015
453 285 29906
813 22 6342
576 291 17526
612 168 26983
784 388 28794
51 680 18269
275 885 32630
336 461 24106
512 993 27825
551 17 8061
802 760 29310
924 68 7301
226 257 19141
49 656 1808
450 492 18761
383 837 30220
271 680 1726
520 810 16702
632 325 25808
726 302 30284
970 489 21165
964 125 7535
771 852 13998
725 512 20068
266 841 3380
956 29 1662
433 228 30161
140 667 22238
49 849 24405
49 566 28222
134 176 6242
515 148 17363
955 677 3455
659 722 20785
689 467 16117
857 181 26430
538 630 18390
844 5 20102
385 921 31988
137 53 7583
529 367 1473
194 959 4180
984 988 10824
398 97 16595
902 654 14521
504 473 21
933 954 10825
34 58 15666
733 281 25168
967 691 869
927 829 21480
145 704 9450
834 4 22911
241 28 15611
528 283 26394
188 864 23962
566 600 19252
319 82 3559
104 359 15239
179 465 17458
573 222 16923
757 868 21261
299 344 5235
842 20 25353
63 412 16812
794 406 6882
652 761 17899
272 843 5695
85 536 16501
956 156 20324
651 689 5940
11 18 14933
949 211 3496
420 649 4190
172 852 3696
224 638 16650
801 408 28135
885 178 14813
642 305 4497
163 538 18552
852 733 31566
939 446 21229
195 527 2179
746 929 4206
150 258 5313
402 200 24728
693 354 27796
543 568 27150
377 256 26743
749 104 22816
48 74 28966
750 138 32170
332 971 26054
769 53 13179
157 982 12696
587 930 732
279 860 8753
90 959 20239
55 973 4209
657 172 18148
504 512 32175
820 108 12206
600 789 13262
46 436 7493
733 77 4668
404 368 18900
55 168 19213
115 130 5794
978 855 15013
832 890 23327
648 300 2490
675 837 6613
388 958 15504
492 483 2830
28 362 953
497 647 15184
598 555 25033
103 946 20477
225 82 22196
624 633 28344
603 370 3283
990 438 21600
36 180 19655
653 400 28351
133 946 5294
872 650 22591
205 178 25706
320 751 30529
229 723 29669
786 775 19185
652 885 27038
916 190 11682
75 760 5851
547 261 6428
234 422 3162
819 547 21351
264 462 21847
459 595 27372
946 503 8247
421 255 7954
761 587 25420
736 617 20114
336 593 29019
266 371 22337
526 747 17645
513 483 2816
106 727 23202
774 307 3081
594 991 4592
215 224 5858
701 850 2323
286 763 2703
269 375 5153
849 236 28639
763 238 6273
793 201 26344
520 482 3371
992 146 19985
715 86 30080
400 283 14387
120 651 12194
186 517 28609
889 500 12426
897 770 25332
815 503 5971
538 599 31078
399 852 11889
464 54 3506
742 268 19663
656 82 9696
619 873 25095
671 539 7122
446 524 8244
366 719 17136
938 600 31500
193 555 19125
32 67 26430
723 557 13819
876 693 13911
362 133 19729
523 150 27278
827 349 1279
778 339 15176
945 126 140
822 341 3641
967 82 8149
548 952 12908
552 111 6558
78 10 404
577 541 26024
575 455 370
907 486 25000
49 931 574
659 817 8885
374 32 22605
784 792 25423
11 988 32365
569 995 580
24 710 31658
142 286 8478
24 273 8829
436 550 12518
10 744 30868
266 591 12892
370 539 7605
777 213 10992
694 410 11621
198 663 25129
101 760 10843
441 90 29495
643 621 21487
147 965 11487
272 944 9467
475 446 11789
350 828 30955
505 282 14247
758 286 16115
351 833 23674
944 313 3233
884 240 7769
590 684 6210
988 796 13246
913 640 30936
249 480 13208
231 955 19602
941 44 19719
413 378 26624
473 984 3886
687 721 16258
703 440 10607
277 925 10653
38 36 1700
317 891 13368
607 222 17976
521 793 24566
548 259 27685
532 830 31783
706 163 15690
924 871 25343
283 197 12181
970 73 18716
52 737 11756
175 478 1155
730 883 15852
770 238 28302
677 605 27074
162 198 8596
126 486 15063
230 561 7719
74 80 8710
663 225 11575
683 476 28816
344 447 27533
569 685 4362
473 287 8267
90 152 4605
234 595 9077
599 605 23534
469 185 31418
965 617 11015
67 997 16874
149 511 10397
942 792 16867
590 21 23356
949 252 5082
272 826 9229
174 455 10310
431 239 13992
740 854 20449
568 55 29878
491 198 19057
774 590 26863
537 430 12889
540 586 21842
168 521 11561
48 582 30383
607 990 26785
404 961 21463
733 393 26844
64 924 14612
741 693 22444
271 920 28850
113 577 11846
487 557 28604
365 499 2509
879 339 6724
6 412 4194
118 944 1228
515 291 20417
802 340 16545
237 13 16275
434 741 24402
184 136 24829
634 438 32135
578 672 8723
264 660 24541
369 283 1849
367 291 3228
459 72 30107
306 2 25435
771 556 8508
300 731 4076
804 440 26195
489 665 26674
49 359 2281
488 765 23714
14 453 18171
979 767 12705
417 650 10378
838 538 19460
433 956 22106
527 938 1367
915 156 19291
447 183 19636
94 937 15847
239 457 24404
715 600 30042
926 75 12325
345 864 13750
277 598 14335
648 427 20044
245 593 28762
270 176 31140
697 482 14472
269 714 27667
31 807 27110
291 60 31685
547 760 31104
607 392 2094
197 584 17951
558 436 13
668 870 10166
904 974 27792
517 150 4516
119 244 3389
498 712 11092
875 564 9126
8 371 15122
728 659 24337
276 222 11577
800 920 14242
612 713 30210
636 264 17831
515 337 5784
33 989 3340
706 671 15941
869 392 7729
986 538 26321
125 998 9355
704 495 30563
866 555 20701
303 715 31630
795 27 20464
529 749 25680
352 200 4
443 281 10017
291 99 9859
731 554 29552
263 445 21650
486 56 12573
890 859 17553
130 641 6861
47 628 5045
423 937 7474
155 334 8757
52 392 16535
932 323 27080
203 177 21581
270 389 3430
886 3 27611
328 275 5761
100 43 3056
394 66 4929
573 285 14727
799 524 26202
588 89 1998
653 176 25751
679 456 20894
631 407 9532
490 166 4522
128 965 441
114 390 22711
489 764 30321
189 822 17265
4 755 14723
317 855 6587
426 525 15819
303 121 32660
489 683 18342
575 501 25567
223 755 1553
851 517 13227
487 603 7738
750 968 30103
266 882 31844
711 509 26490
859 185 18122
107 587 23988
372 491 24973
519 74 32354
282 663 27997
214 452 29116
805 786 20334
565 505 12838
454 785 16334
973 922 31545
371 258 89
130 298 3341
924 902 15344
877 732 27501
649 614 254
312 694 6333
452 815 31600
217 213 6835
850 253 20913
142 210 27451
181 570 9536
563 366 25112
818 12 764
322 607 13346
444 851 22594
665 443 27445
834 737 6503
26 560 17954
8 7 31544
130 752 21071
396 229 17542
60 221 22716
945 179 7659
385 739 30384
639 738 13636
31 783 32316
81 22 22426
753 205 5447
413 5 8046
826 245 2550
995 530 20133
10 317 2430
762 134 12931
747 533 25284
874 440 21881
836 988 20571
590 630 5561
522 598 32190
164 445 18622
706 816 10714
335 1000 13138
616 165 32059
512 384 6847
944 738 29832
656 252 24352
291 53 12296
421 62 14361
768 274 8035
134 192 9302
379 388 27880
501 616 12710
73 62 19953
971 824 18065
538 51 1611
792 979 22444
162 822 2719
299 184 16934
696 710 21073
469 704 12865
846 850 9051
647 143 22445
156 460 769
886 302 769
848 607 3188
536 310 28365
634 352 19141
626 725 15347
201 839 26032
222 218 23625
585 816 2345
353 20 6071
368 920 32175
488 31 22346
717 45 31700
163 686 16116
322 503 28542
805 574 10734
453 812 12230
225 160 9984
666 846 13951
827 592 26898
214 372 11987
663 191 5585
907 419 21623
720 667 16219
992 960 9567
104 280 30499
868 346 26104
431 21 6026
535 822 31834
236 288 28394
828 349 16625
693 919 12801
245 432 9087
696 509 21754
598 193 31122
820 908 29072
23 562 1992
53 252 1524
966 957 26981
62 466 27524
301 829 29236
954 613 13683
877 158 5290
293 200 1777
462 843 19132
661 701 11639
81 621 2546
930 169 14142
763 835 31634
271 83 10001
561 365 6142
100 337 7666
834 30 28828
255 29 10320
985 111 30169
418 398 8126
407 411 28464
49 691 4970
345 600 14644
156 465 14538
559 207 16912
415 948 21294
130 588 14081
86 765 7235
77 16 30119
385 848 20649
548 556 10833
782 838 27428
897 860 8325
800 654 7702
842 405 15730
216 566 3651
533 84 29720
297 440 779
239 242 20804
7 621 32671
850 206 4525
79 788 21985
630 140 7899
974 639 3816
3 42 24486
64 212 20067
828 584 3931
566 83 27983
832 236 23291
813 257 15803
449 514 26127
498 65 3216
294 908 8438
419 339 22425
71 184 6346
329 60 7484
222 538 11561
350 924 30884
906 848 29314
787 985 14410
235 501 1971
840 158 5669
857 486 23593
23 734 32736
384 828 24500
62 91 17136
101 480 26574
907 886 17246
210 837 19982
940 700 30102
408 196 31220
85 428 29356
561 134 15453
801 604 31689
399 876 11570
305 991 27844
558 858 11320
876 150 18191
947 799 19468
347 510 30081
480 982 23208
720 139 32426
700 771 32015
511 356 24233
766 619 31721
238 265 710
704 545 32051
542 302 12345
428 142 2911
697 825 19684
99 641 1132
571 755 23536
904 446 27610
415 33 22918
631 319 12433
414 91 18462
133 636 21518
646 322 1819
806 334 4722
247 971 15789
395 9 17228
836 578 5676
206 51 14643
255 319 1391
725 980 31366
755 172 14023
845 268 22510
411 873 16553
875 978 13698
371 942 20268
342 618 24969
66 322 18656
728 915 8284
138 933 26550
163 883 14036
931 535 17521
729 689 19725
635 234 5604
126 123 12783
761 66 31931
265 424 23323
487 909 14639
632 566 6427
363 564 8379
420 852 8742
316 77 21169
522 99 19588
532 240 8340
553 831 20475
782 743 9119
901 701 24235
607 681 9791
924 400 8169
486 635 25456
545 445 30709
801 220 30519
350 948 7581
300 449 685
120 133 23341
889 771 19298
434 141 2623
546 541 20728
251 83 29248
100 51 17731
397 305 16332
806 52 21083
140 768 24371
677 144 30557
974 117 11958
287 367 20434
844 673 19815
299 472 8938
262 810 20921
587 328 28442
54 324 32529
492 598 7100
882 824 13311
672 579 23994
91 654 21235
267 248 32114
423 746 25975
489 23 23378
520 84 15967
806 795 7647
325 442 31090
99 798 12067
461 392 30574
466 606 26807
439 397 27519
263 945 21727
16 894 19324
570 125 4219
370 473 1671
162 16 27826
730 495 24038
196 831 16550
301 702 10795
562 304 14993
960 949 19207
614 970 15640
456 562 2652
411 678 16577
540 223 27503
225 197 6850
24 913 17724
715 372 16809
621 982 13157
299 150 32146
498 467 27444
449 393 13532
205 696 27295
451 150 1952
582 599 21846
676 246 31585
434 101 14400
568 298 26010
942 232 26100
899 975 24388
760 263 16146
730 660 9325
768 967 3969
928 95 10850
797 543 17924
397 418 15412
369 49 15782
834 575 24689
885 669 10469
426 205 31845
922 961 31912
923 952 26701
343 631 3426
431 452 17721
199 528 31481
406 383 12426
615 613 6205
193 10 14939
6 867 16667
172 81 6965
542 27 7887
936 734 23252
725 77 15293
160 952 15597
528 808 4288
28 921 10806
128 838 29711
584 804 15138
484 342 5636
622 278 22279
81 435 4712
230 854 21931
409 731 7449
633 142 2671
417 64 1819
816 985 26510
975 742 21886
409 961 19749
86 779 30102
172 506 27402
797 173 21110
732 988 11671
526 185 15803
728 747 19689
353 198 20990
896 399 4952
19 374 16258
720 874 6916
69 884 25611
860 126 27597
840 584 13519
160 519 23062
168 604 28167
939 227 7194
883 877 15761
739 558 3781
555 79 18062
869 522 25674
99 758 31259
420 346 17902
190 217 25957
240 726 8126
533 179 20422
717 763 10288
209 739 25531
606 491 3800
570 408 13254
414 657 25786
584 349 18594
800 363 5607
667 736 6220
672 665 32600
609 848 24015
915 213 7508
623 328 22493
321 1000 19899
272 387 2193
553 218 32525
989 694 15090
689 415 12297
269 347 25359
738 746 11569
798 826 29648
222 238 20644
908 671 4550
547 40 32253
13 21 11432
477 692 30526
846 100 4417
775 57 18678
873 737 1009
897 310 15133
359 789 30745
5 931 16728
650 520 4869
175 902 8362
256 967 26928
314 363 14781
819 729 23290
714 942 28224
797 732 12841
232 136 15633
583 383 13251
645 853 17458
602 269 21034
774 895 10420
527 884 6534
783 513 17437
826 53 25813
25 846 13297
203 774 29759
306 678 21359
112 282 11651
571 981 4254
328 360 13717
798 119 17719
778 382 16066
153 714 4372
177 587 26875
243 242 30510
98 663 31249
243 149 32593
537 621 4618
230 625 11782
639 707 25562
351 548 4459
40 906 29982
469 415 15602
317 295 1968
46 168 10040
164 601 9775
445 1000 17526
81 218 26825
450 87 15675
258 186 31216
59 276 5231
583 212 15038
271 963 16592
29 662 13613
697 877 32101
959 172 24192
249 123 12699
551 759 5729
146 743 7439
861 474 24478
494 696 15405
214 33 5526
905 296 29222
849 169 28085
621 92 14839
233 120 30338
567 433 17263
535 832 3638
695 103 17012
515 643 2270
835 548 9731
504 42 607
412 298 14738
103 16 13064
118 318 12000
152 644 7539
783 455 1888
13 913 8923
838 175 7092
809 719 1852
278 624 25853
212 231 16590
2 16 32488
729 30 9922
988 864 27328
489 478 16715
847 476 15083
832 840 12620
170 648 19363
407 561 28753
906 562 22721
381 442 6551
340 739 27125
952 6 4941
990 626 1483
105 654 23381
431 612 12607
59 788 32052
328 431 17623
748 408 24297
715 206 24950
407 811 12516
936 589 7786
335 914 29024
477 964 14178
727 923 11708
530 267 23628
426 901 3249
976 531 7758
414 97 17017
93 906 7252
808 731 27704
548 453 22256
685 536 595
147 791 18037
48 506 10608
279 959 16282
747 300 14423
593 414 12809
53 42 23792
577 925 10658
709 947 29959
633 264 1628
832 442 32680
638 101 26638
910 751 4655
541 598 8828
980 47 2140
839 82 899
793 222 18698
294 814 6207
930 694 352
817 195 16239
989 676 13972
422 981 1684
967 100 4757
610 467 23669
360 396 27185
929 95 24333
867 459 15267
464 914 17432
287 361 23167
450 123 25261
884 174 14967
707 947 2475
709 347 23671
821 267 25070
379 928 23039
885 360 27768
979 31 30922
192 891 3094
445 810 9508
41 524 18223
648 151 15226
263 383 22970
741 2 14856
306 527 6288
864 980 22967
479 346 24210
887 907 14721
644 607 4443
362 984 18939
818 796 3710
800 498 3796
743 253 21368
141 104 10856
756 53 16857
446 263 2998
651 790 20066
706 128 4448
428 504 1277
266 676 5247
782 804 25816
264 761 9317
582 778 32534
829 785 22704
445 477 18375
109 536 4403
936 442 31787
394 321 21415
945 858 12913
305 497 17692
707 827 26217
584 134 4512
977 306 29666
207 99 32419
620 792 15025
468 851 29935
496 976 29076
695 788 5466
763 640 17509
461 683 30587
496 123 3936
949 560 5120
139 467 11374
751 61 9342
94 549 10407
919 269 213
66 620 10128
572 115 18043
751 750 1729
262 978 28737
26 607 20466
784 954 1406
627 154 166
546 128 15781
432 381 30184
348 724 29082
64 545 12250
427 441 1663
292 30 29699
599 979 13728
826 461 26270
181 224 17348
403 166 21083
424 56 28188
808 810 21331
92 112 7545
345 76 17690
206 757 24725
218 857 32049
761 281 21651
89 967 21068
779 174 3844
49 933 1577
764 599 24336
617 858 10981
167 662 25492
934 930 24086
251 892 4694
787 58 12560
828 911 26227
291 242 10265
667 75 26693
149 413 24893
217 159 18828
160 43 2840
164 449 6397
251 897 3197
679 109 23487
438 304 30324
2 42 9846
631 95 10401
994 55 8395
205 543 26125
570 582 2644
828 202 4503
24 39 3562
835 102 4206
901 733 11457
637 211 13918
594 478 23793
911 991 29409
776 890 12070
392 140 1836
307 40 32174
70 574 11445
828 196 23337
396 103 4317
8 23 16765
949 9 13773
9 791 29158
48 832 29087
697 907 7468
815 191 15468
606 512 22384
654 440 4827
943 930 7441
528 541 13887
444 48 22154
471 611 21606
710 972 26472
243 333 28843
421 226 30882
719 589 5352
253 858 26866
976 431 11352
103 751 11789
748 73 17291
220 718 1994
761 757 4093
694 200 17033
850 874 26344
934 445 30857
487 26 32365
1 333 23023
146 54 17710
896 748 4509
320 635 7137
124 245 28983
491 376 6547
440 49 14566
963 169 3720
470 983 8114
288 341 767
634 291 18322
637 678 17996
907 464 5250
621 57 6134
567 956 58
422 462 22502
661 917 3164
739 379 19398
335 589 29500
471 200 14116
367 466 15233
875 79 4338
801 849 27994
959 758 23672
59 683 26618
66 707 25821
313 205 19603
198 137 8644
117 979 12307
625 116 12474
161 679 22337
720 609 25189
783 322 14617
224 713 11187
171 767 29043
269 459 10877
663 947 16982
754 705 10839
598 323 19596
912 116 388
605 579 14641
865 567 1695
932 366 26757
185 66 25107
266 1 5985
390 403 25412
958 808 24408
228 687 7944
36 113 8232
678 50 1207
402 436 3547
960 577 16812
709 91 1165
598 726 14108
884 416 2378
95 381 15356
169 935 384
612 317 18404
949 201 13042
661 274 17724
190 33 7224
788 179 30740
504 138 14891
464 178 29802
204 914 26831
315 100 22999
104 599 20118
791 869 17375
693 449 14107
185 849 25927
568 236 32408
978 472 27206
31 921 16846
459 760 20599
43 809 32278
67 634 13506
279 291 15312
441 18 30403
870 544 20849
227 761 20058
864 647 22491
669 527 23387
611 650 6340
814 163 8359
221 438 9816
876 373 4877
391 430 30556
11 78 14785
276 436 25977
841 49 8530
191 634 21368
638 324 25446
4 995 8087
735 453 5276
542 926 27202
856 305 22379
392 434 13261
726 827 28126
691 190 29708
936 848 15720
884 615 9429
314 49 8027
641 728 21710
467 566 23966
888 474 18977
751 654 11954
230 510 5344
601 772 13612
779 764 16189
569 3 17961
969 374 7667
361 419 22386
2 486 11620
947 614 16697
390 895 30805
120 220 18628
89 462 19296
653 644 91
748 966 1125
285 526 15954
793 111 12198
498 806 4113
857 257 27731
232 35 28502
172 439 20657
266 237 28470
925 387 18973
803 653 25472
581 926 20381
709 600 138
868 729 15813
832 685 27294
659 141 26888
689 78 29560
960 531 28631
677 141 10639
392 861 10277
61 95 12329
438 54 15386
140 928 26729
197 305 14369
397 976 4814
184 392 149
647 334 3560
128 774 28602
208 496 553
836 461 19653
172 596 29721
468 376 21164
613 475 13650
931 629 25396
584 834 3128
46 1 21986
991 773 4639
772 794 11697
374 62 24909
740 828 13498
873 579 19290
773 694 7659
1000 479 7367
611 643 29996
568 578 13855
455 993 27603
227 995 25046
375 549 27884
445 882 31976
671 848 22319
99 968 31595
573 68 5139
992 790 1269
461 513 18301
813 435 1678
576 618 21891
48 991 23341
706 485 25644
815 565 11501
299 683 23876
371 924 16499
52 865 22678
24 261 18765
118 468 20771
920 856 298
728 666 10301
889 970 21814
399 245 20360
851 457 25606
811 429 3914
421 883 3033
267 388 20632
465 502 15381
586 703 11074
654 595 28228
389 955 17803
867 169 27148
372 138 26634
313 863 5321
102 556 4686
87 118 22742
764 649 27933
668 954 31147
214 595 15708
76 267 16730
483 509 1803
495 572 10507
699 956 29145
445 225 16779
102 32 18741
304 926 529
560 590 12271
850 913 4789
564 401 25542
515 506 30045
712 376 18285
107 259 27398
395 160 27124
416 97 27823
259 874 30877
397 707 22106
796 388 1144
142 140 18389
840 278 22373
753 397 4683
772 586 19530
585 448 6869
940 1000 19616
523 243 14713
708 632 18849
455 972 6491
210 459 20926
728 869 18965
556 906 21290
208 356 23397
324 342 17050
635 785 21427
787 612 18823
870 259 26412
801 805 24986
504 363 22609
923 41 27402
938 13 11348
920 92 27149
161 406 11426
91 331 15282
889 796 23639
412 985 19648
656 372 25503
101 762 15718
966 540 19502
424 816 29410
54 3 4432
586 90 29808
945 536 19265
813 628 8985
756 96 28886
450 239 29756
416 742 7057
610 20 25828
863 249 14780
344 732 28752
252 97 30499
307 992 28302
414 782 28452
470 287 7278
143 542 23356
436 659 14800
962 381 21375
585 539 8114
657 594 8374
672 32 24253
254 400 12624
101 37 20601
367 193 7547
165 304 16282
953 810 1934
723 483 20090
243 705 22870
941 137 12066
806 613 29673
827 956 626
211 157 27389
647 869 23615
414 797 9727
66 86 2182
830 257 4189
717 839 20999
916 500 12223
734 469 17630
144 917 21029
662 791 18425
742 448 24348
720 82 32383
490 106 32404
750 391 15992
169 546 3318
346 168 7271
539 987 1926
203 183 9096
629 256 3397
721 342 24814
547 279 4028
904 725 31687
987 366 11398
869 617 16219
345 605 13164
880 16 19373
844 808 26218
327 18 10181
58 870 22537
459 701 15623
275 836 16829
915 959 25900
428 593 3922
341 90 15537
44 494 32147
22 829 27095
219 803 22944
497 28 3218
86 404 31673
777 686 9712
67 255 21355
943 644 1501
151 867 5210
535 399 17501
686 694 3254
925 622 25249
112 276 22044
104 624 28117
724 286 15204
713 118 19085
470 808 15967
105 585 11382
66 373 631
561 88 2716
946 994 2622
843 466 12250
159 149 29767
71 497 6694
704 968 4684
461 715 12445
416 715 9925
962 726 26201
668 773 5250
818 219 29814
359 380 10470
87 476 32725
247 188 13518
283 72 20341
502 236 12626
274 948 16007
389 918 1244
339 185 24958
640 95 29261
532 254 30666
238 391 7972
28 498 19461
185 492 16100
492 941 8891
107 414 8499
224 791 23563
126 222 27996
947 579 1755
202 524 4414
99 547 25688
479 213 8919
483 685 20715
357 20 31459
128 731 17402
827 893 29767
25 545 10756
103 620 20289
385 422 21757
636 669 2200
411 214 11509
136 916 21563
355 303 16235
116 411 10264
75 93 21985
882 949 12041
425 302 27782
703 294 25897
21 902 18456
980 979 22015
8 674 5700
67 69 18986
525 765 1588
630 119 30112
603 323 12043
188 943 14498
189 373 30839
614 934 5349
832 551 7597
660 610 26030
118 325 23907
322 190 1226
739 410 2470
882 240 8108
630 914 155
686 51 26394
250 795 13203
9 935 18728
673 708 21497
943 973 22651
9 820 5622
484 728 13574
706 645 18159
376 645 2492
935 753 18984
225 987 20464
332 902 30754
956 327 21597
729 252 28062
11 481 17154
28 892 7492
253 810 5727
270 135 864
131 722 31668
50 18 15666
12 726 24909
163 51 3525
216 600 17671
456 712 6222
681 38 18570
808 536 23667
93 883 24050
107 595 23325
445 71 23260
34 957 19094
892 23 14606
888 758 30499
29 447 4921
975 90 21860
865 480 15473
870 409 3818
664 223 27819
184 178 5821
679 455 19465
848 804 6825
627 664 11992
955 31 18250
376 426 8494
292 163 12772
538 141 6889
355 364 20968
637 462 2520
514 107 13286
751 705 641
973 354 3466
46 307 31127
558 297 1547
881 797 19485
694 195 10606
60 839 20557
180 297 10783
730 557 20043
841 537 3280
95 544 4307
533 380 18591
636 882 7517
578 174 23018
979 204 24682
824 233 20576
633 141 1532
387 362 4398
954 810 8036
122 538 27744
534 307 28397
787 36 20674
435 408 1805
808 953 27627
332 570 11809
532 732 27708
147 679 30943
146 331 30962
48 771 7427
388 615 22687
706 540 27366
522 45 14503
58 121 30717
39 132 10389
345 440 7536
902 989 12892
141 233 21835
442 766 5357
834 787 1529
610 364 6301
6 531 16132
811 706 19798
919 317 6997
890 834 20619
704 712 15461
136 691 3421
647 861 28446
591 146 21371
14 837 22111
69 907 12708
957 702 16480
495 255 18127
114 647 25444
915 516 18788
91 198 29570
434 149 26131
205 863 9837
461 231 24612
310 569 7031
139 933 7002
103 192 3407
805 580 31674
211 966 38
220 819 25050
713 647 6719
39 290 2691
34 673 19990
454 545 20166
504 771 17570
740 969 15838
225 457 23389
367 297 23659
587 421 23833
26 277 3310
92 843 11722
788 110 21390
384 722 16588
378 925 23439
915 663 11856
178 707 28420
644 303 26613
522 693 408
219 145 13749
416 880 5522
449 652 7088
476 880 11859
584 947 24188
408 289 17926
396 861 24321
391 768 25657
355 673 18447
157 880 4501
294 204 22310
509 586 2290
272 581 14128
551 942 16503
794 995 16158
622 157 17804
467 829 16289
13 765 31936
73 834 12921
3 203 13049
507 914 25362
211 785 8065
393 13 14939
790 102 18770
810 589 19775
775 868 2839
457 199 31229
754 710 3865
721 810 30126
906 8 8419
901 729 21879
828 404 18956
740 541 21020
681 394 6258
793 727 4238
360 540 22982
553 384 30443
980 808 8890
781 266 4784
795 464 17014
926 962 16398
362 486 13096
8 157 27545
606 625 16057
893 251 16086
421 432 31517
787 35 7492
648 618 948
890 93 23297
835 224 32173
49 24 22292
167 262 4982
942 462 29444
246 697 14230
374 901 3651
704 829 14732
942 524 1943
711 389 6014
789 480 8074
221 738 3556
815 432 16001
998 412 17009
918 203 26129
246 640 6630
700 934 18597
885 77 24730
414 604 29592
404 965 31696
299 43 30541
246 465 28223
816 861 21990
771 750 9298
92 25 3253
322 741 19714
836 317 5490
797 549 2665
859 544 5082
581 408 4437
671 663 22864
167 464 29056
599 773 19332
862 301 18494
42 650 23645
238 83 7620
668 464 28817
611 43 12620
414 881 8109
307 848 4807
453 697 29572
501 378 10457
536 12 1588
103 85 14424
884 314 25933
80 583 16001
617 359 17844
808 910 416
766 531 10073
318 59 13282
273 258 22758
741 108 29312
258 394 10972
588 744 24469
803 89 24299
583 253 7978
458 386 19294
717 629 12395
292 772 5108
913 333 510
293 678 4228
206 92 19692
184 882 20271
633 605 17319
115 614 25375
850 153 2828
916 338 12789
256 178 20852
969 585 378
247 21 15407
163 746 29746
342 433 24059
495 155 16095
514 539 2399
506 340 31252
74 848 10220
480 218 23146
447 601 23499
798 142 7926
841 200 9010
657 444 30993
691 475 3459
80 289 24974
301 65 24655
68 931 3827
853 676 24178
735 621 23894
24 941 19960
119 29 17377
946 454 27036
566 827 15671
713 881 12527
960 461 7978
201 275 5784
782 507 4988
502 569 28193
715 742 1706
695 131 17231
615 599 17140
547 763 768
855 449 23829
531 225 8693
115 888 25961
115 246 18465
644 820 19327
949 545 1864
971 456 23361
909 899 23064
585 926 559
915 131 9480
804 400 28786
1 652 17555
981 889 31909
853 661 27830
244 283 17066
882 475 19381
571 640 5353
642 645 5776
73 34 21695
142 710 28596
827 346 29205
778 790 2251
779 161 31572
61 105 1717
598 189 7717
757 29 6930
931 347 3788
95 115 2279
569 534 20221
892 324 29247
779 90 3699
617 901 27358
533 704 11963
983 597 28760
542 762 8426
185 416 8753
525 19 12094
375 570 29900
898 799 7635
328 726 12373
689 552 13558
981 492 26862
989 740 3261
200 571 20412
234 27 9453
947 922 21681
637 37 17746
926 524 7977
343 600 8725
930 852 30629
668 199 7358
242 151 26453
150 601 1492
812 415 8754
211 743 19554
229 765 22216
214 950 24525
443 155 19218
941 113 32185
450 629 20464
964 398 2288
1 787 7444
439 219 10121
913 898 9606
947 790 5571
338 436 30991
798 193 10318
904 231 24866
953 720 13298
655 529 10275
184 562 18914
155 825 28699
551 391 16149
357 125 14902
319 906 6769
141 188 21156
729 656 6336
486 601 19630
755 802 18076
816 938 10532
462 611 4048
982 456 13675
839 589 24812
722 17 15316
313 698 25332
944 609 19975
70 453 17017
665 860 22687
552 88 10873
346 964 23377
902 814 28890
633 189 9013
540 991 13658
719 616 19718
860 73 13646
450 672 13169
82 172 9607
853 387 20945
241 532 20779
880 674 7660
793 299 22388
22 603 31621
117 848 31623
926 3 17121
900 835 24805
970 284 28569
539 475 5157
18 201 32580
433 449 13048
45 10 24547
557 271 14242
40 294 7197
514 32 11122
973 897 18329
289 740 8416
400 756 6185
659 485 8526
976 690 10372
795 386 945
921 776 10162
325 972 14467
236 960 17541
444 57 19655
498 340 1710
58 303 2324
38 339 3917
698 492 29403
190 688 30998
121 568 25950
927 524 21592
849 36 17692
745 659 5513
99 773 19356
772 410 19754
449 746 25305
513 917 13856
199 763 20158
197 419 9165
705 319 18546
814 696 11155
434 255 619
801 430 7562
933 359 7547
261 944 3724
818 713 13907
832 40 27110
731 91 12338
722 976 19275
117 682 3258
466 644 20960
451 622 18979
957 135 17275
748 296 14401
862 464 17256
815 51 18969
927 18 8786
933 271 27895
13 293 29985
537 462 12103
500 418 16110
753 491 20639
945 967 7771
604 256 438
923 488 10478
210 564 30274
32 373 32587
92 559 17393
964 463 15184
416 849 12536
398 26 13708
185 445 23023
74 995 20874
405 560 18930
994 948 6362
929 960 4416
17 16 31467
663 293 26059
399 332 7180
189 74 13947
90 981 18482
501 881 9488
342 262 28242
799 690 25574
909 410 3951
309 942 19468
426 451 22705
737 68 30055
286 86 16922
629 936 32216
605 245 5051
656 20 19882
620 949 12657
632 942 22179
274 490 4498
339 577 22675
326 466 23830
651 737 28990
299 884 30750
422 40 30438
735 385 10216
23 788 9194
843 23 18317
123 926 16180
292 272 3872
905 494 101
463 84 26891
290 418 16392
19 21 16304
376 668 25393
33 109 8642
999 259 12114
694 2 9688
517 619 7719
669 537 9748
524 798 13074
553 616 21257
929 116 2620
344 249 18711
545 211 12105
41 338 22013
35 745 3218
69 236 1105
33 817 17692
198 147 24854
224 479 23234
963 991 21429
125 982 28490
426 985 23287
536 997 2663
364 536 8668
438 156 26576
155 971 13664
461 764 14317
95 148 16519
510 665 17113
525 935 9807
382 591 20635
416 863 10581
920 527 27371
851 945 8019
717 62 19423
7 827 704
40 811 27215
752 433 7986
685 302 24536
503 964 9565
13 441 11712
538 779 14782
335 52 32041
711 539 7508
350 952 11351
607 796 29172
622 89 7676
726 808 25629
266 787 8374
290 186 16982
656 688 13395
507 717 20092
652 288 16243
183 972 28553
96 222 17302
388 728 27326
141 92 5831
958 52 305
673 522 29018
856 24 19252
579 399 887
389 322 32012
101 29 6510
823 579 30960
954 60 26369
42 618 16461
254 651 12587
808 527 2750
274 965 2826
271 896 4923
947 747 1532
571 311 7269
809 260 24071
454 305 21257
455 4 9002
144 120 8735
345 829 29994
192 341 19958
518 466 27373
32 707 21589
956 546 32655
824 19 11688
97 408 11952
923 805 12191
382 911 5799
118 445 3013
915 165 21155
594 60 17658
387 480 6116
57 541 3283
340 828 18567
583 932 22091
714 232 29605
685 159 7505
749 159 28084
553 499 31508
154 475 7523
686 185 11542
756 940 6254
677 904 18804
435 783 2332
747 871 1256
65 411 24681
361 779 16228
383 111 25088
231 843 4704
954 718 28313
171 216 26672
730 207 26202
795 85 17916
668 11 24638
970 485 31283
327 159 5312
905 446 24453
682 734 2351
139 973 26838
860 562 5757
5 650 17571
234 755 8550
807 405 9930
496 167 4926
469 126 15805
645 707 10700
643 199 5252
235 563 23035
843 408 13590
598 437 5190
545 852 22265
974 980 2856
128 798 21541
726 151 31487
997 7 4762
340 929 12316
236 72 6964
455 389 29431
267 606 18066
904 833 27585
739 889 20283
535 497 17868
303 332 17471
321 289 12413
442 531 23038
903 36 7879
429 356 32493
298 674 10079
275 811 30820
587 92 30505
530 599 12249
638 858 13453
646 996 21274
876 23 19895
683 834 2661
251 986 17645
384 807 23912
508 207 30083
693 809 31895
382 160 20754
481 419 5714
272 495 2044
565 680 14295
799 695 16745
512 224 2035
940 605 17976
441 235 32233
813 132 8099
282 370 8469
883 720 30080
974 770 28199
468 482 16740
492 715 17683
334 901 796
500 394 20228
941 641 22573
412 417 11763
943 492 31584
592 346 4029
487 354 4743
87 465 31934
653 625 8182
761 875 32352
348 174 14960
863 819 5155
553 944 10605
477 691 28162
294 448 32010
636 896 6476
353 401 2
764 635 18748
866 89 18305
5 241 14078
52 604 30638
213 686 19686
709 259 25916
463 473 32503
375 807 23407
824 644 26391
62 488 19272
989 332 1411
471 550 21466
773 215 30300
331 795 15617
176 905 4960
528 282 29921
939 684 25911
728 127 13825
241 333 2516
860 741 32480
708 446 24026
668 912 17741
598 146 21771
527 269 7918
871 416 4644
701 23 17853
506 151 2229
561 368 14946
741 825 21467
263 50 8108
464 17 736
805 919 4514
409 595 31019
248 547 32736
153 849 12562
569 214 17971
690 150 18782
219 707 27935
418 582 6123
93 715 26874
388 395 27949
687 415 8995
430 742 14782
924 63 20445
260 630 13049
354 769 1259
248 922 18780
602 128 4128
212 353 5794
640 936 9079
14 145 25160
617 803 18314
507 99 7774
828 906 10825
752 873 25653
190 867 7419
980 444 20677
184 961 17853
782 956 28397
51 935 18423
199 451 12747
337 996 17527
347 299 27627
571 252 23864
265 296 16379
381 29 12808
877 660 20028
17 720 25207
591 158 28150
475 155 22242
643 578 9362
918 196 13686
360 764 21546
859 17 18813
552 372 22953
545 745 4689
276 317 5846
272 63 31946
431 481 16094
899 431 17670
960 774 15421
786 576 30679
720 697 15629
90 778 21057
284 728 28457
568 980 8899
58 670 18346
749 566 9068
222 782 27042
805 494 21733
386 988 28194
689 182 502
592 368 1007
569 393 4151
363 197 10099
723 935 28130
872 808 9165
667 791 5640
319 866 13322
270 890 7059
880 283 2030
805 691 16609
477 798 12764
191 2 9430
230 948 11188
432 504 20407
51 596 16071
70 323 14640
996 565 16175
641 161 3666
487 668 17706
215 940 22889
266 279 28499
219 507 1789
905 337 20162
601 622 27225
834 660 31357
733 1000 10606
195 326 31175
534 998 10993
757 186 19752
831 725 4855
180 473 27719
795 848 22924
837 73 8939
505 663 25582
369 280 25025
866 428 5238
531 992 26550
236 377 20057
141 291 12037
861 478 16828
58 108 21837
949 762 18909
763 849 22602
693 889 2614
419 250 2308
453 613 6376
633 734 5520
620 99 13267
251 919 3515
757 216 2845
864 252 24887
542 23 26403
91 957 5660
778 482 10495
872 318 24495
305 198 18047
364 237 21271
537 427 30553
276 104 13289
850 656 29944
751 238 23998
533 644 9085
386 162 14829
736 757 24905
111 481 31605
155 323 8779
748 704 19500
228 536 9377
294 776 2763
635 887 2415
700 15 20922
466 6 3657
857 706 3239
101 195 8826
3 9 30535
934 954 28943
360 596 2527
209 481 881
283 658 10331
999 626 10738
292 766 28444
338 498 11929
617 370 23762
470 865 26001
468 935 8107
793 703 8986
117 251 168
626 5 25534
696 21 4578
991 72 19907
977 606 18360
313 775 20698
104 662 4362
878 211 12085
581 451 19625
781 731 24608
620 14 10675
856 133 30293
557 915 7943
457 485 903
676 607 18973
336 208 8155
456 853 16355
912 860 5957
362 882 14959
450 616 6146
798 862 9385
801 826 25763
183 744 24883
751 873 20848
369 663 23616
806 801 2051
660 505 4117
323 823 32103
832 32 12904
916 560 1582
882 133 21725
496 198 20780
232 173 27983
557 983 7394
548 656 2729
744 363 1208
5 775 372
587 280 6810
820 491 10094
917 275 30365
48 509 22464
47 951 18848
939 735 432
829 955 8506
185 660 481
235 699 14928
757 788 2688
156 984 19745
566 101 30954
675 949 30894
364 219 14262
369 232 11464
709 949 16936
106 440 31019
429 408 6768
294 705 19823
55 314 5702
723 210 18611
280 443 24010
985 433 2384
958 403 26276
431 451 19450
124 464 10718
527 501 26381
73 344 23795
46 108 6663
627 476 9982
539 470 4693
189 411 12565
33 50 15872
601 690 7472
810 26 23001
966 278 28979
862 27 27703
395 703 27626
715 743 24174
302 903 6174
676 304 30325
630 650 22030
60 589 24450
766 177 3562
97 404 2949
917 48 24104
695 628 20675
635 292 28360
106 732 3588
864 814 12006
775 724 9486
252 399 13348
746 400 3687
786 751 19415
396 324 31381
617 812 7167
349 32 13389
809 960 1639
574 54 5204
198 499 27278
727 363 8965
868 89 29466
637 752 15419
106 648 22357
570 656 28517
304 13 26975
33 327 20054
321 275 19623
454 651 24501
704 409 32078
628 877 2022
692 492 10366
250 337 28008
647 437 25127
50 228 32523
145 706 30221
810 741 9700
564 612 21426
299 241 21087
484 926 20000
628 574 22305
777 245 23616
295 697 32714
353 135 1255
533 902 30732
778 613 28147
130 768 3280
234 5 5681
405 663 23705
656 536 21781
583 372 13238
271 765 32566
954 116 7661
96 711 996
706 265 12057
872 812 3502
526 698 6701
452 61 17163
452 811 9229
436 682 28661
1 31 20516
711 362 5279
248 743 20526
21 763 31119
40 381 28146
673 312 9144
808 36 221
538 143 25453
583 479 23226
497 690 20298
771 42 15880
102 401 22624
6 473 13708
290 74 22342
588 462 22587
370 94 2525
561 360 30096
986 847 2033
568 677 9703
678 800 18675
332 200 6004
752 277 32643
951 399 31729
669 50 24457
974 69 1047
724 279 27138
446 94 11645
586 838 9691
588 909 7286
843 218 20320
683 72 7931
78 373 4150
73 364 5846
651 947 20436
530 665 14451
100 485 12530
740 79 6450
524 19 27253
536 741 17165
39 266 27312
474 798 15590
208 192 10780
149 237 32227
650 573 20181
844 788 26524
212 736 21626
750 759 30218
336 9 25670
915 321 9591
752 153 30583
523 83 28126
870 503 21092
210 906 28798
116 244 28878
286 884 24461
494 760 11338
373 903 4426
316 426 19429
76 956 26342
654 211 22597
592 846 1267
101 606 4593
608 524 7778
504 598 20372
170 558 5175
913 301 26698
853 386 15218
323 369 12897
3 399 2027
288 155 6412
571 940 30219
418 288 27646
195 392 9895
559 151 25070
718 924 1903
35 169 25443
796 65 26540
877 440 9574
634 453 19518
500 590 29671
986 355 1817
700 625 23036
499 173 21948
753 557 10814
209 316 26446
102 115 21486
932 139 30307
241 141 435
518 712 27551
960 465 17669
613 988 5547
75 899 7590
938 421 14396
315 233 3766
753 392 22296
707 421 15175
252 918 863
993 353 17020
400 163 24709
89 414 22419
270 58 25528
597 95 27764
434 345 19375
739 899 17807
731 350 18453
958 685 1081
173 753 3844
170 636 12484
918 945 1109
733 580 8193
560 622 27053
804 422 18426
429 142 8078
726 383 17912
279 562 7897
256 55 3128
807 335 20348
620 266 30684
353 884 3147
775 251 32763
779 808 19757
848 324 21721
736 348 26661
369 223 12980
802 771 28394
364 803 28070
1000 381 12790
510 411 25735
367 963 13159
723 879 9952
860 738 8962
319 44 15938
61 611 10798
107 448 17830
764 684 10705
900 986 22940
993 207 25928
917 459 628
18 395 15610
879 702 5550
346 667 24622
556 402 15940
966 988 4400
720 520 29622
525 579 2030
134 555 13794
688 122 32396
219 983 30730
29 931 20641
840 235 20368
830 480 8476
24 578 19289
378 489 1036
117 939 24282
701 686 173
201 926 6185
976 471 13716
151 179 31418
581 297 19412
874 871 24717
563 198 1894
343 662 16879
655 113 29250
76 36 18469
904 440 11495
498 982 10649
553 718 10824
858 173 3675
359 484 22105
661 217 12824
189 778 11688
737 288 13531
455 536 29135
379 387 7719
182 213 14751
857 940 3667
554 706 27986
868 116 2099
285 517 7727
465 908 12652
211 439 26196
952 21 29185
66 693 26800
747 648 3079
540 960 29268
541 326 10879
429 208 30104
755 568 4796
259 858 27858
70 923 9705
382 822 30090
518 74 18575
47 806 30325
269 104 9248
715 614 12701
945 748 6900
943 297 4474
242 857 16710
914 453 6894
176 357 19973
827 148 1887
284 478 19613
895 854 29032
1000 897 29954
471 223 976
256 943 417
120 67 3537
655 475 13065
652 386 4305
48 820 32611
830 435 6936
571 287 16406
232 724 24621
174 783 6695
349 700 19165
304 191 28220
880 952 3614
769 813 25409
647 148 20801
895 597 11044
765 636 18748
840 521 812
645 347 13295
299 26 14790
987 789 15611
875 703 21059
443 189 8199
295 561 11999
863 299 12233
948 78 16234
153 11 21633
747 398 12616
835 755 5612
538 79 31135
216 141 28153
218 696 24233
514 268 18869
138 578 15724
808 849 14115
272 419 20091
308 130 23033
873 659 19588
696 488 23159
608 286 13785
28 745 26842
980 856 32318
468 656 29974
752 944 30870
961 626 11735
295 747 6224
607 699 2814
803 452 30876
355 668 26390
66 962 27599
349 905 18545
867 586 16263
144 599 17904
642 788 29287
995 289 15522
590 992 24194
991 190 8893
516 166 26582
82 590 31137
3 928 8288
787 219 993
208 654 7086
585 616 17800
205 675 27133
548 520 17431
900 710 30538
850 544 18663
72 150 25815
362 50 25596
101 5 29713
143 225 26220
514 643 20455
266 697 21214
30 114 32233
613 291 10198
579 202 4805
709 574 15045
866 466 32254
793 234 27675
352 753 28411
615 556 7106
476 275 2484
578 855 17111
565 697 27560
572 803 17015
259 337 29161
807 173 8439
897 242 22361
225 921 26087
782 112 11887
313 735 23206
471 505 31779
545 226 30846
366 339 25033
803 328 3703
362 800 25092
614 138 30819
4 555 28964
800 443 28116
737 302 15227
955 80 19197
41 907 27800
37 165 3750
556 584 22630
918 782 28610
821 771 17311
120 600 12869
557 824 15131
219 718 5703
978 435 469
24 242 11682
379 483 11208
198 991 25477
34 722 4081
159 501 24242
435 209 26127
240 377 29288
38 758 13571
21 752 23325
200 936 15581
133 62 23453
561 278 21487
718 102 17447
669 377 20618
957 202 20635
285 518 8489
69 862 27614
545 774 13110
57 507 5618
133 506 19634
338 779 14212
331 491 5986
999 669 26835
802 374 23634
137 213 27454
806 701 25805
841 848 7136
546 596 12823
749 504 19197
102 904 20368
898 339 30517
854 94 31501
196 451 15533
676 468 19836
50 21 10166
715 718 574
44 260 22428
55 737 1459
699 474 18842
124 428 9196
710 387 3372
124 170 5765
556 435 23096
654 375 23821
712 180 22204
911 719 19852
525 977 7440
372 615 13063
673 553 5331
322 311 11786
652 572 16412
484 306 28588
223 456 2958
174 565 24962
455 903 19288
331 148 28023
829 952 10315
976 201 28308
90 463 10126
308 244 28680
107 826 31894
655 466 21021
810 820 18535
551 852 17630
61 502 6739
747 378 22159
82 950 17838
408 104 10323
960 916 15660
256 290 17805
853 884 28646
493 994 10972
105 421 27965
235 887 20426
301 122 11279
308 932 4736
560 57 1790
996 404 18210
107 793 8884
332 23 29849
901 954 21616
829 969 1785
447 764 3641
476 123 970
457 137 9098
378 764 9939
938 511 13410
865 479 20032
959 184 1509
187 998 21300
225 755 22309
501 187 26668
579 151 9639
142 696 26810
604 488 10420
956 83 16000
371 323 23468
200 358 11640
943 643 3781
752 303 3560
21 852 29435
429 340 17556
31 40 16677
720 536 14859
904 111 17767
206 576 14371
216 761 3964
220 668 258
70 884 7556
516 696 13636
678 529 23137
701 405 18200
202 529 2508
914 853 22138
227 74 2976
435 405 30404
422 86 3345
312 23 6222
184 398 6602
551 887 12515
536 690 22565
197 154 21541
78 572 25341
426 322 18746
629 199 30920
820 472 23902
351 777 27381
22 206 19243
269 753 10705
819 472 7343
783 914 18515
68 395 693
345 981 12448
920 287 17857
608 783 19757
213 942 17841
425 464 29635
654 806 777
582 482 14037
838 119 31050
594 646 14054
87 323 13288
335 704 28909
150 161 4029
416 493 10239
530 611 6406
743 216 14250
442 561 31314
743 704 10682
902 672 2795
282 339 9576
827 554 19354
31 936 1826
176 206 5854
450 90 30574
605 127 1514
265 521 31889
434 604 7682
171 62 5634
836 834 21015
596 849 16857
260 488 21165
28 908 11184
427 276 6770
829 119 435
936 459 12299
616 824 22486
678 301 17926
757 937 27239
529 919 18420
950 204 18547
753 710 4112
260 462 17340
349 709 777
61 16 18225
415 892 14271
846 510 13858
35 203 12052
19 461 1455
256 278 1068
124 919 12061
798 269 30625
439 517 13587
197 474 22684
774 602 3829
162 74 9432
876 742 13520
774 437 21748
39 965 2971
750 594 15517
840 591 25779
783 857 15996
120 883 29917
588 22 25066
534 793 26164
814 499 11479
217 609 17869
637 344 3691
976 586 22778
720 204 14146
308 202 12141
497 803 603
608 639 24238
77 216 7692
580 213 2207
966 901 1693
656 32 29189
530 469 11349
494 229 20300
966 900 23837
816 873 23815
389 205 19979
581 26 9939
974 535 31593
215 526 23205
302 374 5664
859 351 32692
141 918 27530
629 982 12154
885 505 12560
814 517 21629
330 107 28456
255 252 17888
78 898 32658
537 341 10227
273 1 16605
427 226 6454
965 199 21917
564 395 12420
743 125 4057
423 831 31855
478 980 6557
22 146 23788
324 196 4534
581 219 2014
371 837 16374
537 451 7718
626 413 18077
809 728 14912
892 36 24249
982 210 8854
732 520 19353
396 4 6410
267 269 21925
674 386 28275
128 349 22330
827 597 23540
78 183 18016
8 296 32121
967 977 15469
19 523 28613
104 637 22774
767 990 22991
988 734 3994
663 109 23648
306 549 2193
703 394 21557
661 898 18943
341 421 23055
295 936 29818
936 790 18802
230 683 1868
581 726 8718
454 227 29008
931 569 8445
188 609 14719
931 704 18011
643 285 22150
964 487 28906
41 451 28416
862 952 7356
504 169 17442
935 996 29462
379 189 1791
994 430 2320
63 54 23731
274 959 14229
746 57 28685
842 833 13017
60 868 12179
867 229 16475
138 805 19705
792 870 29193
514 328 20318
386 499 29226
566 997 7148
201 98 32525
883 443 20658
169 728 1723
806 730 15304
644 852 12823
972 87 11559
475 170 27695
867 522 27580
195 615 23983
984 515 18065
66 329 15799
672 865 8491
389 342 4220
348 1 1652
5 1 16770
411 848 20415
978 264 19023
196 253 21960
601 884 6118
901 580 32712
575 519 28784
404 32 26862
566 304 2002
646 161 20185
412 284 3372
153 365 7153
317 461 5235
557 496 13989
732 549 9886
249 355 23296
469 927 27110
846 588 1563
525 520 16643
291 185 12944
731 334 6590
511 438 32013
846 309 28147
461 406 13742
514 676 20146
563 896 32481
506 237 6380
625 621 18887
354 768 15333
557 720 20173
634 695 12704
457 580 15506
350 32 10435
761 970 19329
194 864 7336
323 692 28314
774 624 908
667 381 2663
667 128 9260
420 510 277
529 59 23326
343 345 3869
653 788 28115
962 93 30216
1000 768 19459
442 821 23346
148 53 8684
684 990 7835
128 726 11450
231 432 21024
505 298 12253
894 157 29625
871 43 1353
220 797 11658
371 370 23500
178 729 13547
947 474 7682
934 900 32182
223 445 396
841 178 26998
39 340 12693
915 430 29261
869 571 14538
475 153 8114
654 153 3670
823 472 26449
997 237 18040
379 311 1709
892 822 13007
417 387 29278
369 987 1913
687 146 15871
714 849 12680
887 802 27684
915 766 16524
118 165 30703
186 259 26646
479 85 12836
290 192 32637
403 975 18887
579 109 21857
432 229 7337
328 896 31114
57 190 18036
391 679 6969
920 601 25866
344 970 4883
312 756 16225
882 565 30492
800 311 30749
381 207 31877
887 785 18324
829 428 15936
933 526 28926
237 849 4232
563 803 21768
195 348 10471
721 307 14337
567 411 24423
160 27 7245
898 406 30947
945 537 500
610 790 5055
45 58 606
198 832 18279
224 62 11161
832 487 7275
693 427 16578
402 86 1552
884 979 11619
626 143 18350
475 553 6117
935 547 32563
256 292 9071
708 291 15265
630 779 11192
817 89 24936
931 392 9668
331 302 30687
334 574 26247
16 582 8790
407 586 27854
774 956 19567
197 188 32281
356 944 17600
44 216 32280
514 313 29169
218 619 30477
220 682 19919
718 579 23881
658 777 12044
330 337 17011
0
