859
803 1858
1986 2864
2126 2331
2360 2201
872 543
1719 1119
1041 1569
1717 2837
2076 1784
1025 653
2265 2628
2609 401
1302 1353
2202 1218
2183 2746
695 1997
1148 2863
229 139
706 961
647 2479
2365 605
2437 1142
2340 304
122 2482
397 1082
2398 519
2650 2070
2993 778
1468 873
2946 1614
2832 1201
1583 432
2167 2984
1493 2014
2522 753
2243 124
1493 2210
1386 2391
404 2770
551 2718
636 677
1500 1886
2139 1878
2155 2780
1746 2092
789 2208
2393 2576
1787 112
908 1782
915 842
733 2562
2596 2151
2963 1597
981 1484
2913 2984
595 3
2345 1680
1218 2058
1355 418
2255 265
1496 953
1515 1346
2628 14
994 1180
2428 1688
597 2576
428 2732
1812 1488
788 182
2072 332
2940 2449
2736 240
853 1611
2642 867
1082 781
2037 2768
1623 1577
2644 1042
2224 2917
1477 300
862 1079
379 231
1086 937
2113 2815
2762 2487
2545 2216
2020 2998
2804 780
1103 399
1362 2049
1800 2917
1204 1577
1806 2188
2664 2610
30 10
1628 815
426 1202
839 190
1419 1566
2077 2724
2756 205
793 246
1849 1950
1752 1729
1048 148
2243 100
918 2730
2973 892
2341 185
798 424
357 2975
1727 519
1345 178
2591 1903
531 806
2166 559
2418 2675
2408 1367
819 882
2420 1102
2718 529
2581 2420
2003 2918
2520 1898
2533 1840
2311 2230
1677 2820
1870 187
1922 839
1684 881
2991 1399
2661 2113
1245 407
1253 2587
483 1698
1463 2899
923 2695
2711 937
2088 966
1301 2761
2765 371
1667 2603
2391 1040
344 811
2005 352
206 2539
1758 2041
2033 1392
740 2017
930 2283
2088 1557
195 2336
87 1670
707 716
1363 1621
1963 2562
2197 1095
66 951
825 2692
1487 1063
2522 829
1445 287
1257 1525
1572 2085
488 298
5 661
1043 2340
1814 1077
1105 1349
1607 115
182 1648
740 2902
1069 2511
1748 1514
1238 2320
2289 2599
178 1488
2961 2972
302 131
1684 1633
1383 2450
87 2762
1219 22
105 771
2721 2036
1956 1864
1361 1842
2214 523
1398 2985
384 1364
1579 1491
1863 1292
1756 486
49 1202
2943 2394
1666 922
99 776
984 923
648 1068
204 744
1759 2748
1570 1753
1642 785
626 691
2815 61
1688 2173
2962 2101
1904 2460
1049 1858
511 2185
1620 1411
398 1522
388 1293
8 383
522 965
2902 309
51 533
1697 176
931 1549
1800 348
1193 2924
570 1677
194 2000
2998 2640
1696 42
1345 2730
931 533
1184 1287
1544 1352
1206 2677
1266 2226
2345 1994
742 2454
624 2588
2060 1767
1679 2656
2483 2630
751 1748
11 2825
1615 1585
2881 1118
2824 1475
1710 1137
1143 2683
1409 482
2668 1943
1159 2386
1027 240
1824 1144
376 812
1323 559
1097 2221
2181 1178
1382 1018
78 547
44 2725
2100 1575
2491 1661
1948 2622
2517 1228
1670 618
1144 380
713 2775
101 773
527 410
713 970
1642 604
468 2405
2863 209
2353 2024
1450 2083
1997 246
1394 541
2324 2824
2798 2413
200 2588
256 337
2427 1788
137 2974
535 1467
933 469
2131 1317
2168 71
1633 1247
2882 1698
358 828
1183 2916
1770 778
1114 2783
1569 2637
2339 1958
905 410
1710 623
813 2566
494 825
2184 176
2433 1408
2862 2405
2214 687
248 235
1669 2870
2527 400
2726 2780
1779 2403
388 14
2979 1298
883 728
1000 558
584 2331
797 948
1616 728
562 742
196 2260
1642 386
1251 2437
2857 841
432 1748
1490 234
686 1971
791 415
2193 2281
1042 2913
2367 2452
1972 2880
1510 2726
917 461
1192 2338
227 1684
2701 2393
710 2012
983 560
587 1753
1460 605
2383 1428
1367 2506
1999 2096
2280 809
446 1880
1421 2417
2127 2136
1433 1247
1139 2770
2141 336
932 1738
1972 118
43 1563
971 321
760 2107
2584 2513
2080 676
1537 1193
2643 405
481 997
2686 665
1376 400
959 2302
2304 439
1240 2369
1543 2658
2709 2855
2881 2156
585 2991
5 1312
1974 1487
2948 255
955 2508
1357 1167
1387 286
1405 2350
1228 2867
2949 2736
1013 874
460 1789
2428 2051
2870 2799
782 973
309 562
784 776
2807 1844
1486 2229
241 1255
354 1283
915 1749
2711 1363
2203 780
2734 2381
94 2250
489 2724
708 658
2718 208
2363 1743
1727 1939
2447 873
2359 2999
2025 1254
1207 1581
2693 810
1891 2193
2993 2586
750 244
643 374
1677 241
2154 1789
2707 13
2472 1045
1792 2369
581 1035
2703 2353
335 192
2232 1570
2698 2669
99 2776
1387 2392
2151 261
1537 1351
994 2521
2501 2092
2729 238
401 1762
1338 811
952 128
2136 1588
2621 707
2759 2496
2254 104
593 2235
98 1242
1544 260
1408 113
1221 1113
2186 204
1817 2698
98 304
1834 1068
804 1065
1407 1175
2125 952
1207 1522
2434 1582
2831 2398
2099 2761
1371 104
2121 2148
2744 698
2926 2491
2927 436
1276 1632
1412 1263
1601 1015
2135 723
26 2385
826 610
350 2975
2965 1660
2436 2741
671 4
2006 26
694 1355
664 2820
2553 2203
1652 153
2827 1054
1304 843
2626 1921
2187 412
1049 1795
1355 667
2395 1834
1227 2061
802 2857
1971 823
1455 2010
1728 1635
266 2458
246 1714
2179 333
843 433
2754 2320
2157 2606
1429 2822
879 1013
2496 2244
1312 646
2498 2017
2668 2713
2453 2264
776 2725
942 561
24 2197
454 791
1851 845
1952 2634
1601 1771
2740 1952
2492 1177
1907 2103
1477 818
2364 2791
2344 2315
2639 1078
666 76
2320 1635
818 1831
13 479
2502 1032
1899 1793
1088 717
1319 1865
809 2017
2857 2503
2051 371
1965 1581
325 932
277 2058
1523 225
209 2848
1757 470
1073 1321
1225 1084
1436 109
1547 795
2514 967
1563 2628
1847 466
120 1424
1608 2821
2580 2261
467 54
616 2331
2362 734
922 2649
1185 1913
2251 1086
353 506
1054 1221
1563 1708
2854 87
1640 1651
1279 359
1457 628
2040 2659
539 2427
447 711
2789 2540
1317 1702
21 1572
4 419
1199 2768
2310 1524
1839 670
2520 1697
1866 1747
1895 380
1432 2316
1161 257
189 2457
1384 2255
1696 831
250 304
499 2965
2940 1838
852 2458
929 622
1467 429
637 1025
2413 1196
1535 2528
2240 2449
758 2553
2705 730
2067 688
2971 2808
1208 2391
2560 1451
983 2720
2516 547
1078 1938
1192 810
249 2139
2093 56
481 1237
2457 999
2476 1756
2863 952
540 1126
2850 2493
1084 1044
2082 1985
1953 953
883 765
1565 2360
2113 1645
1866 611
417 1178
2749 2105
2300 97
633 447
93 588
1341 1675
2101 375
648 2028
692 2805
2389 2438
1155 740
66 2397
456 319
149 416
682 371
984 2336
2102 1412
1604 1449
897 144
965 2120
2711 1844
2829 2373
1139 1054
1803 1827
1327 1466
157 2846
2479 41
2539 1124
969 24
1742 2103
1735 517
1193 1538
1329 958
1455 2354
1116 2541
125 823
672 2943
2097 2195
2817 1005
36 2266
1819 573
724 2427
1923 609
1980 2942
1452 1623
1584 1662
1672 2859
796 1745
2448 634
1332 2261
237 1080
610 2301
303 429
931 509
326 996
1923 2426
2504 356
1354 1437
482 1306
2470 1762
2602 158
1307 588
2708 2389
2641 2660
2244 783
2966 1937
2964 2234
923 2706
2206 2143
346 474
1444 2243
584 2867
1685 576
2240 1854
1035 749
2705 2209
2387 804
1776 706
2717 779
2121 859
773 2885
2010 871
1352 2993
416 1061
1251 2059
1751 506
369 410
2452 1483
1171 2130
501 212
45 770
2923 474
2511 1569
1478 2792
1457 2453
1706 1096
1362 1716
2818 2111
2043 1030
450 2030
2743 2683
248 2815
2886 609
38 1581
274 1976
2185 303
1633 882
1910 462
1949 2989
1366 2181
1505 747
1951 1760
2309 2420
901 960
1099 466
232 2991
258 1421
2872 2094
1899 1472
2630 2407
2506 1676
1037 944
271 811
2993 2949
646 272
2551 1001
1324 749
2877 654
2876 205
699 2747
169 2403
978 1653
108 1211
1348 2602
1199 2775
2829 778
2419 1852
2960 1974
1783 39
1812 1886
2515 154
2841 101
1268 1996
1894 1680
2600 647
349 2055
252 2163
1521 1139
108 587
30 849
1396 1047
546 757
1532 1962
1554 1258
1881 1957
856 561
2737 2203
2972 889
1503 1238
1185 1454
1753 2618
914 2797
1006 1977
2932 974
1811 2687
2269 371
1288 2494
469 1209
1871 2597
2580 684
1628 940
2084 743
235 1124
841 2564
390 1908
1710 2697
1343 823
850 1604
1437 596
899 2865
1506 246
2809 2497
2724 1078
2134 2709
426 877
2261 163
1210 814
1841 1304
200 147
39 47
2337 1191
2046 1537
113 2868
613 1901
138 454
2351 2850
2215 528
2091 1043
208 437
622 2474
694 1522
445 400
2929 2154
1709 987
255 873
854 818
1640 2485
2776 2509
2848 1354
1516 2368
125 966
2830 1913
1466 2701
946 2384
2595 1429
2020 591
442 1619
2212 818
2210 680
890 249
1297 503
967 1379
251 1336
2796 790
996 1554
1102 2012
1230 2228
2659 447
293 2229
2670 2385
2631 2124
1033 2325
1408 322
803 938
2596 632
592 2881
1726 1763
521 2261
2937 1575
2315 195
813 2266
76 1562
1941 1552
699 1716
694 2408
1256 469
1642 1044
140 812
526 1846
1385 2000
985 930
333 2620
678 2055
52 2246
1587 1946
84 485
523 892
2069 2769
97 2234
128 2855
2175 1902
86 549
2845 2692
133 363
309 2776
2823 267
0
