5 5 11 11 3 4
1
4 3 6 6 1 105
8
6 1 9 3 5
7 9 0 0 4
2 4 9 9 2
5 7 9 4 7
8 8 7 6 6
2 6 6 2 6
1 6 0 8 9
5 8 4 4 7
2 19 14
1
1 2 38
4
1 6
2 2
6 4
8 3
6 6 4 19 15 17 13
5
0 1 2 1 1 1 47
0 0 0 0 0 1 7
2 2 5 4 1 3 190
4 2 2 5 0 4 183
0 2 0 0 0 1 13
6
4 2 5 3 0 9
4 9 2 3 5 4
7 4 2 8 7 5
9 2 8 0 6 3
0 6 3 0 3 0
6 2 6 6 6 3
1 2
6
4 5
2 3
4 5
1 1
4 5
3 4
3
9
5
7
5 9 8 17 11 16
8
7 3 2 4 2 151
3 0 0 1 0 22
3 2 0 1 3 61
3 2 3 4 4 107
1 1 2 1 1 70
2 2 6 5 5 164
6 0 3 2 4 180
0 0 1 1 0 22
4
0 5 8 1 3
5 6 9 6 5
9 3 3 2 8
9 9 0 0 1
4 6 15 4 5
8
1 0 0 1 6
2 6 2 1 87
2 2 1 4 50
1 0 0 0 3
0 0 0 1 3
2 2 1 4 46
3 1 2 5 52
2 2 5 2 64
9
0 4 4 0
4 6 9 0
3 4 6 9
9 9 0 4
6 2 9 8
9 1 7 1
2 9 9 6
5 8 6 8
5 3 3 6
2 16 20
3
6 1 78
0 3 55
2 5 104
3
1 3
5 3
3 5
6 9 6 18 19 3 8
7
4 0 4 2 2 3 146
1 0 2 0 0 3 63
5 4 2 4 5 4 164
2 1 4 5 6 4 138
0 0 2 1 3 1 41
1 2 1 1 1 0 50
0 0 1 1 1 0 28
2
1 7 4 6 5 6
7 6 3 6 9 8
5 10 14 7 9 18
5
1 0 1 1 0 21
6 5 2 1 4 205
1 0 0 2 4 59
5 2 4 4 4 205
3 3 5 1 1 68
3
3 2 4 7 4
7 7 9 4 5
0 9 9 3 6
4 16 8 19 18
8
1 2 0 1 45
0 1 0 0 5
1 0 0 0 13
1 0 4 2 66
1 1 1 0 41
1 4 1 1 53
4 7 2 3 194
2 2 4 6 134
9
0 1 1 2
7 7 3 4
2 2 0 2
9 3 4 8
2 3 2 7
2 3 9 8
7 3 6 9
2 3 1 5
1 4 1 7
5 18 18 10 17 10
7
1 4 1 2 6 174
0 3 0 1 1 48
5 3 0 7 1 188
3 2 3 5 5 201
7 3 4 5 0 220
0 3 5 3 7 203
0 0 1 0 0 6
7
1 0 3 9 8
4 4 9 4 6
3 4 5 5 7
4 6 4 8 8
9 4 9 0 1
0 7 4 2 8
4 1 5 3 3
3 15 4 3
6
1 0 0 10
4 3 1 60
6 3 3 106
6 2 2 52
1 5 4 34
2 3 4 44
4
7 0 6
5 7 2
4 4 8
0 0 9
4 17 7 17 20
7
5 1 2 3 153
3 3 5 3 187
0 0 1 0 16
1 0 3 1 62
1 4 2 4 143
1 4 2 1 70
5 1 1 2 84
4
2 2 3 6
2 4 1 6
6 2 4 1
1 6 4 9
3 20 5 9
6
1 0 3 36
2 3 1 50
0 1 3 28
3 1 4 71
1 4 3 59
0 2 0 9
10
1 1 7
7 4 8
3 5 3
7 8 1
9 0 9
0 3 5
8 0 3
1 9 7
9 8 8
0 4 2
2 17 17
8
2 1 44
2 3 53
1 5 62
3 2 59
5 3 115
1 3 45
5 3 68
3 4 67
2
0 9
4 3
2 20 20
7
1 2 55
3 3 106
0 2 21
0 2 23
2 2 59
1 1 21
1 0 15
5
9 4
0 5
6 8
5 5
5 8
1 18
7
1 16
4 63
3 47
3 43
4 47
4 39
3 39
1
8
3 4 19 3
2
2 3 1 44
0 0 1 2
1
5 5 4
4 5 18 17 14
2
0 1 3 2 68
1 4 4 2 143
2
9 5 5 6
0 6 2 3
5 17 3 9 12 12
2
1 0 0 1 0 20
3 2 1 2 1 74
8
6 2 6 1 0
9 1 2 6 3
7 9 3 8 5
1 6 7 8 4
7 8 1 2 1
2 1 8 1 5
3 7 4 9 9
9 8 4 0 2
2 18 10
8
3 1 45
7 1 127
1 1 20
1 1 17
3 2 40
0 2 11
4 4 67
6 2 97
5
5 0
3 4
6 5
4 3
0 1
3 17 2 19
4
0 0 1 15
0 1 0 1
6 4 2 142
1 0 0 13
7
4 5 0
1 5 2
7 4 1
1 0 4
0 1 9
7 3 5
4 0 4
3 4 19 15
7
0 0 2 26
1 3 2 64
1 4 2 106
1 0 2 21
1 0 2 20
2 2 3 61
1 2 4 69
2
7 8 2
2 4 0
1 7
3
4 24
3 15
4 19
6
4
6
8
3
4
2
1 13
6
4 33
3 30
4 47
2 16
4 47
4 36
4
7
2
9
4
5 10 10 7 15 11
3
2 0 3 0 1 51
2 4 3 1 1 67
0 1 2 1 1 49
2
5 3 4 0 2
4 1 4 6 6
1 7
3
1 4
4 18
2 7
5
9
8
9
6
5
3 15 8 15
5
4 1 1 49
3 5 2 76
0 2 0 13
4 1 2 74
1 2 1 27
8
6 0 6
4 6 0
9 3 7
6 0 4
9 8 6
6 7 6
4 6 6
9 5 1
6 8 17 11 3 17 20
5
1 1 3 3 4 2 164
1 3 2 2 1 1 83
4 0 6 5 1 1 147
4 4 3 2 5 2 232
2 2 1 2 4 2 168
8
1 2 5 4 2 3
3 6 6 3 3 4
4 4 1 6 8 9
1 5 8 1 8 3
7 0 6 2 4 0
6 3 3 5 7 0
0 1 5 5 9 5
7 3 4 3 0 5
3 9 5 7
5
4 4 2 69
1 0 1 10
5 6 1 42
3 3 4 56
3 2 5 67
6
9 4 4
6 8 7
2 8 4
1 3 1
5 0 9
3 5 0
1 3
1
4 6
2
3
6
6 2 15 3 19 8 18
2
1 2 2 4 0 1 89
1 3 2 2 0 4 157
5
9 1 5 3 1 0
8 7 3 6 5 9
6 5 3 3 6 0
6 6 0 0 2 9
3 9 4 1 6 4
1 10
4
1 5
2 19
1 6
1 8
1
1
3 10 17 5
4
4 6 2 99
1 2 1 46
0 3 0 33
0 5 2 92
6
3 9 2
2 5 9
9 4 9
7 2 7
0 8 9
9 0 9
6 16 4 9 8 9 2
8
4 7 1 1 5 1 115
4 3 1 2 3 1 102
3 5 3 3 2 2 119
1 3 2 3 2 0 74
3 3 3 3 3 6 96
0 0 0 0 0 1 1
4 3 5 2 1 1 96
1 0 0 2 4 3 60
1
2 3 1 7 5 3
3 10 17 14
8
1 1 2 53
2 2 4 95
0 0 1 9
2 3 2 64
5 4 3 108
1 3 0 32
2 2 0 44
2 5 1 87
9
0 7 5
4 2 8
5 2 6
2 0 8
3 8 4
2 3 6
8 5 5
3 0 6
8 0 6
6 6 5 19 18 4 9
6
0 0 0 0 0 3 20
1 1 1 0 3 2 43
1 3 2 3 1 1 111
1 1 1 1 0 0 40
3 1 2 2 4 4 98
5 3 3 6 1 2 217
6
6 2 3 5 5 8
0 0 9 0 9 8
2 0 2 6 2 1
4 8 8 5 1 8
6 8 4 7 4 7
6 2 0 0 7 8
5 7 14 3 10 15
2
6 4 2 1 1 82
2 0 0 0 2 39
6
4 5 3 3 2
5 2 9 4 4
0 3 8 4 0
0 2 6 2 7
6 4 1 5 0
7 7 0 5 3
5 8 3 9 18 6
5
0 1 0 0 0 2
2 2 1 4 1 107
0 0 0 0 1 4
2 2 4 1 3 79
1 1 2 1 4 40
9
5 4 7 2 4
8 0 8 2 8
3 8 7 9 7
4 4 1 7 5
2 7 8 2 2
2 6 1 1 5
7 5 4 6 9
5 9 7 8 9
4 6 6 6 6
1 10
6
3 28
1 8
1 6
4 20
1 8
1 5
6
5
7
7
6
9
7
3 15 7 16
6
0 2 1 19
0 0 8 66
1 2 1 24
2 0 0 18
2 3 1 43
1 7 4 82
3
8 8 3
2 6 9
7 9 6
5 6 3 6 5 6
8
5 4 2 3 1 45
3 1 3 1 4 47
0 3 1 3 2 23
3 4 3 6 4 75
1 1 3 1 0 25
4 3 3 6 2 56
4 4 2 6 4 63
0 1 1 0 0 8
10
6 0 8 7 8
6 9 7 7 6
6 0 5 7 6
3 2 1 4 0
3 6 9 6 8
0 0 0 6 0
9 0 8 4 5
8 8 9 2 3
8 5 1 0 5
7 8 7 2 6
2 14 12
6
0 3 21
1 0 10
1 3 42
1 0 13
1 1 20
1 2 25
7
6 8
1 9
9 2
3 5
1 5
8 5
4 9
3 12 19 4
6
0 0 2 7
3 2 3 57
2 0 2 28
3 7 0 136
1 1 0 26
1 4 0 56
7
3 4 6
6 2 4
6 6 4
5 5 7
6 2 1
1 3 9
8 1 5
1 4
6
1 2
4 15
3 8
1 2
3 8
4 10
1
6
5 8 13 10 9 5
5
1 2 5 3 5 97
1 1 1 2 1 32
1 6 4 1 3 76
7 2 2 4 3 121
0 1 1 1 1 34
10
3 2 0 2 1
8 8 7 0 5
9 6 0 2 8
4 7 4 8 9
5 3 9 1 7
3 4 8 1 4
3 0 2 1 8
1 5 6 5 6
2 7 0 6 8
2 7 6 6 1
2 3 20
1
0 1 16
1
7 1
6 16 3 6 7 20 4
1
4 4 5 6 4 0 141
9
6 2 1 3 6 3
4 5 7 8 4 9
5 8 8 1 3 0
4 0 7 0 4 6
5 6 8 1 5 0
5 4 4 7 3 9
0 7 3 6 0 6
0 3 2 2 5 0
5 1 0 2 7 1
1 13
1
4 48
10
5
1
2
1
5
7
7
3
1
4
2 11 14
8
2 3 56
2 1 34
0 2 20
1 3 27
1 2 25
1 0 9
3 4 82
3 2 59
1
6 0
1 859
8
2 1671
3 2487
2 1285
2 1599
1 665
4 3369
1 711
2 1259
1
2
6 932 879 298 865 659 131
8
2 0 1 0 0 3 1397
1 2 0 2 1 1 4692
0 1 0 0 2 2 1979
2 2 2 2 2 2 5899
3 3 6 4 2 4 11140
0 0 0 0 0 1 89
1 3 2 2 0 1 3242
3 4 3 7 4 3 12391
5
6 9 3 6 9 4
1 0 8 5 4 7
6 8 9 2 5 7
3 9 7 0 2 3
6 5 8 2 5 6
6 767 982 912 305 928 184
1
3 2 1 0 1 3 6202
4
9 8 4 7 8 5
8 6 7 9 7 8
5 5 9 8 0 3
8 1 8 8 7 0
2 762 449
5
2 0 821
3 4 4065
1 2 996
2 0 1133
5 1 3883
3
8 9
6 7
2 1
1 738
5
3 1302
2 1195
3 1339
4 2772
2 1135
2
6
6
2 165 144
8
2 0 240
2 5 735
4 3 639
1 2 410
3 4 1029
1 4 443
0 2 145
2 4 731
10
4 2
5 7
0 9
3 0
3 9
3 7
1 4
5 6
3 9
9 5
2 234 117
3
2 2 396
1 0 121
3 4 1031
2
1 2
7 5
3 827 800 953
8
4 6 2 5429
0 5 1 2772
1 0 2 1975
0 0 1 515
3 7 1 4674
1 1 2 3065
2 4 3 5190
5 3 4 9670
8
4 8 7
9 7 6
2 9 8
6 6 4
9 1 1
3 9 3
7 3 6
7 4 1
5 218 791 284 923 772
3
7 4 1 5 2 6006
5 3 2 5 3 7596
4 3 3 3 2 5984
2
8 7 4 0 5
8 5 1 4 4
3 798 960 842
4
0 0 1 679
4 3 4 9006
2 0 0 1212
0 1 2 1911
4
2 8 3
7 2 6
6 4 5
4 1 3
3 421 432 429
6
1 6 3 3010
1 0 1 613
7 4 1 3185
3 2 2 1932
2 1 2 1565
0 1 5 2308
4
4 9 2
8 5 9
2 7 6
2 4 1
4 508 230 834 986
2
3 1 3 2 3483
0 1 1 1 1596
10
0 6 2 7
7 4 0 9
8 5 7 3
2 0 2 9
2 4 3 5
6 7 2 4
7 6 4 1
8 2 4 0
9 6 4 5
3 0 7 4
1 24
1
3 63
6
1
7
6
6
7
8
1 552
8
1 295
2 1024
4 1877
2 673
1 430
2 944
4 1801
1 509
1
8
6 882 479 885 679 468 65
4
4 3 2 3 6 6 8936
3 4 0 5 4 1 8422
1 2 3 2 3 0 4657
1 1 1 0 3 0 2678
3
3 3 7 4 9 5
9 7 3 8 5 5
5 5 9 8 3 8
6 536 293 47 282 972 363
6
0 0 1 0 0 1 369
3 4 1 1 4 4 7763
3 1 0 1 0 0 1107
1 1 0 0 1 1 2010
1 3 0 3 2 0 3794
1 0 0 0 1 0 1465
8
8 1 6 2 7 9
9 1 8 2 0 0
8 2 9 8 1 4
2 1 4 1 4 5
5 3 0 6 5 6
1 5 8 7 2 3
9 2 4 0 4 0
6 4 9 9 6 2
4 219 301 141 763
8
2 2 1 1 1493
2 1 3 2 1504
3 2 3 4 2454
0 0 1 2 1406
4 6 1 5 3844
1 1 0 2 1888
3 1 3 5 2988
3 3 1 4 4001
1
4 4 5 4
2 727 687
8
2 5 2597
3 5 5127
2 4 3526
4 4 3558
0 1 554
3 4 3926
0 3 1968
1 0 718
9
3 0
3 3
9 2
2 3
0 6
2 6
2 0
9 0
1 6
5 2 403 341 590 167
8
3 3 2 4 3 3023
0 3 1 0 0 1231
2 2 4 2 1 1973
2 1 1 1 3 1638
3 1 2 1 2 1101
1 2 1 1 4 2064
0 0 2 2 2 1765
1 4 0 4 3 2856
4
1 0 1 7 7
0 6 1 4 2
9 9 7 9 6
8 5 7 6 2
4 514 584 661 246
1
0 1 1 0 688
6
0 9 1 1
6 0 9 9
7 8 6 9
9 6 1 6
4 3 2 0
0 4 3 6
2 528 492
3
3 4 2338
2 3 1613
3 1 1154
3
9 8
6 4
6 3
3 72 182 40
1
3 2 4 639
4
5 4 2
6 7 2
6 4 8
8 7 9
4 960 138 933 610
6
6 5 3 2 6536
0 2 0 1 812
2 1 1 2 2713
3 1 2 1 4362
1 1 2 7 6031
1 4 2 1 3190
10
1 7 6 2
7 5 9 9
8 2 7 8
1 7 2 2
7 5 6 1
8 7 9 6
3 9 2 0
0 9 5 4
2 5 2 6
7 8 0 6
3 177 97 562
5
4 3 5 2538
3 2 0 446
1 3 3 1283
3 4 5 3578
2 3 2 1315
8
8 5 1
7 4 1
8 4 6
9 3 9
5 8 0
6 9 1
6 1 3
2 7 3
6 992 532 566 822 632 946
2
0 3 2 0 2 0 3008
6 2 4 3 4 5 11446
4
4 0 0 8 8 5
9 7 3 6 5 7
7 9 2 5 1 3
6 8 8 5 6 9
3 848 117 912
2
5 2 4 7743
9 2 0 5598
4
3 5 8
6 4 8
0 6 8
5 2 5
5 608 404 475 520 686
5
0 1 1 1 2 1472
2 1 4 2 3 3452
1 3 3 5 6 7933
1 0 1 2 1 2006
3 6 1 3 5 7917
7
4 8 5 4 3
3 3 1 9 2
3 8 2 1 5
3 4 1 8 4
1 7 7 6 8
5 2 9 5 8
1 2 8 3 2
4 654 488 252 752
8
5 4 4 3 4866
2 2 0 4 4839
0 0 0 1 723
4 2 4 4 7462
1 1 0 0 989
2 2 4 7 4456
4 2 2 4 4902
3 3 1 7 6954
9
1 9 0 0
7 2 6 2
2 3 0 0
1 1 3 4
8 6 8 5
1 7 3 5
2 3 9 2
5 9 7 6
4 0 6 1
4 970 417 943 30
8
4 5 5 2 10405
4 9 1 2 7583
0 2 1 1 1725
1 0 0 0 629
6 3 2 2 8982
3 3 6 3 7339
5 2 5 1 9905
0 0 0 1 16
8
3 6 1 9
1 3 5 8
9 0 5 3
8 7 0 7
3 5 9 1
1 4 9 7
2 7 0 6
7 4 0 7
6 192 206 744 205 267 297
1
2 2 1 0 0 0 1379
10
0 6 3 3 7 3
6 9 1 7 6 6
5 6 7 2 6 9
1 5 5 7 7 1
2 4 5 9 1 2
1 4 6 2 3 0
6 6 0 2 6 6
5 7 9 0 0 2
8 1 5 4 0 5
1 7 4 3 0 6
3 867 806 70
7
4 2 2 4902
5 1 4 4731
4 1 2 2964
1 2 2 1796
1 1 1 887
1 2 0 1952
0 2 1 903
8
6 4 5
3 5 3
0 1 1
7 2 3
3 2 8
5 7 6
6 2 4
1 5 2
4 944 962 268 368
2
5 3 2 6 7437
3 5 2 4 7151
7
0 7 5 9
8 5 0 1
4 3 6 3
8 5 9 8
7 5 9 7
0 3 7 9
2 8 5 4
6 956 121 640 162 231 918
3
4 2 2 3 4 5 7205
0 2 3 4 3 3 5247
1 1 2 2 3 5 4510
8
2 2 4 2 4 6
2 6 5 2 7 0
9 7 7 3 8 1
3 3 8 9 3 6
9 9 0 7 3 5
3 7 0 0 7 6
6 8 5 4 0 8
8 4 4 4 6 0
1 246
2
1 179
1 154
6
1
4
7
8
3
8
3 24 701 515
7
1 1 6 2850
0 0 1 264
3 2 4 3140
0 0 3 1351
3 4 1 1942
0 1 0 624
2 0 1 403
9
6 7 6
4 7 0
6 9 3
7 4 8
3 1 2
6 0 4
5 0 0
0 9 8
9 6 9
5 238 524 53 760 616
3
3 2 4 2 6 5234
0 1 1 0 2 1256
4 1 1 1 2 2130
7
5 6 7 5 0
3 6 7 5 2
3 1 0 3 8
6 6 5 9 6
7 6 5 2 0
8 9 2 5 0
7 4 6 5 7
3 710 258 237
4
1 0 0 361
1 0 1 794
5 1 1 2413
1 3 4 1480
4
5 5 4
5 5 4
6 8 5
4 8 6
4 707 761 204 727
8
0 2 2 1 2074
3 5 1 3 4577
1 2 3 1 1934
4 0 3 2 3513
4 2 3 1 3009
1 1 2 1 2122
2 0 2 1 1486
1 0 1 1 1209
2
7 8 0 4
3 7 5 8
5 136 540 482 299 547
3
2 1 3 3 2 2549
0 1 1 1 2 1420
2 4 2 1 2 3208
9
2 0 9 2 8
0 1 0 7 9
6 8 9 7 9
3 6 9 1 8
7 3 8 3 5
0 7 6 7 0
9 1 3 0 2
4 3 7 6 8
2 0 0 9 6
1 119
8
4 276
4 315
1 97
4 458
3 208
4 403
2 166
1 89
7
6
1
1
7
7
1
9
2 970 732
5
5 2 5797
2 2 3293
1 1 1581
0 1 660
3 3 4432
2
1 3
8 1
1 754
7
2 1102
1 458
1 643
4 2862
2 1326
1 572
2 1486
1
6
3 891 878 654
5
2 4 1 5294
4 0 3 4867
2 0 5 2971
1 1 3 3624
3 3 1 3537
1
4 3 6
3 900 784 358
7
1 2 0 1788
4 1 1 4666
1 0 0 579
2 1 2 3123
2 2 6 4202
5 2 2 5854
1 0 0 728
4
4 3 3
7 0 1
3 0 2
0 6 9
1 123
6
2 169
4 434
1 110
4 373
2 188
3 321
7
8
3
1
3
5
1
5
5 70 869 54 968 942
1
2 5 3 3 7 7454
6
0 3 4 7 9
3 8 3 7 9
2 1 7 5 8
6 2 5 1 2
8 2 6 9 2
8 8 5 3 1
6 923 245 637 714 206 274
1
1 0 0 0 0 0 787
3
6 9 4 5 7 4
9 1 8 3 6 1
4 7 4 0 2 0
6 132 896 752 989 215 94
2
1 1 0 2 2 1 2820
0 1 0 1 0 1 1634
5
8 3 5 8 5 1
0 5 8 2 3 1
7 1 6 4 2 8
8 0 0 7 6 7
6 9 8 5 0 4
2 344 489
2
0 1 301
5 0 877
2
8 8
3 8
3 169 442 145
1
2 2 1 1285
4
0 1 6
4 0 9
0 6 3
6 2 9
