2786 4226
212 1206
171 1608
116 911
884 4662
700 2467
1981 3196
1796 1832
2945 3431
2969 4140
3189 5000
275 2370
549 2861
3672 4801
2944 3021
2867 4296
297 1366
2851 4519
2413 3026
610 4899
877 2527
372 784
81 4584
2468 2542
4511 4758
1865 3242
194 3862
1955 1975
775 1599
779 1424
1313 4314
3067 3539
1022 1666
1063 2471
2227 4178
2135 2185
1952 4881
3523 3699
3816 4266
4169 4575
1035 3690
2614 4650
1115 2364
701 2064
1399 2393
208 4012
2 3573
2645 4572
1432 4427
668 3565
1948 2436
2496 4378
231 472
3001 4316
424 3248
1406 2714
913 4997
688 3005
2812 2826
2101 3079
368 1097
4398 4615
206 1931
792 1260
1449 1496
1354 1703
1674 2052
1918 3129
583 4746
811 4100
720 925
4786 4964
7 4666
1482 1625
440 4457
2104 4506
4049 4741
70 1873
4275 4499
156 4608
65 1038
966 4767
2980 3822
3532 4747
2254 4563
1680 2113
2413 4126
2106 4917
103 2550
1401 3674
1349 1730
1220 4768
557 3322
1663 3712
415 3557
730 1107
1 5000
65 900
36 874
30 39
