7 20
17
3.16 2.21
3.13 6.73
6.85 14.14
7.05 10.69
2.17 14.22
2.62 0.56
4.72 11.10
6.13 4.66
1.05 3.14
3.35 1.89
4.56 18.03
4.89 12.72
2.80 15.93
5.11 16.16
2.44 7.16
4.42 7.39
5.65 5.00
3.14
20 2
9
16.56 1.81
13.70 1.48
17.54 0.82
15.84 1.70
7.66 1.74
2.72 0.59
17.64 0.86
10.92 0.30
5.80 1.75
3.56
18 3
17
13.09 0.37
14.42 2.85
11.98 0.45
12.99 1.51
7.01 2.77
10.11 3.23
7.13 1.92
10.07 2.43
8.58 2.11
11.68 2.50
1.32 2.65
16.11 2.75
15.54 0.81
16.91 3.12
14.55 0.34
2.95 0.33
3.91 0.59
3.82
9 8
12
6.92 7.69
6.94 4.61
8.49 3.54
9.23 6.00
7.52 5.34
3.21 6.48
8.45 5.60
2.10 3.70
1.41 4.44
4.01 0.69
1.76 0.81
4.71 0.76
2.93
7 18
16
5.80 8.65
0.40 12.35
4.96 3.72
5.16 17.69
6.03 3.96
5.45 8.34
5.54 3.63
4.22 14.77
1.15 2.94
3.04 6.51
2.93 8.88
3.69 4.17
0.47 14.68
1.92 8.88
0.37 3.05
3.06 7.21
4.43
11 6
5
9.59 1.50
7.11 3.46
4.99 4.17
1.04 3.82
7.69 5.16
1.54
11 4
9
2.37 3.78
8.23 3.32
3.87 1.03
0.63 2.34
3.22 3.76
3.21 4.21
10.11 2.92
10.48 2.68
1.00 0.48
2.74
9 3
7
5.82 0.75
5.11 2.32
1.24 1.66
1.40 2.67
1.73 1.95
7.19 1.86
3.63 0.68
3.40
12 8
17
6.03 6.98
3.67 1.01
4.68 0.52
10.86 7.01
2.60 1.94
8.87 0.73
9.48 4.56
10.72 8.05
4.09 2.77
4.71 1.51
8.33 7.65
2.40 1.98
8.54 1.06
5.53 4.56
8.98 0.42
2.32 1.44
7.08 6.71
2.89
7 19
2
2.20 9.39
4.10 18.81
1.84
13 10
9
8.38 4.62
3.82 2.80
11.95 0.72
2.22 8.82
9.40 0.93
3.66 2.87
9.75 9.96
1.62 1.59
2.55 7.71
3.43
4 15
7
2.90 9.57
0.35 9.82
1.76 15.06
1.40 5.67
3.69 3.24
3.88 3.75
2.39 7.02
4.09
14 13
8
12.08 11.40
7.79 0.56
7.76 1.36
14.08 6.70
13.03 12.18
10.59 8.24
3.45 4.33
8.83 7.83
1.69
11 6
15
3.64 1.31
9.49 3.44
1.48 3.76
1.42 1.21
7.56 4.44
5.37 4.15
4.65 2.38
2.87 1.70
3.46 4.90
2.39 0.40
10.21 4.99
7.73 3.56
10.52 5.50
5.67 5.75
8.97 5.63
3.88
5 9
19
2.63 5.34
3.20 5.64
2.97 7.52
0.41 2.63
5.09 0.56
2.48 2.43
1.33 8.46
2.04 2.77
3.04 5.14
4.39 8.76
0.46 0.36
1.51 4.36
3.86 4.18
1.34 2.92
0.60 1.60
3.54 0.92
1.40 3.30
1.18 7.56
2.99 2.41
3.87
20 7
3
1.66 2.75
12.03 6.82
11.58 5.90
2.79
13 4
6
1.40 0.74
0.41 0.51
1.04 3.57
4.52 1.18
11.53 3.53
6.94 3.48
1.76
8 13
18
0.88 3.41
2.66 3.44
5.21 7.62
2.47 6.41
1.51 6.82
3.17 4.81
5.97 11.99
1.93 8.18
1.19 10.52
4.62 11.08
7.99 9.80
2.93 6.64
6.79 11.71
2.66 3.16
5.97 7.36
0.54 7.88
0.31 4.46
6.69 3.98
2.28
6 7
15
2.08 7.05
1.83 1.22
0.83 0.44
1.02 1.15
0.73 4.38
4.57 4.41
0.76 3.72
5.46 4.52
2.37 4.53
5.37 7.04
5.00 4.46
2.71 0.85
5.03 4.90
5.42 1.18
3.30 1.33
2.65
11 2
17
9.07 1.71
7.56 1.12
2.16 1.67
0.65 0.89
9.54 1.40
4.78 1.75
8.41 0.66
8.79 1.58
7.63 1.94
5.45 0.81
2.65 1.57
2.84 0.70
9.05 1.46
6.58 2.18
9.81 0.33
6.13 1.37
7.95 2.13
3.06
2 13
20
2.22 11.31
2.22 11.93
0.73 4.43
2.19 11.95
0.89 7.18
0.37 11.38
2.22 11.12
0.54 7.48
1.68 2.06
1.82 2.96
0.42 1.35
1.91 8.49
1.55 9.46
1.69 5.31
1.87 9.51
1.45 2.77
0.33 12.43
0.80 3.51
1.36 7.36
1.99 5.74
2.77
3 1
2
2.38 1.21
1.80 0.35
4.48
2 3
11
1.32 2.86
1.46 1.31
0.41 2.98
1.13 2.53
1.52 0.78
1.77 2.14
1.17 1.63
2.07 0.43
1.93 0.90
2.01 3.16
1.70 0.91
3.81
13 4
17
4.12 2.47
11.60 2.58
0.69 2.85
8.81 0.89
7.75 3.58
8.06 1.11
6.65 1.71
6.17 2.17
11.21 1.62
10.08 3.12
5.15 2.49
10.42 1.44
0.75 3.69
1.42 2.10
0.84 1.43
10.46 3.68
7.21 2.09
2.63
18 11
19
18.04 6.48
15.50 10.53
16.04 1.68
5.70 7.11
10.01 5.57
11.81 4.61
17.41 6.71
9.05 7.98
15.78 6.17
4.19 4.22
13.20 1.33
8.98 3.55
15.38 3.69
13.35 10.08
5.48 2.85
4.47 4.52
3.87 2.92
16.81 1.47
11.17 6.48
2.87
4 5
15
3.69 1.07
2.88 3.48
3.14 3.92
1.69 3.50
0.85 3.92
1.93 2.31
2.81 2.70
1.34 2.08
3.48 5.20
3.11 1.53
3.09 3.65
4.14 1.48
1.08 0.35
0.69 2.70
2.70 4.84
2.91
15 15
17
7.78 11.45
6.73 5.95
11.99 9.13
6.55 4.88
3.57 9.70
1.98 2.18
5.83 10.67
7.48 11.44
10.72 4.23
14.55 9.90
8.30 12.00
14.59 14.95
9.31 13.92
11.70 7.00
6.92 8.81
7.09 4.03
3.62 2.72
3.48
1 2
11
0.64 0.58
1.01 2.08
1.15 0.62
0.51 0.42
0.66 0.47
1.15 1.04
0.46 1.79
0.69 1.02
1.19 1.86
0.39 2.03
0.36 0.70
2.05
2 15
9
0.48 5.62
2.17 1.38
1.97 5.35
1.44 1.72
1.34 13.59
1.91 8.65
2.06 5.07
1.51 14.66
0.76 5.88
3.46
6 18
18
4.01 14.60
4.09 8.07
0.66 15.61
0.35 4.42
2.01 9.11
4.24 8.42
3.16 13.17
5.94 13.78
4.06 1.92
3.31 18.05
0.76 14.48
2.12 16.05
2.38 0.69
6.22 6.33
2.55 14.97
0.81 10.81
3.41 18.07
2.19 13.94
4.07
4 7
4
0.87 6.52
1.90 6.91
3.84 7.13
2.38 3.76
2.69
16 17
16
4.06 13.44
4.06 6.99
6.65 11.36
15.60 14.90
5.47 9.35
1.71 10.81
13.38 4.44
0.98 12.84
9.88 0.56
13.75 4.20
14.30 10.85
9.92 5.50
9.89 8.36
14.80 1.65
11.71 10.34
10.71 15.41
3.98
13 8
10
3.46 5.34
6.93 0.81
1.93 1.66
3.75 1.34
3.41 5.81
2.46 3.12
6.47 5.52
1.82 6.96
4.92 2.68
7.94 7.73
4.42
14 4
18
5.67 1.52
6.20 1.81
1.21 3.57
11.39 2.58
9.57 2.64
7.44 4.16
11.50 2.69
3.18 4.04
8.91 0.84
0.88 1.44
11.69 0.99
8.23 0.96
7.09 0.48
7.49 2.86
10.94 1.34
8.48 2.44
7.31 1.35
0.75 2.84
2.50
8 17
18
8.14 1.03
4.14 17.03
5.52 1.08
7.14 6.32
5.57 7.01
2.51 14.05
3.23 10.45
0.82 6.01
2.74 6.08
5.75 8.64
0.71 11.50
3.34 15.66
4.22 5.42
1.81 3.17
7.94 8.77
3.00 7.71
2.32 0.56
7.06 15.12
3.33
16 13
18
4.37 1.50
7.44 10.20
2.52 10.78
4.92 1.47
12.45 5.61
12.36 12.96
2.13 0.44
1.72 8.88
10.90 12.85
0.65 0.50
12.90 10.92
11.88 2.70
16.12 2.11
11.85 8.71
6.52 0.62
11.87 8.77
11.88 9.33
11.69 8.56
3.77
8 1
20
4.04 0.59
7.31 0.47
3.49 0.99
7.81 0.37
1.66 1.16
6.75 0.51
0.91 0.93
6.94 0.95
3.57 0.89
7.13 1.06
5.71 0.83
2.82 0.72
6.33 0.60
6.47 1.19
3.48 1.09
7.13 1.04
2.41 0.70
2.40 0.71
3.09 1.11
1.83 0.73
3.66
18 13
6
12.01 6.67
11.38 3.50
11.57 5.31
11.84 11.44
11.14 11.11
14.17 8.49
3.66
14 10
12
6.35 1.81
9.14 4.81
11.19 2.39
11.64 4.62
6.09 6.21
5.50 7.15
8.74 1.51
11.63 0.85
8.33 7.53
7.22 3.13
7.06 9.63
2.33 7.24
2.59
3 1
18
1.12 0.44
2.63 0.81
2.40 1.15
1.76 0.56
3.24 0.70
1.66 0.79
0.66 0.93
2.85 0.55
0.95 0.72
2.17 0.74
1.96 0.48
0.37 0.89
2.94 1.21
0.46 0.45
2.30 0.71
0.67 0.63
1.58 0.91
2.35 0.81
4.24
9 15
3
5.80 1.06
2.60 15.17
6.96 5.67
4.40
16 18
13
6.24 15.08
12.95 11.07
12.44 3.99
1.42 1.93
6.38 16.19
7.18 10.57
8.18 11.53
14.83 10.00
10.14 15.88
2.37 16.95
15.62 0.71
9.75 5.59
6.37 2.12
3.83
4 10
8
2.45 9.63
1.01 7.37
1.44 6.78
2.45 3.19
2.19 1.69
2.84 1.12
0.96 8.77
0.55 5.23
3.97
6 13
2
2.10 7.69
3.17 1.86
2.18
12 9
16
11.82 1.19
3.74 7.20
3.52 8.86
0.58 2.13
1.88 1.54
8.52 2.72
7.98 3.97
10.19 8.24
5.17 0.65
8.53 2.97
4.57 7.51
7.68 8.92
5.22 4.86
12.11 5.70
3.53 1.69
1.79 0.58
4.19
11 14
13
5.23 12.40
1.19 9.47
2.75 5.02
2.42 14.05
5.98 4.69
3.12 3.59
4.70 6.55
5.70 8.54
6.84 9.92
1.52 9.51
9.09 13.72
9.43 10.70
6.99 4.09
3.90
8 19
18
3.62 11.36
4.57 18.78
5.33 8.95
5.48 10.41
2.94 2.97
6.20 2.17
0.33 10.51
6.84 8.03
2.95 1.80
2.67 18.53
5.57 16.64
4.79 18.73
3.64 14.41
0.84 15.90
7.10 7.21
3.30 3.63
1.88 15.09
1.51 14.59
4.32
9 6
16
2.91 4.08
4.77 1.70
5.57 6.09
3.32 5.70
6.76 2.72
2.14 1.58
3.74 0.86
4.96 2.47
1.34 5.64
4.99 2.56
6.40 4.66
5.00 2.60
2.80 4.86
3.71 2.44
7.32 3.33
3.75 0.50
2.08
13 5
4
11.99 1.68
12.79 5.00
7.75 5.02
7.40 4.64
4.03
7 15
18
0.34 3.65
4.76 4.63
1.99 9.21
2.96 6.93
0.57 13.85
6.31 10.32
6.01 9.42
6.54 9.74
1.38 6.66
4.38 4.09
1.91 1.22
6.54 9.63
5.89 10.71
6.63 4.21
2.69 4.13
1.71 2.46
7.20 12.95
2.42 7.07
2.79
6 16
20
0.94 15.24
4.91 13.75
2.89 8.75
3.03 7.58
4.50 11.36
6.13 10.98
6.13 10.71
2.03 1.92
1.90 8.44
5.86 14.48
0.93 13.50
5.20 3.71
3.92 2.43
1.96 6.35
2.89 8.32
3.89 7.32
1.17 16.16
0.63 15.71
3.32 8.19
3.36 5.72
4.27
5 18
17
3.31 10.03
4.66 4.86
1.64 6.47
3.44 1.76
5.05 15.15
4.68 1.05
2.86 16.78
1.11 11.73
2.47 11.56
1.49 16.14
0.55 15.14
2.00 15.88
4.23 0.87
5.12 13.85
2.48 9.83
4.76 10.79
0.55 13.50
2.39
4 14
6
1.75 9.35
2.69 7.39
2.86 9.02
0.80 10.08
0.66 10.04
0.79 3.76
4.39
9 18
5
0.98 2.14
8.31 13.61
3.92 11.58
8.47 2.88
2.83 8.56
3.30
8 14
1
1.72 0.74
2.71
14 13
20
1.20 0.62
12.43 1.33
3.08 2.99
14.00 5.95
3.80 2.06
10.39 9.56
11.78 1.70
8.31 7.35
10.84 8.83
9.15 11.81
1.81 3.51
12.94 1.54
11.64 1.52
11.06 2.89
11.66 0.39
10.67 11.45
12.02 8.56
12.84 8.38
10.76 8.16
1.04 8.22
4.18
6 19
16
3.41 8.72
1.17 15.12
4.89 14.52
1.53 3.94
0.43 13.58
5.53 0.97
2.86 2.55
0.53 11.64
2.89 4.20
5.02 18.73
4.82 5.91
4.78 15.59
3.60 4.55
1.24 5.09
2.54 1.03
1.18 3.36
2.38
11 15
9
7.64 0.34
7.76 7.77
2.88 9.84
3.21 1.32
5.96 8.64
5.39 3.19
9.22 5.76
10.10 10.94
7.74 9.95
1.71
20 1
2
6.05 0.69
2.34 0.69
1.53
15 7
15
3.41 6.93
0.96 5.63
3.09 1.94
8.94 1.04
8.57 1.07
6.23 2.49
3.20 5.20
2.95 5.16
4.55 1.10
4.87 1.57
3.92 3.67
6.74 3.00
9.47 4.20
10.55 5.38
4.62 2.18
4.00
10 15
1
4.95 4.55
2.18
18 4
20
13.17 0.92
4.77 1.53
9.00 0.95
7.05 2.99
2.53 4.16
8.48 2.88
7.16 1.47
15.56 2.07
6.32 1.20
15.05 2.08
6.37 3.60
15.02 1.43
11.60 2.75
8.85 0.45
13.16 2.52
15.10 3.32
1.75 0.76
2.84 2.98
10.51 3.64
12.89 0.70
3.30
5 11
19
4.90 4.95
4.72 7.79
3.81 2.80
1.31 8.75
0.43 2.95
3.03 8.79
1.95 5.89
0.67 1.81
4.92 2.31
4.18 7.76
3.56 5.21
3.19 4.79
3.42 0.90
4.17 3.07
2.47 1.08
2.60 9.19
3.37 2.51
1.05 4.11
4.52 1.72
1.52
14 16
15
3.95 16.23
0.92 7.84
1.35 13.41
9.93 10.18
7.20 2.70
10.32 4.04
5.30 12.59
10.59 14.30
6.39 0.38
0.48 1.85
5.98 14.64
10.01 1.96
7.88 4.12
6.90 1.84
9.13 7.81
2.72
15 17
2
6.01 9.74
0.83 8.05
2.18
1 10
13
0.86 6.13
0.72 7.13
0.91 7.71
0.73 7.34
0.76 1.71
0.62 3.04
0.96 2.05
1.17 5.85
0.40 8.37
0.46 4.90
0.74 1.99
0.57 4.40
0.92 9.95
4.17
3 5
6
0.92 4.17
2.30 2.46
1.09 4.39
1.46 5.20
1.33 4.41
0.85 0.96
2.15
19 1
11
12.18 1.13
18.43 1.06
11.11 1.23
16.57 1.07
15.68 0.67
18.34 1.08
15.48 0.57
11.49 1.18
2.86 0.75
11.23 0.52
6.86 0.96
4.49
20 12
18
8.54 1.44
18.11 0.57
3.63 0.66
15.50 8.99
7.01 2.86
4.70 1.20
8.62 3.38
11.34 11.54
14.03 7.48
8.09 0.81
8.81 8.02
17.37 10.05
16.38 4.23
18.17 12.09
1.10 6.90
17.60 3.77
6.48 0.94
16.16 5.15
1.79
4 5
6
3.11 3.07
3.19 0.99
2.75 3.32
2.35 2.82
0.78 4.16
1.61 3.01
2.37
11 11
17
6.12 3.57
5.61 8.10
8.22 1.08
0.42 2.37
6.82 8.95
8.76 2.75
5.50 0.49
8.48 3.56
7.48 7.87
1.81 4.32
1.21 2.42
5.94 3.15
7.09 2.91
0.34 0.45
7.37 10.62
9.02 7.52
9.50 5.67
4.14
13 9
14
9.07 4.88
2.03 2.87
11.95 1.53
2.12 6.13
4.97 1.65
7.93 5.93
12.77 6.13
7.92 3.17
12.99 9.04
2.50 1.04
10.87 2.42
4.50 6.85
0.93 3.30
3.18 5.63
3.87
9 3
14
4.98 1.10
1.46 0.63
8.33 0.90
6.96 0.87
7.64 1.60
6.24 3.15
3.95 2.70
5.04 2.72
2.37 2.91
1.63 1.64
0.51 1.61
9.05 0.81
0.94 0.73
6.72 1.61
2.91
5 14
2
1.38 10.59
2.98 10.02
3.80
9 13
11
1.36 5.39
7.35 9.62
1.85 12.61
3.06 4.50
6.13 10.00
7.90 0.39
2.52 13.00
9.13 7.61
6.79 13.14
7.22 7.64
0.57 11.53
4.42
16 17
14
8.40 6.85
4.32 8.00
3.64 14.68
1.40 16.58
15.76 11.00
14.31 2.85
13.80 16.84
9.84 1.68
12.92 13.89
11.45 12.77
10.37 7.19
2.60 11.53
11.06 7.00
2.00 2.00
1.51
14 1
5
11.21 1.18
4.68 1.00
2.62 0.74
4.22 0.64
8.16 0.60
3.51
9 1
15
5.06 0.71
5.47 1.05
7.44 0.82
6.68 1.06
2.40 0.34
6.01 0.94
4.09 1.19
5.84 0.49
8.95 0.38
2.75 0.44
7.85 0.58
4.03 0.97
5.45 1.17
6.97 0.87
2.56 0.77
2.61
16 11
6
13.13 9.38
7.06 11.13
13.13 0.80
8.40 2.16
13.65 9.34
6.23 6.99
1.87
8 18
7
4.08 17.86
1.44 17.01
4.67 1.79
3.04 16.48
7.33 7.79
6.86 4.30
5.32 16.37
4.28
20 14
20
11.52 5.58
19.20 12.70
14.52 6.04
16.65 3.31
15.30 8.93
4.16 10.57
12.47 13.57
2.47 12.63
16.55 9.51
7.88 13.73
9.22 8.63
18.91 8.00
15.06 0.92
16.24 5.65
19.05 3.58
19.35 6.73
19.88 1.32
4.62 2.21
16.39 14.05
9.59 4.01
2.66
14 19
15
11.90 7.78
3.39 7.42
0.44 3.68
6.91 1.85
11.87 9.03
1.13 18.57
8.15 4.32
13.54 16.53
9.34 1.50
1.73 4.71
1.89 2.90
7.75 18.21
7.42 11.03
3.06 17.31
6.10 1.86
2.18
12 4
18
4.07 2.96
0.58 1.62
8.89 1.58
8.83 1.59
3.51 4.08
2.22 1.50
11.10 2.42
7.49 1.90
1.48 3.96
4.37 4.10
1.77 0.59
3.66 3.12
2.62 2.36
11.19 1.73
1.06 3.77
3.07 2.56
8.78 2.30
8.88 0.75
2.21
15 16
7
4.95 6.90
0.35 1.63
13.60 9.31
12.94 13.54
6.07 12.96
2.69 0.93
8.85 8.19
3.83
7 19
2
5.79 18.36
1.70 6.91
2.70
16 15
8
6.49 13.08
8.72 11.36
4.50 6.97
15.96 3.15
8.88 12.35
6.97 1.33
2.09 9.09
8.90 12.58
2.15
12 19
13
9.49 10.45
11.01 5.85
1.00 1.98
7.11 4.05
1.30 5.46
11.60 10.98
9.68 15.60
5.49 9.21
4.57 2.47
9.92 3.08
10.40 14.04
9.69 2.87
1.97 6.81
1.57
12 18
7
2.44 1.64
7.35 12.73
2.77 5.77
0.88 4.49
11.57 9.74
0.95 7.45
6.72 18.07
3.54
18 7
20
15.53 5.14
13.74 4.41
13.35 3.31
3.53 4.45
6.03 2.42
18.01 2.58
8.31 5.67
4.99 4.95
14.78 4.44
12.04 3.18
14.83 5.99
10.10 0.33
7.67 1.23
3.79 4.09
4.44 0.54
3.49 6.38
13.96 0.60
1.81 5.04
3.20 1.40
3.19 5.91
2.51
11 17
2
9.14 2.17
9.87 15.73
4.32
17 5
6
3.05 5.13
0.95 0.37
1.01 0.52
4.89 1.70
7.38 4.49
7.94 4.00
3.75
14 6
6
11.96 4.49
0.90 5.31
8.43 0.92
0.32 3.22
4.91 1.16
3.54 2.57
1.77
8 2
4
3.17 1.12
4.58 0.30
5.54 1.91
4.03 1.42
2.99
20 19
18
19.60 1.53
4.89 14.83
0.52 11.58
17.84 17.82
14.38 19.08
7.89 17.68
18.82 13.72
20.16 1.52
9.57 7.70
18.57 7.45
6.66 8.67
6.24 4.78
11.99 13.77
15.95 15.51
9.46 11.89
1.73 16.54
14.52 17.59
6.70 8.49
2.61
18 7
17
17.86 3.45
13.97 0.54
1.05 0.79
11.98 6.78
18.01 1.36
14.24 5.37
6.90 4.62
6.03 1.21
4.45 1.47
15.91 3.44
12.21 6.64
8.58 5.24
6.48 5.71
8.80 4.96
6.64 5.92
9.84 4.86
12.21 2.45
3.62
2 8
3
2.10 6.23
1.84 4.15
1.10 0.45
2.56
13 8
15
3.02 5.01
7.68 4.15
3.05 2.87
2.68 6.75
1.85 4.01
11.18 1.48
1.00 1.01
6.73 5.68
4.88 2.16
8.89 7.65
5.47 7.80
5.38 6.96
1.96 6.88
2.50 3.85
5.43 5.22
3.29
18 10
9
5.91 6.98
2.59 3.69
17.33 2.98
11.41 2.69
17.56 1.88
0.59 2.20
13.63 2.98
0.67 8.42
14.67 5.63
4.29
14 3
16
7.67 0.98
9.74 2.48
10.76 1.56
9.81 0.41
0.34 1.62
11.95 0.74
0.90 2.44
14.00 2.11
11.56 1.17
6.06 2.95
13.82 2.15
6.73 2.69
8.78 2.31
4.41 2.30
6.15 0.61
8.68 2.76
3.12
15 13
15
3.39 1.00
6.45 7.09
3.10 11.48
2.95 7.10
5.68 4.09
8.85 9.12
6.68 5.55
7.68 0.91
8.52 7.45
4.20 10.81
10.62 3.33
7.51 2.44
13.77 5.91
7.37 7.71
4.72 10.48
3.71
15 5
7
3.38 2.05
15.06 4.53
1.36 2.83
0.38 0.78
6.11 0.99
11.97 2.01
13.88 4.15
2.03
13 20
8
7.84 15.01
3.03 3.53
0.64 8.71
12.39 18.58
4.20 8.23
0.32 17.61
8.83 14.15
13.16 14.88
1.63
10 7
14
3.72 3.42
4.66 3.62
2.16 0.94
9.76 0.38
8.84 3.53
7.71 6.02
5.20 1.98
3.39 0.72
8.79 3.46
5.43 0.53
6.18 3.15
10.03 5.33
1.76 0.66
4.94 3.56
2.98
11 3
7
1.56 1.75
10.44 3.24
8.38 2.95
4.82 1.81
9.02 2.90
3.73 1.07
0.86 1.02
4.00
8 4
9
3.57 1.16
6.05 2.85
5.64 1.46
2.22 0.55
7.09 3.36
2.34 0.92
0.76 4.12
4.56 2.73
0.39 2.84
2.52
6 7
10
4.64 4.72
3.66 4.21
3.20 1.75
5.19 0.98
3.69 1.01
3.44 3.46
3.67 6.06
5.55 3.50
0.61 5.68
1.75 2.78
2.28
16 6
3
10.35 5.03
9.82 0.82
6.42 2.42
3.25
18 5
6
15.78 3.83
17.96 0.47
10.34 4.03
16.73 2.81
9.13 2.56
1.88 0.38
2.91
14 15
14
2.79 8.55
9.80 5.14
6.54 3.82
8.69 12.75
13.98 13.82
7.76 1.76
8.86 10.87
12.56 6.20
12.45 8.48
12.07 12.83
10.72 13.09
7.38 2.92
12.63 11.47
5.61 13.61
4.08
5 18
13
4.19 14.81
1.74 16.39
4.99 0.73
3.02 5.10
5.03 7.50
4.06 14.33
2.59 10.76
3.02 9.82
3.61 14.46
1.86 6.40
0.59 1.59
2.97 9.03
0.66 14.14
3.36
3 20
13
2.07 12.46
2.45 7.08
2.37 13.91
1.59 0.43
0.62 8.70
3.17 20.09
2.77 15.23
2.24 5.94
2.89 17.45
2.02 8.14
1.32 17.96
0.34 19.45
2.03 14.86
3.92
10 19
14
0.30 12.95
4.10 14.30
10.23 12.58
1.43 5.66
1.19 17.81
5.08 6.86
6.00 5.11
4.56 14.83
3.52 17.53
2.67 5.30
2.54 15.17
7.98 9.05
9.62 15.24
6.91 10.99
4.02
10 20
5
6.62 18.22
1.75 9.46
0.71 18.07
8.07 3.49
8.36 11.72
2.76
11 16
10
5.91 13.80
0.51 9.66
4.90 7.20
2.92 12.74
9.34 9.74
6.11 10.86
5.67 6.97
4.79 10.84
3.85 0.50
7.77 0.80
2.48
16 1
16
1.80 0.56
13.35 0.79
6.77 1.01
5.56 1.24
9.21 0.53
11.09 1.15
7.36 0.97
6.34 0.73
14.49 0.72
6.09 0.63
4.15 0.81
11.64 0.75
4.16 1.01
15.68 0.32
8.42 0.45
15.82 0.96
4.18
16 10
7
2.71 5.81
11.38 6.64
8.89 1.56
11.49 7.31
4.17 1.06
0.52 4.01
6.01 1.33
2.20
5 13
9
3.67 3.30
2.14 11.09
2.60 5.19
4.43 8.24
3.58 8.21
1.34 5.43
3.35 11.89
5.14 6.83
1.81 1.62
2.30
18 13
20
4.49 8.98
1.68 8.92
10.41 3.07
16.59 9.45
5.61 1.33
16.65 1.06
4.42 12.06
3.61 2.65
7.44 10.97
16.84 11.45
6.14 10.53
17.46 5.57
3.17 9.98
2.18 12.78
6.80 12.70
15.47 5.44
15.62 11.97
1.76 3.59
4.81 1.98
12.54 6.09
3.78
3 2
18
1.61 1.14
0.90 0.45
2.35 1.42
0.42 0.62
2.61 1.07
1.31 0.33
1.42 0.79
1.77 0.51
1.68 0.81
0.54 0.44
3.14 1.96
1.13 0.47
3.00 0.55
2.98 0.58
0.96 1.86
2.07 1.62
2.83 0.36
0.47 1.90
2.03
7 11
2
1.88 5.33
6.43 9.35
3.21
1 14
7
0.47 4.05
1.04 3.70
0.51 12.35
1.06 10.43
0.41 13.06
1.21 13.00
0.73 8.48
3.07
16 5
3
2.22 4.85
10.64 2.98
14.76 3.37
3.21
12 8
1
8.08 0.44
4.21
20 1
9
20.18 0.83
8.82 0.98
10.18 0.82
14.81 1.01
19.73 0.85
3.96 0.55
15.56 0.54
2.81 0.36
4.52 0.32
2.07
8 6
18
6.77 3.43
0.81 2.60
3.21 4.64
3.94 3.34
1.68 2.87
3.84 1.84
1.64 0.58
5.89 5.14
0.48 3.04
4.65 0.33
1.95 3.62
4.91 0.70
6.15 3.11
1.53 2.84
4.67 0.37
4.53 0.41
1.89 1.67
2.01 6.00
4.23
17 19
17
12.88 14.47
7.81 18.97
13.39 10.70
12.73 2.05
2.11 18.65
1.00 4.86
3.87 15.03
6.13 1.88
10.17 2.74
10.82 11.68
1.55 16.61
12.03 14.70
4.68 9.31
5.44 12.93
1.10 13.04
5.10 11.57
8.83 1.79
3.12
6 8
8
1.16 1.40
5.63 6.08
2.57 5.00
5.31 7.04
1.94 0.31
5.37 8.00
4.81 7.21
5.41 4.22
3.09
13 10
4
9.57 4.42
4.24 0.60
2.17 6.92
9.31 4.51
2.93
18 20
16
4.48 12.24
15.99 19.60
11.67 9.05
11.44 10.11
8.32 5.39
10.68 10.39
8.69 4.10
16.94 4.07
10.69 4.89
1.90 9.52
16.82 5.20
8.80 2.63
17.60 13.75
7.13 9.60
1.78 13.08
1.78 15.30
4.28
17 8
18
13.13 4.91
7.42 7.08
2.91 5.42
6.58 4.74
3.99 2.37
6.67 8.13
7.49 6.72
7.48 6.18
1.10 2.67
9.88 7.09
5.85 2.71
11.58 5.01
6.17 7.54
13.21 1.01
14.31 1.12
9.23 1.60
4.35 6.79
9.80 7.18
2.60
1 19
15
1.01 16.63
0.76 14.99
0.59 17.61
0.60 7.80
0.57 5.96
0.88 18.35
0.53 2.98
0.98 13.79
0.69 3.49
0.36 2.18
1.24 2.68
0.32 8.06
0.87 15.08
0.30 10.85
0.81 10.68
2.04
20 4
1
9.64 2.14
1.56
13 9
6
8.50 6.55
6.79 2.06
10.72 7.71
11.13 4.49
3.41 6.02
8.08 7.50
4.30
16 7
6
9.52 5.98
9.14 5.77
10.51 2.59
13.84 2.32
3.05 3.17
0.76 3.59
3.19
16 2
20
9.21 0.95
7.47 1.08
6.74 0.61
2.92 0.98
0.34 1.07
4.31 1.59
13.11 0.62
3.63 0.97
7.46 1.07
12.53 1.88
7.88 0.74
15.17 0.53
0.75 0.45
6.06 1.23
10.84 0.51
13.18 1.47
4.06 1.01
4.69 2.17
10.48 1.84
4.33 1.86
1.69
14 6
6
13.16 0.79
10.99 3.38
12.30 0.36
12.05 5.89
10.16 4.17
0.62 4.36
1.65
18 16
18
9.15 12.94
13.78 3.12
9.72 2.14
13.58 12.90
0.62 0.68
7.76 6.79
1.59 10.43
4.95 5.90
1.22 1.35
7.00 3.76
17.31 11.16
8.11 9.65
17.73 11.51
9.95 3.36
0.72 13.57
1.18 7.49
15.11 9.35
10.45 12.70
2.46
6 12
9
1.36 5.07
1.31 4.44
4.70 1.34
4.37 4.31
6.02 3.45
4.20 2.35
2.07 9.05
5.91 11.38
5.04 6.94
1.90
13 3
1
2.83 3.06
2.49
16 16
12
12.89 12.88
1.86 13.81
5.92 3.16
6.55 15.90
9.65 9.33
8.83 4.15
12.38 14.69
9.64 8.43
3.11 9.70
10.37 1.44
13.31 1.41
0.63 3.97
4.04
13 6
1
4.58 2.65
1.78
19 13
8
2.54 11.37
10.66 1.68
1.89 1.94
5.00 6.02
10.80 2.34
15.78 9.49
14.16 1.03
17.75 1.84
3.88
6 10
16
3.67 7.98
0.54 9.40
0.59 7.52
6.08 0.74
2.01 6.62
5.88 8.39
5.41 6.22
0.91 1.39
2.81 0.98
1.20 8.67
2.70 6.66
1.52 4.38
0.35 0.34
5.70 3.97
1.00 7.98
4.54 7.37
2.03
17 2
4
6.11 0.44
13.10 1.00
1.50 1.96
16.43 0.64
2.61
5 16
18
1.00 1.65
3.69 13.02
5.16 2.15
2.15 8.79
1.24 11.62
3.64 2.83
4.18 13.42
3.15 3.52
4.83 3.99
0.94 15.89
1.71 4.22
4.38 10.21
2.74 12.55
3.86 1.17
3.80 8.11
2.84 7.98
1.40 2.13
1.38 15.18
3.76
10 14
9
5.55 11.02
2.10 9.04
7.31 9.06
5.20 2.53
8.58 5.56
1.59 11.06
8.20 12.12
2.10 5.75
5.43 1.16
3.86
6 16
12
4.66 1.37
4.68 13.21
5.66 12.69
3.08 14.71
2.59 5.02
2.82 5.75
4.76 9.36
2.20 6.54
3.81 5.72
3.81 14.11
1.69 13.50
3.96 15.67
3.75
14 19
15
7.09 6.19
10.19 18.43
12.53 10.15
0.74 16.69
6.06 13.33
9.34 1.66
9.44 4.13
11.62 7.75
4.81 11.97
8.79 13.04
5.32 12.47
9.20 7.24
10.32 15.72
6.12 8.80
6.92 8.44
2.52
7 12
7
0.90 0.58
3.04 6.47
3.11 10.19
3.51 8.15
6.13 6.55
5.41 8.97
4.96 0.51
4.04
9 4
7
8.07 2.42
8.88 3.79
7.53 0.66
8.76 3.47
4.39 0.66
6.32 0.86
4.84 2.92
2.30
8 14
8
7.13 9.70
7.96 4.70
1.54 7.79
5.21 3.30
2.08 13.01
6.43 4.41
7.69 0.91
2.52 13.61
2.85
7 5
18
3.31 3.46
4.89 4.06
2.39 3.22
0.80 2.95
3.58 1.86
4.37 0.79
2.39 4.31
6.98 5.16
4.56 2.42
2.54 1.51
1.33 1.66
4.47 0.55
2.50 3.00
5.38 2.05
4.48 0.84
2.92 2.47
5.80 4.71
3.40 3.48
3.15
9 11
16
1.04 5.55
4.85 1.02
6.17 8.04
7.82 4.57
8.68 1.55
5.38 6.03
3.40 9.43
7.09 8.66
3.64 9.88
8.03 3.73
6.07 6.98
8.62 11.13
2.83 10.64
3.68 2.23
7.04 3.55
5.94 8.35
4.25
17 8
9
15.82 7.59
9.81 6.49
16.05 5.67
16.57 1.07
12.83 6.48
14.96 2.70
5.72 2.78
8.77 5.55
0.76 4.62
3.81
1 11
18
0.88 10.57
0.30 10.32
0.70 11.22
1.17 5.73
1.13 3.05
1.01 7.14
0.41 3.67
0.94 4.78
0.33 7.79
1.05 2.65
0.70 1.03
0.55 2.72
0.83 3.60
0.45 10.01
0.36 6.34
0.38 3.15
1.19 8.89
0.97 5.58
3.65
11 17
19
10.58 5.96
0.70 11.82
4.58 13.74
4.54 13.40
3.91 11.42
9.97 3.73
5.44 10.01
11.23 11.78
7.32 4.98
6.58 3.42
6.77 11.18
2.66 7.21
8.13 13.50
2.04 16.42
5.64 7.46
5.68 2.18
1.65 7.39
2.85 0.37
3.76 9.12
1.52
15 10
17
13.68 0.62
6.57 2.50
4.98 3.04
11.47 5.53
6.14 1.00
8.01 8.57
9.31 2.04
11.98 3.68
14.09 5.52
6.09 2.13
2.47 7.59
2.03 4.85
6.98 3.55
13.73 2.59
2.05 1.51
2.88 9.48
14.19 9.04
1.77
2 1
1
0.41 0.68
2.94
13 20
8
4.09 1.14
7.65 11.60
1.93 1.97
4.46 9.04
1.86 16.08
0.57 8.70
12.12 18.56
8.80 13.76
4.45
11 8
10
10.43 1.95
9.21 4.90
8.00 7.24
1.53 6.75
5.41 0.40
3.52 6.88
4.77 3.11
5.72 5.72
10.38 7.10
3.07 2.21
4.03
1 9
16
0.94 6.09
0.31 3.16
0.92 3.90
0.89 8.91
0.69 0.53
0.71 3.15
0.56 6.06
0.35 7.40
0.52 5.93
1.05 2.21
1.07 7.64
0.83 2.20
0.91 2.35
0.37 2.46
1.16 3.33
0.79 7.14
2.64
10 1
20
8.69 0.39
2.43 1.09
5.58 0.42
8.15 0.46
5.32 0.45
5.78 1.15
5.92 0.77
8.66 0.42
5.53 0.75
9.40 0.94
1.15 0.82
9.15 0.59
0.92 1.14
1.13 0.31
4.69 0.74
1.08 0.42
10.07 1.09
9.40 1.10
8.43 0.32
5.59 0.89
2.79
13 12
11
10.54 11.33
0.30 0.62
6.24 2.02
10.76 11.31
10.65 3.55
5.23 11.67
8.30 9.97
10.08 4.53
12.10 7.62
5.67 10.21
10.66 0.63
4.42
12 10
14
0.64 7.76
7.52 2.78
8.49 4.00
5.97 5.90
11.49 0.94
11.31 7.44
9.18 8.38
9.48 2.39
2.64 2.05
6.31 6.11
3.64 6.17
11.21 2.16
4.82 4.01
12.13 1.97
3.95
16 5
17
6.74 3.21
10.78 4.89
8.15 3.24
6.30 4.21
6.78 4.17
14.60 2.38
8.47 4.71
11.61 0.62
1.16 4.50
14.74 3.68
13.13 1.33
9.45 1.75
1.08 5.19
10.67 0.68
3.72 3.35
9.68 3.41
3.11 2.11
2.38
7 6
6
1.48 3.07
3.79 4.04
2.00 1.54
2.40 1.96
1.99 5.00
4.67 4.17
2.15
6 8
2
4.64 3.32
1.68 5.22
3.14
19 12
6
6.68 9.39
16.19 8.66
13.86 1.78
17.30 10.46
19.14 1.89
15.00 3.39
4.22
3 16
1
1.40 15.42
4.36
14 5
19
7.62 3.72
10.01 1.06
0.88 3.75
1.44 1.33
7.34 2.98
5.92 1.62
10.84 3.16
3.06 4.14
13.62 3.11
3.64 2.58
10.75 4.46
9.67 0.61
7.64 1.92
7.42 1.65
10.91 4.65
6.67 2.36
6.67 2.50
3.56 4.41
9.68 3.03
2.00
19 10
4
8.15 0.51
1.08 5.22
13.64 5.15
15.74 7.04
4.42
12 5
9
6.33 2.04
3.73 4.01
1.74 3.62
3.74 1.34
3.55 2.23
3.10 4.15
6.96 5.19
8.69 1.41
3.20 4.36
1.64
19 10
14
15.40 3.78
1.85 7.73
11.55 0.90
15.37 0.56
14.34 2.01
6.48 7.40
16.85 7.58
4.53 5.98
8.03 4.24
10.06 2.10
5.13 6.09
18.76 4.20
3.59 9.47
11.77 5.04
2.78
9 5
9
7.56 0.95
8.50 0.73
8.88 4.47
5.60 4.70
1.83 2.51
9.11 4.08
1.04 1.66
0.75 0.64
6.78 2.98
2.31
4 19
1
2.46 1.99
3.17
5 5
2
1.38 0.32
0.45 2.54
1.72
3 20
17
0.34 17.93
2.75 2.52
2.77 17.18
2.81 3.34
2.74 2.24
2.42 19.01
1.19 18.61
0.36 6.84
1.03 17.77
1.09 0.69
0.69 10.46
1.92 14.00
0.76 14.59
2.55 17.58
0.90 16.00
1.95 17.52
0.43 0.86
3.26
17 13
18
8.64 10.65
16.50 10.90
5.09 7.66
16.41 5.61
5.59 11.04
7.80 8.17
2.01 2.43
13.75 8.35
1.77 5.74
0.93 6.01
3.99 0.51
15.99 7.85
2.69 8.54
3.73 4.24
10.08 1.84
5.62 11.56
12.04 9.11
11.77 12.44
2.74
19 15
2
18.68 4.69
11.61 0.88
1.74
10 5
5
2.85 5.23
6.30 2.38
2.06 1.24
3.87 3.33
7.88 4.45
3.38
6 14
20
6.17 2.53
0.96 2.65
3.84 8.79
4.99 1.02
4.40 3.82
3.89 0.86
2.44 2.36
4.17 0.79
4.51 4.46
2.02 11.74
0.92 9.63
4.89 12.09
5.12 14.11
4.86 9.52
5.54 2.47
5.97 11.79
1.12 2.65
1.78 3.94
4.63 7.19
4.56 9.76
4.02
20 16
10
5.33 5.05
16.20 6.81
19.10 2.24
17.73 4.60
17.76 4.85
14.43 9.61
2.15 7.11
7.72 4.67
4.14 15.68
14.11 6.35
3.51
17 2
17
7.89 2.00
15.40 0.37
5.06 1.91
3.51 2.20
5.06 1.64
1.57 0.32
14.41 0.42
14.13 1.07
12.37 1.66
14.71 2.17
14.98 0.39
0.80 0.93
8.34 1.72
4.08 1.43
9.82 0.82
4.70 0.43
17.01 1.90
3.46
18 18
14
5.05 1.83
17.14 2.81
4.01 15.31
4.36 17.12
11.45 7.69
15.10 11.78
9.92 10.56
12.99 4.64
15.80 7.95
2.48 0.36
10.17 11.66
5.00 5.73
1.14 12.09
14.38 8.97
2.80
19 6
16
11.61 6.00
11.43 4.85
15.52 1.52
5.16 0.80
12.00 0.47
3.93 5.39
7.57 4.92
4.61 5.74
18.87 0.63
17.30 3.32
3.86 3.05
3.76 0.76
14.59 6.23
4.89 6.17
2.45 3.72
11.76 3.36
3.58
2 17
15
1.94 2.82
0.85 13.78
0.60 7.64
1.23 16.58
0.39 10.98
2.00 3.67
2.05 6.51
0.89 15.74
1.51 15.14
1.23 7.05
2.17 3.67
0.30 9.17
0.90 0.76
1.95 9.80
1.47 6.59
2.29
3 8
6
1.34 4.85
2.38 6.53
0.80 3.21
0.69 8.23
2.21 7.41
0.48 3.59
3.49
2 16
9
0.47 11.02
1.43 5.50
1.05 8.67
0.56 8.34
1.87 8.05
1.77 9.45
0.40 0.73
1.32 3.41
1.14 6.81
3.20
20 16
7
19.96 7.54
5.65 0.56
19.18 3.00
17.08 10.38
17.05 2.93
4.32 11.02
16.01 15.00
4.40
8 2
7
6.37 1.80
4.49 1.38
4.51 0.31
4.31 0.88
1.53 1.02
4.24 1.03
4.47 0.58
1.62
6 19
17
5.44 3.78
1.75 2.32
4.51 5.46
1.07 6.10
5.38 10.47
3.00 13.93
5.92 6.30
5.87 7.86
5.30 10.48
2.10 16.31
3.82 17.99
5.54 2.72
2.39 13.70
2.36 14.00
2.44 12.54
6.19 3.19
3.45 13.86
2.11
17 3
20
12.79 1.89
16.96 0.95
1.21 2.09
7.54 2.18
1.39 1.15
0.86 2.52
7.35 1.87
9.39 0.49
7.15 0.59
1.67 0.57
13.84 0.75
13.19 2.61
10.90 1.09
3.02 1.69
15.52 1.45
1.65 1.63
8.73 1.38
3.37 1.80
2.30 0.44
13.09 1.65
3.55
9 6
4
5.19 0.99
5.01 5.95
3.84 1.66
2.57 1.80
2.02
10 10
16
2.09 3.15
4.21 9.22
3.80 5.06
3.98 9.49
3.14 1.06
7.36 2.92
3.31 0.96
3.12 6.34
5.90 6.11
6.75 5.84
1.96 3.04
6.79 2.96
3.01 3.97
0.96 1.58
10.09 2.72
1.11 10.10
3.13
8 12
11
7.15 10.34
7.89 6.05
3.15 7.86
1.96 2.99
7.86 6.07
2.98 8.32
3.77 7.75
1.91 11.42
6.31 0.45
6.84 0.72
4.60 6.03
3.35
20 3
19
2.98 2.76
13.02 2.74
1.37 1.66
19.65 2.96
5.89 2.41
6.98 2.39
20.06 0.74
4.70 0.66
8.59 1.85
18.65 3.20
15.65 2.04
1.07 2.72
8.83 1.82
14.68 2.23
17.97 2.72
13.31 2.60
16.24 2.53
0.90 2.18
16.63 2.04
2.73
9 9
18
6.75 6.56
3.08 7.23
3.88 5.22
2.92 5.42
6.18 4.85
7.87 8.70
6.73 8.51
6.17 7.98
5.64 3.92
7.84 7.37
6.22 2.74
2.90 4.09
1.92 7.00
5.53 0.81
8.96 6.23
4.32 2.78
5.49 1.12
7.84 8.05
4.46
7 19
9
4.52 13.61
6.45 11.13
0.69 10.54
5.15 12.69
1.32 17.45
4.75 17.19
5.57 5.83
5.71 15.30
5.61 17.01
3.64
2 19
12
0.45 10.22
1.01 4.75
1.76 1.10
1.52 13.50
0.73 0.78
0.83 7.90
0.60 8.09
1.58 9.74
1.43 7.14
0.32 17.97
1.38 11.58
0.38 6.39
3.83
4 12
6
1.07 1.33
3.55 11.87
1.24 11.37
3.24 8.75
0.81 10.87
1.64 10.92
3.80
18 14
15
11.82 13.15
13.13 8.48
7.74 10.85
1.09 10.51
15.70 9.59
7.04 1.66
18.17 3.75
9.07 8.17
17.54 8.07
14.47 6.41
9.08 1.33
2.58 12.63
1.97 7.98
4.97 0.36
7.41 5.33
3.91
10 9
16
5.06 1.40
2.15 2.77
8.93 0.75
8.86 8.33
3.31 0.30
5.70 7.45
7.74 7.78
2.48 0.59
3.24 7.00
6.14 5.89
2.59 6.88
3.50 5.43
7.80 3.07
2.10 1.46
3.44 8.47
4.71 2.62
3.64
8 16
13
8.05 7.70
7.37 11.12
7.34 3.80
4.95 8.19
1.15 13.71
1.44 1.52
7.56 14.07
1.80 15.34
3.03 1.87
3.16 15.71
2.38 13.59
4.70 5.60
2.90 4.41
3.23
11 20
15
5.35 16.79
5.13 16.32
8.35 5.94
8.08 1.87
1.64 13.71
6.93 19.01
7.93 15.14
9.45 13.56
1.56 16.94
4.54 12.21
7.09 14.21
1.96 2.85
8.59 6.93
2.40 16.40
9.94 16.49
4.18
5 8
2
0.43 5.68
0.45 5.82
3.88
7 10
4
4.07 9.18
1.70 8.47
4.88 9.33
3.67 4.92
2.09
16 16
20
12.03 9.83
9.97 0.53
0.41 6.08
10.33 4.23
9.89 5.86
15.98 1.40
15.58 7.85
8.53 5.97
3.62 8.47
3.96 8.78
10.38 13.69
3.24 6.09
2.94 14.99
8.76 16.00
10.04 5.34
14.32 13.98
2.67 6.90
9.96 1.17
5.24 2.41
7.33 5.05
2.26
2 4
7
0.88 2.04
0.37 3.77
0.36 2.49
1.48 1.37
0.59 1.44
0.67 1.98
1.98 3.87
1.95
4 17
14
4.05 10.61
2.68 11.09
0.88 12.31
2.52 1.70
1.65 16.75
0.78 4.52
1.99 12.95
3.21 1.44
1.31 13.34
3.50 7.33
2.61 9.50
0.99 7.01
0.47 0.40
1.41 8.88
3.25
18 17
15
3.65 10.77
3.51 6.43
15.19 15.10
6.20 5.82
17.97 11.00
7.97 15.47
16.38 17.15
15.52 17.15
11.01 4.01
13.12 13.03
2.83 12.55
16.54 2.12
4.84 16.00
3.47 11.96
15.84 2.98
2.84
8 20
2
2.62 4.60
3.77 5.70
4.01
10 2
12
1.07 0.60
2.44 0.61
9.66 1.30
3.83 0.50
7.21 2.10
4.50 1.43
2.32 0.70
0.41 1.94
7.03 1.71
8.67 0.84
2.69 2.01
2.43 1.45
2.78
7 13
16
2.21 7.50
2.24 0.86
6.42 11.39
3.11 6.40
2.44 8.61
7.00 4.03
5.56 6.11
5.85 9.72
5.02 10.01
6.32 11.04
5.73 2.39
6.56 4.57
3.74 10.99
3.71 6.05
5.17 1.69
5.96 5.11
2.22
17 11
14
6.89 5.11
8.05 3.87
7.51 8.24
1.44 5.44
14.55 2.18
17.23 3.78
2.56 7.74
2.19 2.57
14.83 5.49
17.06 7.72
12.87 3.33
12.73 0.87
15.00 10.85
11.08 3.87
4.15
4 16
12
3.42 15.93
3.65 3.53
2.08 14.59
3.98 13.52
1.32 2.70
3.35 8.78
1.86 12.94
4.19 14.61
4.22 6.90
0.96 3.11
0.61 5.44
0.42 13.66
4.27
18 15
2
4.63 1.07
11.32 1.13
3.09
7 16
17
3.75 6.05
5.34 13.66
4.75 8.31
3.01 8.12
2.52 6.85
5.52 13.87
5.72 12.07
3.56 9.74
4.43 14.62
6.30 3.92
4.51 12.08
2.48 8.07
4.09 14.55
2.89 3.96
1.53 1.00
7.22 10.75
4.41 0.85
3.98
5 5
6
0.90 0.53
2.47 3.59
4.18 3.06
4.77 1.07
3.54 2.23
4.84 0.91
3.72
15 13
8
10.58 4.11
13.61 2.01
8.66 0.35
5.89 6.53
6.34 5.84
4.42 3.24
4.00 5.95
11.69 2.49
3.52
17 1
3
6.34 1.09
2.47 1.00
7.73 0.82
4.16
6 11
4
5.24 10.64
3.47 5.52
1.80 7.63
2.05 3.39
4.46
9 17
13
4.48 8.88
9.15 3.97
3.84 5.55
7.00 8.68
0.56 5.68
5.42 11.24
8.05 4.05
4.73 9.09
5.58 4.04
0.60 9.53
8.86 5.50
7.07 7.71
3.69 9.20
3.23
16 13
16
15.47 8.34
10.77 9.49
12.63 7.31
15.13 2.83
3.90 10.31
10.91 5.62
11.96 2.37
12.73 4.60
12.54 10.06
0.78 1.63
13.59 12.06
14.19 0.53
15.46 8.53
2.47 11.79
7.82 1.36
6.36 0.40
1.79
17 13
13
0.83 7.14
16.09 6.07
0.77 10.07
5.58 7.62
6.34 10.10
16.10 8.55
0.76 9.45
0.65 10.58
5.72 8.01
9.65 6.00
15.46 6.01
14.70 5.93
16.79 10.60
3.45
15 12
18
13.71 12.08
11.35 11.57
14.04 1.65
9.01 4.87
7.40 11.55
5.17 10.85
0.86 3.82
2.43 1.53
3.75 5.03
4.89 12.20
13.04 6.65
0.92 0.46
4.98 0.39
10.08 0.52
13.93 8.08
14.69 12.04
7.90 4.93
13.95 10.18
2.56
9 13
13
3.37 7.78
5.69 10.21
6.85 7.90
4.70 5.78
2.01 10.24
3.39 7.87
1.08 5.02
4.70 12.14
2.60 2.44
0.60 4.85
0.37 11.12
2.31 6.89
2.77 12.46
3.84
17 15
13
0.53 12.85
0.57 1.79
8.53 13.05
15.35 12.82
17.12 11.60
5.14 4.95
9.34 7.76
15.34 7.13
10.10 7.42
9.85 6.94
12.48 13.17
1.59 10.43
2.94 6.12
3.00
6 11
4
0.36 2.98
1.70 7.56
1.33 5.04
4.39 7.70
3.85
14 2
10
13.32 1.69
13.92 2.08
10.00 1.65
1.58 1.98
12.90 0.61
10.63 1.62
0.53 0.49
12.02 1.47
13.84 0.83
0.59 0.42
1.69
11 5
8
7.18 4.79
3.36 3.43
1.32 3.51
8.39 4.45
9.53 0.54
5.61 1.00
7.21 1.01
5.40 0.99
1.56
3 11
20
1.56 7.70
0.73 3.53
2.03 4.20
2.94 10.97
1.00 1.32
1.62 1.96
0.69 9.15
2.51 1.97
1.21 6.04
1.66 7.63
3.02 9.80
0.99 7.64
1.36 6.72
0.66 1.98
0.83 11.01
2.49 4.51
1.41 7.33
1.45 11.13
1.98 9.63
2.32 5.00
4.17
20 11
5
14.59 0.75
15.13 3.97
11.02 5.38
12.79 6.09
16.78 4.67
4.46
8 11
5
5.75 2.71
6.97 5.10
4.03 3.82
7.00 5.30
6.49 10.42
1.61
16 9
10
5.19 8.64
9.80 4.35
7.30 5.93
4.89 8.91
11.48 4.16
12.95 4.84
8.33 1.15
2.68 5.68
10.45 8.55
5.62 2.57
1.78
17 2
9
10.15 1.89
15.22 1.90
11.17 1.49
5.52 1.92
13.84 1.97
11.42 1.14
15.75 1.74
12.02 0.90
2.00 1.65
3.38
12 11
2
6.97 7.58
12.21 6.46
3.73
3 6
18
0.44 1.10
1.60 5.52
1.50 3.76
3.12 3.35
0.42 2.61
1.04 2.86
1.37 0.69
0.90 5.54
0.62 3.24
2.05 0.55
2.40 2.00
1.46 1.63
2.78 5.33
0.94 1.40
1.84 4.73
2.65 4.42
1.69 2.87
2.40 3.62
3.14
20 12
16
19.32 9.68
4.71 5.47
8.96 4.74
8.76 2.02
20.02 7.93
12.55 6.40
18.34 5.00
15.45 8.76
2.49 8.16
10.44 9.31
14.70 7.37
18.74 3.05
19.65 9.66
12.85 7.84
15.11 2.82
16.97 12.11
3.95
3 15
16
1.86 0.32
0.72 6.17
1.12 14.58
1.03 15.01
1.84 11.76
2.46 3.83
3.22 7.82
0.47 5.71
0.70 14.48
2.59 12.02
0.71 1.98
1.73 5.14
2.04 12.10
0.61 13.51
2.41 9.73
0.79 12.76
4.05
9 7
9
1.94 2.07
2.97 3.35
6.69 1.05
8.70 1.44
4.96 6.45
7.96 2.44
8.15 5.20
8.88 4.61
4.93 0.40
1.52
17 19
15
12.05 14.12
8.57 4.92
11.93 4.75
1.62 7.91
2.55 13.96
2.47 9.05
14.86 4.55
3.11 1.11
9.44 2.30
12.88 2.03
16.60 13.98
13.21 2.34
7.31 4.32
6.92 16.80
13.43 9.53
4.49
16 19
20
7.97 16.49
15.73 2.81
5.67 17.53
1.63 6.54
8.51 19.16
1.55 0.60
11.08 3.62
14.19 17.18
4.52 13.22
2.13 8.47
8.53 11.97
1.38 14.63
15.53 7.90
3.00 14.22
14.20 17.03
6.16 0.53
1.74 18.13
9.65 6.04
14.42 9.96
0.30 7.33
2.21
4 11
17
2.96 10.50
3.75 8.08
0.61 8.78
2.03 6.95
3.90 1.45
1.77 4.15
4.14 6.31
3.51 9.09
2.76 10.66
4.08 2.68
3.48 8.77
3.96 8.39
0.75 0.68
3.58 10.99
3.07 4.12
1.48 2.94
1.21 3.08
1.75
11 10
7
7.51 6.58
3.75 6.62
5.60 10.00
5.67 4.85
5.86 7.17
4.74 1.74
8.52 8.84
3.55
1 3
11
0.68 1.19
1.09 2.00
0.72 1.48
0.64 1.43
0.61 0.42
0.80 1.93
1.16 1.33
0.83 1.51
1.12 1.40
0.73 0.66
0.49 1.16
3.41
5 18
12
3.04 3.67
3.72 7.79
1.66 3.84
3.31 3.37
2.91 8.49
3.61 4.41
4.77 2.76
4.71 11.66
1.02 2.45
2.52 17.50
2.39 11.75
1.74 4.68
2.59
4 6
19
0.60 2.15
1.87 2.51
3.19 1.53
2.42 4.99
2.23 6.17
3.11 1.33
2.32 1.05
2.57 6.24
2.03 2.68
0.41 3.84
1.99 2.19
1.24 5.73
2.24 1.00
3.00 2.69
3.12 6.22
3.20 4.09
3.10 0.99
3.52 0.72
3.10 1.64
3.55
3 16
14
1.67 11.85
2.94 7.80
2.52 12.32
1.75 5.64
1.43 15.03
1.79 0.56
2.65 9.43
1.47 1.48
2.09 6.74
2.47 2.33
0.88 5.06
1.96 13.24
1.60 8.39
2.94 11.00
3.12
2 1
4
1.98 0.48
0.47 1.23
1.69 1.16
1.50 0.87
2.65
19 6
15
18.65 5.72
3.13 0.35
11.00 2.60
10.79 0.64
17.49 0.99
17.20 0.52
14.37 0.43
14.06 3.52
4.35 3.94
11.14 1.83
8.65 3.76
6.13 5.06
4.10 1.71
10.17 1.66
15.61 2.36
1.53
5 15
5
2.58 3.88
3.02 5.98
4.42 11.95
3.97 10.22
4.48 14.43
2.46
8 20
17
4.30 19.56
6.54 19.84
0.43 17.33
4.71 6.08
3.61 6.90
4.41 11.88
7.07 17.70
8.20 0.62
8.00 10.81
5.19 4.54
5.53 18.70
2.95 19.78
2.16 1.49
3.44 14.50
4.16 3.70
5.48 7.04
2.46 8.68
1.77
2 5
3
0.68 3.02
1.59 2.62
1.66 3.43
4.23
2 19
14
0.34 18.94
2.10 10.20
2.15 11.18
1.00 14.36
2.21 5.16
1.34 14.18
1.03 16.37
0.40 12.52
0.59 4.85
0.85 2.83
1.50 8.12
1.61 4.90
0.76 19.05
0.62 12.17
4.32
12 17
15
0.94 11.88
3.49 2.44
7.24 8.82
8.95 7.51
1.49 4.22
12.23 16.95
4.87 8.61
11.38 1.65
4.50 7.62
1.30 14.39
3.11 10.94
11.65 9.21
0.81 9.57
5.16 16.08
4.06 5.62
1.64
7 12
6
5.38 3.99
2.90 0.31
0.86 3.23
6.15 9.96
0.59 9.68
6.30 5.62
4.36
19 12
7
1.37 1.77
13.34 1.97
17.82 10.84
18.78 4.99
7.54 8.74
8.95 11.88
8.84 5.98
2.40
4 15
2
3.89 7.51
1.83 12.02
2.36
11 14
12
1.43 13.04
8.81 14.19
7.14 1.55
6.73 13.39
0.73 12.32
10.74 10.51
0.80 2.41
3.11 2.76
10.59 10.91
4.04 12.20
5.75 3.58
6.67 7.50
1.70
12 16
1
1.15 16.05
2.32
17 10
12
12.04 1.31
3.60 3.21
12.71 0.52
11.80 1.48
13.00 5.91
6.38 3.32
2.66 8.70
4.14 1.74
9.57 9.03
15.05 2.09
10.54 1.75
17.00 4.82
1.83
18 12
10
9.49 3.45
6.74 2.19
6.50 3.66
2.02 1.47
11.78 1.10
3.50 0.49
16.13 2.84
17.87 12.24
15.00 9.07
6.38 6.13
3.55
15 16
18
0.49 7.99
10.64 0.94
14.00 14.12
7.21 12.15
13.03 8.91
12.01 8.87
9.97 2.24
11.39 4.69
0.90 0.93
12.91 13.57
8.05 7.55
5.46 9.01
8.97 9.52
11.82 13.03
11.66 9.43
2.70 0.48
0.99 7.31
0.42 10.11
3.52
10 3
10
2.73 2.67
6.50 1.03
3.11 3.14
4.00 0.59
3.81 2.09
7.76 2.82
2.16 2.67
0.66 1.14
1.94 2.14
3.37 2.49
4.10
18 11
14
17.60 2.06
1.09 6.88
17.81 10.38
10.99 0.86
0.95 7.89
9.12 10.40
10.57 2.75
12.68 4.33
15.44 2.89
2.43 5.71
10.76 1.61
15.99 0.78
8.50 6.66
2.78 4.08
3.42
11 19
10
1.02 5.74
9.88 18.49
9.14 15.46
6.19 4.72
10.75 8.23
7.78 2.82
2.77 19.16
5.98 14.11
3.54 5.00
2.66 7.65
2.32
14 19
14
2.45 1.71
5.37 12.60
10.06 2.55
2.83 10.21
9.98 2.73
13.37 8.70
13.41 1.16
8.31 0.99
7.97 14.39
3.75 15.73
11.57 6.48
7.49 3.66
11.44 7.94
0.52 17.23
3.91
15 3
20
13.30 2.43
13.68 1.97
0.77 1.92
9.59 1.46
2.94 1.68
2.58 0.73
5.19 1.50
13.80 2.68
12.08 0.37
3.18 0.39
2.00 0.30
11.71 0.95
14.93 2.49
13.92 1.89
0.46 1.79
4.44 0.32
12.51 0.85
11.59 2.81
12.12 1.02
1.65 2.61
2.54
11 19
12
0.65 13.93
6.44 19.07
7.05 15.00
3.08 17.35
10.89 10.20
0.71 3.54
9.20 15.45
3.22 4.61
4.75 5.70
8.96 3.33
2.73 15.91
5.63 11.03
1.74
8 13
13
4.09 13.02
2.94 11.13
6.73 12.04
5.86 12.50
7.16 6.23
6.91 10.04
8.03 2.72
5.94 2.32
3.93 7.72
2.54 2.73
6.80 10.85
1.15 6.83
0.89 6.17
2.20
4 9
8
3.48 8.98
2.32 1.73
1.30 4.02
2.32 1.86
2.56 7.41
0.53 7.11
3.93 2.14
1.97 1.17
3.89
7 8
3
3.39 4.66
0.52 1.49
2.97 8.08
3.94
19 10
16
14.76 1.39
16.10 10.09
13.48 5.08
15.44 8.67
13.33 4.48
9.59 4.46
18.62 10.06
1.35 9.22
2.11 9.60
12.45 1.77
7.84 4.97
9.92 3.46
6.18 8.22
10.16 6.18
1.66 5.98
14.12 6.23
2.68
7 19
7
6.72 11.97
0.32 10.88
1.86 10.11
2.22 11.00
5.80 16.87
6.81 17.11
6.37 14.85
1.55
13 16
11
5.40 3.58
5.96 13.30
4.98 6.19
10.53 10.23
12.10 9.81
3.87 6.48
7.38 13.09
8.92 16.19
10.89 14.93
3.04 15.36
12.78 8.92
1.58
9 13
12
1.53 11.94
7.36 2.23
5.66 7.65
2.64 1.98
5.63 9.19
3.35 10.84
6.12 5.04
1.94 13.02
6.88 6.54
1.96 9.99
2.14 0.97
4.23 11.93
2.73
4 11
12
1.53 1.87
2.04 5.35
3.45 9.84
3.08 9.20
3.15 5.05
4.01 5.38
4.16 3.31
4.09 4.34
0.67 10.12
1.75 1.10
1.20 1.32
3.65 3.32
2.78
8 8
1
4.24 5.36
1.75
3 11
12
0.41 6.45
3.20 9.31
1.74 8.46
1.98 2.83
0.78 3.72
1.41 1.49
1.03 2.90
0.83 3.70
2.15 2.54
1.74 0.63
0.57 1.77
1.95 4.93
2.87
16 4
20
10.23 3.83
5.22 3.18
4.37 0.30
11.59 2.48
15.91 0.37
10.07 3.30
13.10 0.70
14.30 1.02
10.21 3.47
15.91 2.14
15.04 3.90
4.03 4.02
2.62 1.59
12.76 1.97
4.97 1.32
5.11 1.46
10.14 2.88
10.63 1.10
5.75 1.53
9.36 2.39
3.26
9 11
18
7.66 11.13
2.68 8.30
4.08 6.20
3.83 9.60
1.84 4.36
4.55 4.87
0.64 5.93
0.67 10.60
5.13 6.79
5.54 8.23
5.07 7.06
7.93 6.98
4.32 3.64
4.23 10.03
2.05 6.13
8.68 5.79
2.86 5.41
3.02 5.58
3.61
16 19
11
15.16 16.45
1.00 18.48
3.87 0.54
3.48 14.70
6.33 13.85
0.70 18.23
1.41 15.36
13.45 3.30
4.49 1.15
15.70 18.93
10.08 8.41
1.69
7 17
17
4.23 17.02
5.96 3.78
4.97 6.22
2.06 4.30
4.34 12.75
2.95 1.97
1.63 3.40
4.41 12.01
3.94 14.81
2.00 13.17
5.94 12.81
2.82 2.54
6.56 13.44
1.11 1.58
4.22 7.22
5.64 7.66
4.75 11.79
1.57
7 12
9
2.85 6.93
6.48 2.80
6.09 1.20
2.35 0.46
2.82 6.60
5.63 9.85
3.57 6.81
4.52 6.44
0.67 2.82
3.60
11 2
16
4.24 1.46
8.72 1.52
0.31 0.36
1.98 1.96
10.37 0.75
10.24 1.50
3.82 0.99
9.09 0.53
5.92 0.86
5.88 1.80
2.47 0.61
2.35 0.53
1.49 1.05
10.61 0.97
7.65 1.31
0.93 1.37
3.06
6 4
5
5.00 2.13
3.98 2.88
1.79 3.93
5.88 3.07
1.98 3.56
2.61
5 8
13
3.61 1.81
0.51 4.30
3.01 7.37
1.68 8.20
3.99 7.97
4.11 6.49
4.20 6.77
0.45 1.18
3.89 6.54
4.97 3.80
2.12 3.02
4.53 5.45
4.73 7.96
2.96
19 7
9
0.86 2.14
16.98 1.89
0.78 5.52
6.84 3.89
13.18 5.03
1.01 4.84
11.03 1.47
15.07 1.79
8.73 1.47
2.58
17 2
6
9.54 0.80
3.22 0.45
15.47 1.91
1.62 1.32
1.80 0.64
3.45 1.52
3.18
16 13
7
11.07 11.55
9.48 10.93
10.74 13.20
10.09 12.10
8.06 4.10
16.19 1.15
7.51 12.88
3.22
5 16
6
5.01 5.41
2.77 6.12
3.46 13.32
0.49 2.88
0.74 3.93
4.03 5.56
3.35
10 11
3
3.98 7.23
4.08 5.07
6.13 8.85
2.10
15 5
12
5.23 1.81
6.90 3.36
12.03 5.00
1.57 3.93
9.98 3.04
15.09 3.71
2.63 2.39
5.60 1.58
0.98 0.82
10.06 2.67
1.34 4.78
4.12 2.35
3.53
6 4
13
4.78 4.04
3.07 1.96
1.45 1.24
4.12 3.11
3.14 4.17
5.86 3.71
3.87 2.67
4.98 2.69
5.93 1.64
4.00 2.06
2.81 3.45
3.08 3.57
3.05 1.05
3.49
1 6
6
1.09 2.61
0.60 0.83
0.72 5.83
0.78 3.43
1.14 6.21
0.41 4.05
3.84
16 5
16
14.93 0.34
7.46 0.95
9.39 0.76
14.53 3.59
13.67 3.38
4.10 0.57
13.24 3.86
11.42 5.20
2.92 2.62
3.00 0.45
4.22 0.80
6.32 3.57
11.82 3.52
1.54 0.53
15.89 3.23
4.97 3.03
3.31
2 5
18
0.69 4.77
1.02 5.24
1.73 4.40
0.48 2.06
1.89 2.08
2.01 0.72
1.11 4.63
1.91 2.88
1.64 4.82
0.74 2.08
0.70 2.96
0.77 1.05
1.94 4.07
1.37 5.18
1.95 1.52
1.38 4.84
1.20 0.66
2.15 0.42
2.89
14 17
15
6.02 10.93
7.06 6.24
5.88 3.85
2.48 4.01
14.23 3.01
4.90 10.38
0.70 2.10
2.83 10.01
3.95 12.63
5.68 2.36
8.67 15.30
6.96 10.15
3.91 5.37
6.34 4.49
2.03 7.34
2.11
8 6
1
5.18 3.78
2.93
6 20
5
1.69 7.08
2.83 7.37
4.31 17.04
4.19 7.60
4.88 7.94
1.50
5 9
13
0.53 8.04
0.74 4.50
1.06 1.05
1.19 9.00
1.50 0.92
0.96 1.53
1.81 3.50
0.67 6.02
5.17 6.19
5.20 6.97
1.81 5.50
0.69 4.36
3.86 7.03
4.32
15 3
5
6.06 2.77
3.07 2.17
3.37 0.38
1.50 1.76
1.08 3.04
4.37
2 12
2
0.84 8.23
1.35 8.13
2.87
8 16
7
6.11 8.59
0.38 11.60
4.11 4.74
4.74 9.38
7.38 3.24
4.73 12.33
4.20 11.94
4.33
9 6
11
3.23 4.19
1.98 2.99
7.42 3.17
0.36 2.42
4.00 2.40
3.18 4.77
9.22 1.91
4.04 2.07
1.97 5.02
4.66 4.87
4.62 1.33
3.34
19 1
9
5.23 0.76
1.98 1.05
14.92 0.43
7.32 1.24
9.20 0.67
9.51 0.46
18.71 0.80
1.86 0.70
4.47 0.97
3.42
1 10
12
1.01 1.83
0.52 3.12
1.13 10.21
0.35 5.99
0.53 8.59
1.14 2.49
0.68 9.59
1.11 6.78
0.76 10.10
0.40 7.59
0.85 7.35
0.38 3.68
1.96
19 13
18
1.16 9.76
17.00 0.74
19.08 2.32
11.90 4.80
7.33 0.44
13.02 4.43
17.99 6.87
4.52 9.54
8.79 13.08
12.45 8.51
14.93 12.71
15.61 3.15
8.41 12.51
2.96 0.97
17.54 6.64
4.87 12.30
17.41 4.50
6.10 4.07
1.72
18 1
15
3.81 0.53
5.52 0.58
1.20 1.02
0.89 0.77
1.93 0.93
13.99 0.37
14.96 0.42
14.60 0.60
16.40 0.69
16.44 0.76
8.69 0.75
16.68 0.40
18.21 1.10
12.12 0.62
15.12 0.83
3.09
1 20
19
0.36 16.73
0.37 8.40
0.71 15.61
0.49 15.57
0.53 7.18
0.55 9.89
1.14 9.31
0.97 14.22
1.14 8.60
0.58 9.57
1.16 12.20
1.19 5.87
0.44 9.03
1.00 0.56
0.95 13.46
0.35 7.04
0.86 15.97
0.87 10.24
0.97 11.06
3.13
9 9
11
4.66 0.97
7.45 3.57
4.87 2.48
7.91 1.63
0.47 2.43
5.87 7.32
4.52 5.13
6.32 1.91
6.32 2.41
1.85 2.90
7.56 2.31
4.45
6 20
8
2.11 16.53
1.37 4.80
4.79 18.00
2.57 15.42
2.44 3.89
3.72 4.06
2.40 15.41
0.47 2.30
2.87
14 10
6
2.15 3.30
4.53 7.31
10.58 2.94
4.52 9.66
13.37 4.38
1.17 8.70
3.80
2 7
12
1.95 4.94
2.17 5.67
1.69 0.44
1.89 4.88
1.19 3.86
0.50 4.75
1.32 6.49
0.74 2.15
1.72 6.91
2.08 4.41
1.38 0.57
1.16 3.20
4.13
1 8
4
0.49 5.72
0.94 5.36
1.07 3.76
1.03 2.79
3.43
2 15
9
1.90 5.60
1.81 10.40
1.37 2.90
0.30 8.37
2.21 4.56
0.59 9.30
2.15 7.86
0.48 10.23
0.99 10.68
3.89
11 7
20
1.78 5.54
0.72 1.80
9.13 2.81
2.71 2.33
10.15 3.41
7.99 3.08
3.20 0.60
0.30 4.58
1.70 2.47
8.52 5.64
7.02 1.59
1.09 3.51
2.52 5.82
4.74 4.86
7.84 2.88
9.19 4.52
2.51 3.15
11.18 7.18
0.47 0.61
6.30 5.35
2.46
7 19
14
2.12 16.45
4.66 19.05
5.38 10.72
6.48 15.33
2.88 10.13
3.49 1.01
1.45 10.53
0.90 5.54
1.63 5.12
3.04 2.36
6.09 5.04
0.60 4.50
5.43 6.90
3.44 6.90
4.03
20 11
14
14.99 0.66
14.33 5.43
10.79 5.41
13.14 9.89
17.66 6.75
15.55 3.93
4.73 1.74
3.36 5.23
18.98 7.93
4.03 0.78
8.56 2.90
6.88 4.95
16.99 7.40
20.17 9.16
3.91
8 11
3
4.66 0.37
7.53 4.59
3.56 10.76
1.97
5 16
9
1.09 13.43
0.97 4.50
1.96 7.30
5.15 6.22
0.46 15.30
3.22 15.87
0.86 3.75
0.32 8.75
3.07 13.38
4.17
17 1
19
4.73 1.13
3.19 0.41
15.83 1.12
11.40 1.18
14.37 0.53
14.23 0.89
8.92 1.01
2.47 0.66
16.31 0.98
12.44 1.19
8.74 0.57
1.39 0.94
16.50 0.85
11.55 0.38
11.47 0.34
1.20 0.52
0.58 0.91
12.90 0.85
8.51 0.91
1.66
14 5
11
8.48 2.32
7.06 2.13
5.10 1.37
7.87 3.41
4.55 1.40
5.52 4.32
6.45 3.44
12.39 4.96
2.40 2.88
6.57 2.57
7.62 5.17
2.03
6 7
16
5.22 5.99
2.74 2.80
0.70 2.84
0.46 3.93
5.35 3.82
1.16 5.78
4.97 6.73
2.03 6.79
1.54 2.07
5.81 4.15
4.43 1.46
3.63 1.22
4.89 3.07
0.99 1.75
1.14 0.34
5.86 1.13
1.80
8 10
1
7.82 9.63
1.71
2 19
17
1.71 15.78
2.21 5.38
1.93 12.15
0.33 6.90
1.20 4.86
0.30 4.09
0.39 16.62
1.74 12.62
1.35 16.20
0.86 15.14
0.99 1.88
1.41 11.32
0.54 2.68
0.62 12.94
0.56 5.92
0.63 0.94
0.43 5.15
4.46
13 18
11
8.15 13.57
12.98 14.51
3.34 17.01
5.50 5.19
2.50 4.74
2.52 11.63
10.81 4.43
1.53 7.63
12.34 17.53
6.17 3.43
11.98 2.59
3.87
9 4
20
1.06 0.87
4.70 2.40
5.13 1.18
3.43 2.97
7.98 0.81
6.92 3.70
8.98 2.50
5.01 0.56
5.99 3.12
5.96 0.50
2.99 3.90
3.88 3.50
5.41 3.50
1.00 3.54
4.52 3.91
6.70 3.09
3.15 0.38
9.16 3.88
5.10 1.11
4.37 1.61
3.50
9 17
7
9.16 2.03
4.99 15.91
7.36 1.12
0.76 3.56
2.05 5.05
0.69 10.71
7.13 11.91
3.76
2 16
2
1.65 8.72
1.73 10.98
3.53
15 5
16
9.47 5.24
7.41 1.41
8.76 0.79
2.53 1.59
1.87 3.65
9.19 5.09
8.53 4.60
13.98 1.79
6.88 2.37
6.68 4.33
13.75 3.09
6.73 4.83
5.64 1.59
6.95 3.22
9.45 3.84
9.38 2.64
3.83
20 14
9
2.10 11.99
1.13 4.12
18.49 2.87
15.43 5.47
18.21 0.99
15.58 7.45
6.50 0.44
18.14 11.84
3.50 6.61
2.95
4 20
8
2.49 15.61
1.33 4.24
3.55 19.89
2.32 16.00
0.62 3.88
1.32 15.46
3.55 9.12
3.32 1.43
3.96
13 15
4
0.88 14.20
10.95 10.40
5.23 4.18
10.00 5.98
3.05
3 14
12
3.11 12.10
3.00 2.08
2.46 8.30
2.52 13.17
2.83 13.89
2.62 12.11
1.62 13.39
1.64 11.58
2.63 13.06
2.23 12.47
1.44 11.88
2.34 7.20
4.22
6 17
12
5.97 6.42
2.96 4.17
1.23 0.62
3.16 6.60
3.63 13.70
2.73 12.58
4.02 8.49
3.53 3.11
4.05 4.60
2.88 6.93
2.80 6.98
3.19 1.22
4.42
13 17
17
6.74 9.93
0.80 3.47
3.75 16.03
8.93 4.77
9.14 1.56
1.31 3.24
1.13 5.51
10.44 1.78
3.58 5.59
10.82 7.31
2.36 4.00
7.22 14.02
11.07 12.20
7.14 0.56
11.02 13.99
10.59 3.44
13.22 5.69
1.53
17 15
7
14.73 0.31
0.40 5.51
15.71 2.02
0.56 8.20
9.42 11.06
12.55 4.79
4.76 13.49
3.19
7 16
2
1.60 11.90
6.46 11.14
4.47
2 15
19
0.33 8.46
1.02 9.08
1.33 2.86
0.47 3.39
2.05 3.90
0.55 3.71
1.95 13.12
1.05 6.72
2.15 13.95
1.40 11.91
1.62 4.95
1.00 2.92
0.61 6.81
1.92 11.23
1.40 7.10
0.95 4.33
2.00 3.66
1.84 7.12
0.83 8.41
3.36
3 15
10
3.21 9.17
2.93 11.51
0.38 2.66
0.74 5.21
1.81 5.22
2.93 11.88
1.34 14.40
2.23 6.00
3.00 2.39
1.18 8.88
4.49
13 18
13
3.42 6.38
3.33 9.52
12.98 8.66
6.46 9.17
12.61 7.61
3.55 11.04
9.74 3.44
4.21 7.08
12.42 4.37
4.85 13.31
10.59 12.49
3.05 13.42
9.18 14.09
3.67
9 1
9
4.74 0.75
3.57 0.55
1.37 1.24
3.31 0.35
7.72 0.35
4.76 1.15
7.21 0.44
7.39 1.19
7.90 0.34
2.98
11 14
10
7.83 1.79
9.00 1.37
0.40 8.54
0.85 3.77
9.13 9.62
4.50 0.51
9.32 7.86
5.60 1.35
5.11 13.15
4.06 6.23
2.08
7 16
13
1.24 2.20
0.60 6.14
1.10 13.13
4.19 14.76
4.37 6.84
2.78 0.43
2.01 9.33
4.63 4.48
4.68 9.02
2.57 15.94
6.15 10.15
0.54 12.55
4.88 6.08
4.04
15 5
4
13.05 0.64
12.40 1.23
2.81 1.16
15.02 2.43
3.98
9 8
17
2.92 1.44
3.34 0.68
7.31 6.33
1.49 7.22
8.37 1.60
1.47 5.85
3.66 6.14
7.82 4.39
5.02 3.61
5.58 1.46
5.95 0.72
9.12 2.95
7.00 1.10
4.92 1.33
4.43 5.33
6.08 7.09
7.89 2.52
1.67
16 20
16
1.81 2.06
13.03 16.08
13.71 4.15
10.06 19.01
4.08 10.61
15.90 16.86
6.87 5.44
7.92 16.54
3.61 14.74
4.07 3.04
7.06 8.32
3.99 18.63
2.36 7.50
7.80 5.58
15.80 8.42
6.40 1.33
4.47
1 5
15
0.73 4.65
0.84 1.38
1.00 4.70
0.89 1.02
0.94 0.65
1.13 2.90
1.14 1.64
1.01 4.92
1.19 0.68
0.35 2.23
0.31 0.65
0.63 4.44
0.74 4.10
0.36 4.44
0.50 1.11
3.99
20 20
2
11.63 9.46
3.06 17.32
1.91
14 5
4
10.49 3.77
12.09 3.44
3.03 2.24
8.42 5.23
1.88
6 18
19
3.36 13.46
1.95 4.45
4.17 2.53
0.96 10.77
2.41 13.07
3.21 10.97
5.76 17.90
6.05 16.87
1.79 2.19
1.05 9.33
5.04 9.06
2.90 16.57
3.79 4.15
2.84 13.11
2.17 9.55
3.06 14.07
5.10 5.36
1.13 0.38
3.52 3.04
4.42
1 20
18
0.55 4.00
0.48 3.42
0.93 10.37
0.48 1.52
0.54 5.86
0.48 8.85
0.84 13.14
1.12 4.72
0.55 2.90
0.78 7.21
0.86 5.47
0.49 5.33
0.32 19.98
0.73 1.82
0.79 10.38
1.11 4.77
1.11 8.46
0.86 4.70
3.55
5 8
20
3.15 2.68
0.70 6.88
3.95 4.57
2.84 7.69
2.74 0.74
4.96 5.89
2.69 3.18
3.36 8.08
4.53 5.01
3.89 1.43
4.98 2.98
4.96 6.19
2.81 7.53
1.58 3.06
4.52 0.91
0.47 7.00
4.01 0.39
4.33 2.17
1.04 7.01
1.12 1.67
2.66
20 18
18
7.34 12.02
1.56 13.43
8.10 14.55
5.68 15.49
1.95 6.45
9.01 16.90
9.18 12.37
16.58 10.08
2.92 4.35
4.58 4.93
13.05 4.14
1.47 18.08
7.14 2.83
11.98 8.97
12.52 4.75
14.31 10.08
7.73 16.14
1.65 4.69
2.15
20 5
2
18.11 0.62
12.13 4.02
2.33
4 13
1
3.51 1.02
1.78
2 19
17
0.34 1.64
0.46 14.52
1.53 14.46
2.17 10.49
1.30 4.73
0.87 7.20
2.22 2.16
1.59 7.17
1.65 9.65
1.03 10.16
1.00 9.72
1.86 5.57
1.48 11.19
1.07 18.13
1.17 18.83
1.23 12.76
1.17 10.35
3.23
8 3
18
7.10 1.65
3.60 1.04
3.81 1.55
2.84 1.86
0.87 2.86
6.67 1.23
2.51 3.04
4.48 0.32
6.33 0.91
7.02 2.76
7.97 3.09
5.77 0.65
1.86 1.59
7.94 1.11
0.86 1.39
1.63 1.32
1.64 2.56
5.48 2.62
1.74
5 14
6
3.82 1.11
2.62 2.80
0.82 1.84
4.59 8.67
4.09 11.38
2.78 1.34
4.34
14 18
19
6.77 17.89
7.49 17.15
10.98 11.62
9.97 15.76
5.13 16.59
8.23 6.54
11.79 3.01
9.42 12.10
0.67 1.19
1.16 5.58
11.61 7.46
10.11 3.62
12.49 6.76
3.37 10.76
5.81 12.01
12.86 7.48
9.99 10.71
13.96 10.15
4.77 1.84
2.06
5 20
6
2.64 2.84
4.47 10.80
3.96 0.69
4.42 13.56
0.39 15.75
4.19 6.91
1.84
12 5
8
4.51 3.94
7.42 2.04
0.30 0.34
7.71 0.83
5.05 3.34
10.43 4.34
6.82 0.37
6.73 5.01
4.08
19 2
2
10.21 1.76
13.66 1.02
2.81
6 8
4
2.61 6.51
5.77 0.67
0.78 1.90
1.03 4.50
3.04
5 7
3
2.07 5.59
4.98 3.93
0.93 3.80
4.42
4 12
11
1.64 0.96
0.73 3.33
2.22 6.14
2.66 8.40
0.79 0.56
3.48 6.18
3.31 5.18
3.13 10.88
1.04 8.23
3.58 8.46
3.90 3.68
3.95
18 20
7
9.45 7.51
2.13 17.39
9.80 2.98
8.87 15.97
2.52 3.83
17.50 10.08
4.99 14.01
1.83
17 15
9
17.15 8.42
15.00 9.78
14.44 6.17
15.62 6.74
6.45 12.21
1.09 10.22
14.75 5.20
12.49 4.47
9.67 9.89
4.31
6 8
15
0.53 6.12
5.89 5.06
2.61 1.15
1.15 1.40
5.59 4.17
0.44 1.79
2.90 2.87
0.46 7.60
5.32 5.50
4.87 3.39
3.14 4.90
0.88 1.56
4.04 6.87
1.14 5.08
3.35 7.92
2.85
3 5
20
2.10 4.37
2.72 4.55
1.67 2.34
2.62 2.98
1.83 2.83
1.88 4.11
1.97 3.98
1.23 4.65
0.60 1.10
2.04 3.51
1.62 3.99
1.03 4.12
3.13 4.78
1.66 1.04
0.37 4.05
0.56 1.65
2.34 0.93
1.47 2.59
1.96 2.47
0.40 4.14
2.04
1 10
12
0.49 6.07
0.63 4.32
1.22 4.88
0.60 6.42
1.02 7.04
1.19 2.89
0.98 4.76
0.68 8.59
0.91 2.32
0.38 10.16
1.00 0.63
0.37 8.62
1.91
14 8
13
4.92 1.59
1.35 5.57
5.54 3.65
13.65 5.22
3.80 2.57
13.95 2.22
2.46 6.94
12.11 0.84
14.17 7.49
3.00 7.53
12.30 2.93
4.08 7.23
6.06 3.47
4.12
20 3
2
12.43 0.78
4.81 0.90
2.92
19 1
9
18.68 0.61
7.21 0.45
5.42 0.74
7.85 0.81
2.76 0.73
2.47 0.63
16.90 1.02
14.71 1.07
11.96 1.08
3.51
4 14
14
2.33 11.89
0.46 10.05
2.63 7.13
0.48 0.49
1.68 11.78
3.39 8.37
3.58 2.54
3.46 3.31
0.87 2.39
1.04 13.39
0.73 9.18
1.30 4.50
3.87 9.93
2.92 0.99
3.68
14 18
4
8.96 4.22
7.74 6.52
3.00 4.18
2.57 16.43
2.01
6 16
13
4.47 2.65
4.97 15.49
5.50 2.85
3.33 2.14
5.36 10.01
3.40 6.16
5.10 13.97
4.85 7.94
2.99 14.42
0.59 14.83
0.99 4.48
3.15 11.14
6.16 10.42
2.30
3 7
10
2.93 0.72
1.33 4.18
1.76 1.53
1.16 7.18
2.73 6.16
2.62 2.75
2.88 1.44
0.69 2.44
3.11 2.68
1.46 6.87
3.32
12 19
14
9.35 18.56
7.39 16.32
8.37 14.17
9.09 16.56
2.68 11.56
2.47 14.36
5.42 4.71
2.82 14.42
0.99 18.13
2.86 15.82
6.95 16.93
0.33 1.93
1.01 19.08
10.37 16.00
3.36
8 17
20
3.68 3.53
1.69 4.99
1.35 4.11
4.62 10.11
8.03 13.50
4.31 7.01
6.96 13.87
5.35 5.56
2.07 9.58
6.43 8.47
3.05 5.94
4.91 14.16
0.46 11.82
8.24 11.10
7.23 2.54
1.73 8.75
1.48 15.89
2.03 12.71
3.09 12.75
5.24 9.99
3.48
17 14
3
12.23 11.15
16.54 14.24
8.47 12.85
3.80
18 12
8
15.73 5.73
10.39 10.75
8.42 3.54
6.75 2.33
14.74 0.32
7.42 11.98
5.23 8.90
4.40 3.30
4.46
14 12
16
11.47 7.44
10.18 11.64
3.36 6.96
9.19 10.43
3.71 10.55
3.80 3.34
3.08 4.16
11.74 0.83
4.63 3.24
3.46 6.76
14.22 11.00
6.73 5.64
11.34 3.21
1.83 2.90
6.14 6.51
8.00 10.14
2.36
12 18
19
7.82 11.60
11.65 11.70
9.96 16.80
11.59 2.19
1.11 14.16
3.17 11.97
6.41 9.13
2.36 6.24
0.52 14.98
9.98 6.08
2.82 2.01
3.90 3.53
7.33 16.08
1.85 7.02
0.48 15.32
9.36 9.62
3.59 10.17
9.73 4.15
5.69 10.48
2.71
19 1
9
4.60 0.32
8.67 0.50
12.11 1.18
4.98 0.35
6.48 0.47
9.81 1.14
3.10 1.19
10.46 0.38
12.70 0.39
3.10
20 19
11
14.42 9.57
2.42 7.21
13.59 18.43
17.57 2.65
16.00 15.48
18.57 3.88
12.47 18.88
16.43 19.04
8.82 3.50
6.38 10.56
3.83 3.62
3.36
4 7
11
3.97 6.46
4.01 4.68
0.91 3.69
3.78 3.08
0.65 4.66
3.53 4.54
1.98 0.92
4.03 0.98
0.94 4.42
3.38 3.14
0.58 2.35
1.89
3 12
1
0.67 4.11
3.08
15 6
12
13.31 5.94
1.04 3.31
9.06 3.21
6.37 2.01
13.90 2.75
4.16 3.41
9.75 3.89
3.65 3.19
14.40 1.41
1.02 4.80
9.21 0.39
8.31 0.72
3.17
2 4
20
1.76 3.51
0.58 0.67
1.89 2.91
0.79 0.74
1.03 2.14
0.62 1.99
0.56 0.34
0.96 1.41
1.98 1.89
0.61 1.50
1.46 3.56
1.58 4.00
1.91 4.13
1.13 1.06
0.94 2.36
2.08 0.32
2.07 1.09
0.98 1.20
1.53 2.36
0.60 3.19
3.17
8 13
11
7.89 12.55
6.36 5.68
5.47 10.58
2.49 7.89
4.76 8.02
7.21 11.55
4.88 12.19
5.20 1.93
6.54 10.43
2.63 4.32
3.11 10.46
1.82
20 17
10
19.17 2.51
18.88 13.99
19.08 14.54
16.83 15.38
3.91 9.97
6.57 7.05
12.91 15.49
13.33 12.16
8.88 6.15
8.75 12.89
2.59
12 8
20
5.77 3.81
7.90 2.79
5.23 7.30
3.73 3.48
2.88 4.49
10.11 5.85
5.87 7.61
5.85 5.01
7.98 1.77
4.00 6.01
6.68 7.48
9.37 4.13
8.99 1.69
10.96 5.23
11.83 4.21
5.37 0.71
4.02 0.63
9.74 0.78
8.02 5.17
4.89 2.81
3.50
6 9
4
5.73 4.48
2.72 1.31
4.67 8.23
2.63 3.15
2.44
13 4
20
5.35 3.18
7.14 2.90
11.21 3.97
6.49 1.52
7.00 1.38
9.82 0.63
2.88 2.52
6.63 0.71
8.38 2.79
0.45 3.72
1.60 0.83
0.75 0.44
5.51 0.75
4.20 1.73
3.59 2.41
2.50 3.84
2.05 1.74
6.89 1.93
9.52 3.68
12.08 2.94
1.61
1 17
3
1.00 14.30
0.95 15.23
0.86 8.40
4.19
13 1
7
6.54 0.88
7.92 0.34
5.46 1.01
8.66 0.81
1.23 0.41
6.14 0.86
7.75 1.08
4.11
8 15
10
6.34 12.11
1.82 14.36
2.30 7.74
4.19 4.38
3.11 10.69
3.60 8.91
2.53 0.30
7.23 0.30
1.17 5.71
6.89 3.83
4.09
8 7
18
1.50 7.07
7.84 2.91
0.80 1.37
1.82 0.67
4.62 2.57
7.58 2.07
7.53 4.45
0.95 0.93
6.66 1.77
5.48 0.50
4.85 1.31
5.03 4.10
0.43 2.83
2.85 6.08
0.40 3.21
4.12 5.63
3.09 5.13
7.79 1.59
3.31
12 3
13
0.40 1.69
11.63 1.99
0.55 2.85
2.85 2.75
2.86 0.82
3.75 0.99
8.15 1.92
1.68 2.37
12.02 1.72
1.23 2.15
7.58 1.06
7.34 1.52
5.99 1.16
3.23
16 15
8
11.12 4.81
10.66 9.74
9.06 8.07
1.02 1.06
10.64 1.31
1.99 15.07
8.23 12.93
7.20 10.18
3.14
18 5
17
14.31 1.77
5.00 3.67
14.01 3.89
2.33 3.68
4.13 2.38
1.44 1.53
10.92 1.52
3.46 4.24
3.98 2.08
7.46 1.85
1.76 2.83
15.95 4.45
5.19 0.66
12.34 1.59
16.04 2.42
17.16 4.42
10.38 3.77
3.27
18 1
6
1.39 1.00
6.60 0.62
8.11 0.92
10.76 0.70
9.06 0.71
6.21 0.77
4.34
1 9
6
0.67 7.43
0.94 1.60
0.72 2.84
0.43 5.50
0.35 8.18
1.23 3.67
2.04
2 2
2
1.76 1.72
2.00 2.17
3.75
4 3
8
1.22 1.13
2.05 2.52
2.19 0.88
1.71 2.70
3.02 2.18
1.49 0.41
2.67 0.50
1.49 2.81
3.28
5 11
16
3.77 9.17
3.18 0.36
2.36 10.79
4.07 6.60
3.76 6.00
0.45 1.80
3.91 7.95
1.71 4.44
3.34 2.10
3.11 6.71
3.93 8.84
3.60 7.64
3.51 2.01
1.95 5.52
4.42 6.40
0.90 2.74
2.97
6 4
19
3.21 2.11
4.12 2.31
1.31 2.76
0.82 2.72
0.33 1.66
0.78 0.47
2.42 0.75
0.51 1.48
3.39 2.24
0.63 1.08
5.03 3.17
3.73 2.02
4.79 3.58
4.59 2.43
3.24 1.98
0.74 2.84
4.21 2.71
1.01 1.66
3.13 3.23
3.39
5 9
12
4.86 3.48
2.42 4.82
4.92 0.33
1.42 6.48
2.84 6.71
3.21 2.48
4.22 6.87
2.92 3.42
3.71 1.23
3.73 1.86
0.74 8.38
4.73 0.79
2.16
11 11
4
7.48 7.48
5.40 5.00
4.14 6.46
10.61 0.92
2.71
17 4
6
15.42 0.71
14.19 4.20
15.59 1.10
4.37 2.76
10.14 3.48
6.38 2.83
3.83
4 13
16
2.56 1.56
0.36 8.88
3.32 7.99
0.56 12.41
1.73 5.88
3.52 13.08
0.76 4.37
1.89 6.46
3.53 7.82
3.16 8.38
1.47 1.01
1.63 8.81
1.21 6.96
1.64 5.90
2.20 8.86
3.79 9.69
3.36
20 5
20
6.04 3.87
8.39 0.37
16.91 0.80
8.82 3.11
19.96 1.21
3.08 5.01
18.41 2.90
16.53 5.11
6.44 4.33
12.42 1.14
19.62 4.20
17.65 1.73
13.71 2.08
2.87 2.53
19.42 2.78
6.68 1.16
11.45 0.91
19.02 1.05
5.94 0.66
1.11 3.91
2.94
10 11
11
2.35 5.02
8.57 4.69
0.49 4.96
3.10 10.51
4.21 9.46
6.68 6.37
3.66 7.82
6.54 7.17
2.93 4.55
1.47 0.52
6.30 4.99
1.93
6 16
8
3.61 3.47
1.94 5.17
6.09 7.18
2.01 13.55
0.53 9.60
2.22 9.23
0.39 3.86
2.10 6.37
2.77
3 6
1
1.72 4.63
3.41
19 13
18
5.09 6.37
9.97 8.84
10.86 7.87
11.15 13.24
9.68 10.90
9.23 2.69
17.53 1.94
0.72 6.10
19.07 11.90
17.09 4.84
0.45 0.56
2.62 5.91
5.38 11.48
3.70 1.21
3.17 6.02
6.63 3.63
5.80 0.47
7.70 3.20
1.53
6 14
1
0.88 11.75
1.75
6 18
18
0.32 12.37
5.81 5.10
4.48 12.65
1.69 11.37
3.47 1.06
3.48 11.75
5.02 16.00
4.17 9.90
4.97 0.87
2.57 15.15
1.51 8.67
4.61 0.97
1.98 7.45
2.78 12.35
4.71 4.71
0.72 14.87
5.06 0.53
1.39 16.70
3.40
10 17
11
8.34 6.90
5.78 12.83
8.90 11.70
3.57 11.47
10.01 9.17
1.85 4.03
5.70 2.20
10.22 8.36
3.87 8.99
2.10 7.84
9.24 1.86
3.84
4 4
9
0.83 2.03
1.61 2.83
3.52 0.68
1.21 1.57
2.68 3.52
2.60 1.90
4.16 4.13
1.17 2.68
1.06 1.49
2.94
3 10
7
3.14 1.48
3.18 3.30
0.78 2.03
0.49 5.73
1.23 2.09
0.39 4.90
1.35 5.47
4.39
3 7
15
2.13 0.49
2.24 5.05
2.23 2.45
2.60 0.80
1.59 4.66
0.31 2.55
2.07 5.20
1.94 0.31
0.30 2.75
1.34 1.82
0.98 6.71
3.09 1.90
2.35 4.31
0.91 1.95
1.44 6.15
1.96
13 12
16
12.86 8.09
0.57 5.39
12.54 2.65
3.97 7.32
10.43 10.68
5.98 10.19
4.39 6.65
2.51 8.75
6.58 11.65
2.55 6.88
1.89 5.88
9.64 0.40
11.51 9.74
2.55 3.15
9.99 8.50
4.44 8.37
1.81
13 6
17
12.19 4.76
6.37 1.99
3.57 5.63
2.82 5.74
10.76 4.12
11.02 2.62
1.02 5.10
9.86 2.86
3.75 5.59
11.67 2.50
9.72 3.70
9.34 2.72
1.49 4.59
4.80 5.42
7.18 0.57
0.87 4.98
3.15 0.41
2.12
19 20
10
17.92 1.54
2.49 0.64
2.42 7.88
12.61 0.88
10.03 17.01
3.91 17.84
12.17 4.23
10.63 0.45
13.14 9.03
1.17 11.69
3.69
3 3
11
2.21 2.34
2.03 2.68
1.80 1.34
2.44 1.95
2.32 2.13
1.82 1.18
1.12 2.15
3.13 2.52
1.04 2.43
0.57 1.78
2.92 1.44
1.56
17 6
9
16.62 5.66
2.23 4.96
15.43 0.73
9.59 3.09
13.48 2.96
17.07 4.42
14.01 5.11
16.17 4.17
7.00 3.05
3.28
13 12
10
12.75 8.19
10.60 8.43
6.66 1.55
10.95 3.50
6.93 11.01
12.24 7.41
8.51 8.67
2.96 5.99
0.51 6.94
12.08 6.55
4.37
10 14
17
8.01 0.45
3.95 11.31
0.51 10.08
6.22 2.37
9.45 5.00
2.55 1.66
6.94 9.62
0.56 8.72
3.65 1.49
8.45 2.02
9.34 6.82
2.64 3.66
7.07 6.40
1.02 3.93
9.18 6.04
5.42 10.72
8.63 5.57
4.21
14 18
17
3.93 9.04
0.47 5.89
8.36 16.81
9.67 15.62
13.17 17.39
11.42 8.21
13.36 16.34
7.46 16.31
8.66 6.10
7.34 9.78
1.33 6.76
7.15 5.87
7.08 15.12
11.34 0.95
12.88 7.91
9.47 9.96
11.69 13.22
1.55
11 8
2
0.35 4.32
6.68 5.23
3.84
9 5
14
0.70 0.70
5.76 2.52
3.91 5.08
7.83 3.07
9.21 2.01
3.15 5.20
3.69 4.12
7.61 1.24
3.83 3.81
4.66 2.12
0.96 0.91
3.92 2.79
9.05 4.09
6.06 3.81
4.36
16 7
11
2.70 0.92
12.98 5.97
7.59 7.16
14.91 4.20
13.92 1.65
3.84 4.34
2.46 4.84
9.68 2.04
8.98 1.87
12.62 1.02
0.47 0.37
2.17
17 18
12
16.65 15.89
9.07 11.59
11.81 8.74
13.18 8.95
12.21 15.43
16.31 18.05
2.56 2.04
11.93 7.34
11.37 2.12
15.70 3.05
1.86 1.22
6.00 9.24
1.84
4 19
9
3.45 6.11
3.44 18.08
1.53 16.46
3.88 13.58
1.68 2.82
2.76 11.83
2.70 11.59
1.38 9.80
3.59 0.81
3.53
4 9
6
1.36 9.04
2.45 7.93
2.87 8.79
2.57 4.57
2.12 1.97
1.98 4.67
2.76
9 3
20
6.55 1.70
2.23 2.43
5.67 3.17
3.77 2.09
5.86 2.44
3.71 1.80
3.01 2.72
8.69 0.79
6.83 2.65
1.08 1.07
9.18 1.89
4.82 1.79
9.06 0.96
7.98 1.97
6.00 2.60
4.95 0.30
7.46 2.21
5.06 1.18
2.32 1.64
7.23 0.70
3.41
7 2
17
6.63 1.62
6.89 1.83
6.04 0.31
6.64 1.17
6.17 0.64
0.39 1.80
6.69 0.74
3.59 1.73
0.31 0.66
1.41 1.67
2.11 1.14
6.78 0.83
2.46 0.83
6.17 0.33
0.30 0.60
6.31 0.59
1.57 1.69
3.63
12 7
20
11.43 4.12
12.19 1.49
4.34 0.50
0.57 2.87
6.54 3.13
1.85 1.91
10.54 1.45
1.56 3.18
5.09 5.23
8.13 6.77
1.66 4.04
1.07 5.12
6.90 3.89
5.74 1.00
11.23 1.39
5.21 3.35
7.65 2.80
6.40 0.95
3.72 1.93
4.37 2.22
2.90
3 18
5
0.72 8.75
2.15 17.32
1.32 0.80
2.44 17.67
1.74 1.68
4.06
6 6
12
5.83 5.70
0.39 0.55
2.31 2.94
2.32 3.63
2.61 4.18
4.36 2.10
3.38 0.64
3.03 4.64
5.85 0.44
2.02 0.88
4.91 6.13
5.65 3.46
3.71
20 11
10
11.01 5.87
14.39 1.93
10.87 0.79
11.67 3.98
8.18 7.89
13.42 6.69
17.95 6.60
3.50 1.85
2.96 1.51
5.94 8.30
2.90
18 10
13
12.45 1.58
11.69 5.83
12.92 4.57
4.60 9.18
8.76 4.60
10.46 1.03
11.73 8.18
6.51 8.42
5.36 7.81
4.69 6.20
4.35 2.95
17.08 4.94
11.75 6.37
3.76
19 11
17
6.09 7.51
18.18 9.19
9.70 5.15
7.71 6.77
7.14 5.73
1.43 10.83
3.89 4.62
12.03 5.42
15.53 4.89
12.63 2.54
3.57 3.35
6.66 3.04
6.59 9.97
12.55 8.86
7.15 7.51
1.74 1.46
9.78 5.84
4.27
5 12
12
3.16 7.68
4.22 5.84
2.63 10.22
3.18 2.51
4.21 7.86
0.84 4.42
4.07 2.52
3.15 4.73
0.52 5.11
1.50 0.49
1.98 5.10
5.20 5.77
2.36
5 8
10
1.72 2.15
2.94 5.98
3.52 3.96
2.20 5.15
1.00 3.90
2.91 6.73
2.92 5.46
1.48 8.02
3.36 6.94
1.31 0.68
3.38
1 6
10
0.55 3.89
0.38 5.99
0.78 4.30
0.63 5.60
0.41 5.52
1.12 5.71
0.81 1.35
0.94 5.48
1.15 3.24
1.16 4.01
1.94
3 7
4
1.49 0.42
2.43 2.67
0.32 1.06
0.54 2.59
3.58
14 11
4
3.85 4.01
6.91 0.90
8.34 1.07
6.20 10.63
3.63
8 12
12
0.47 0.96
2.46 9.54
7.45 5.99
1.74 10.17
5.92 1.52
3.04 4.07
6.22 2.95
4.45 1.30
1.21 6.63
1.59 0.57
2.61 9.70
2.90 6.00
4.43
7 17
16
4.63 10.23
3.10 0.85
5.80 2.33
6.22 8.71
4.68 7.41
2.15 6.89
3.52 12.47
2.30 2.68
0.98 1.65
4.07 2.46
6.60 7.56
2.82 12.34
6.84 16.58
3.20 4.73
2.94 14.88
2.30 1.70
3.07
18 6
5
15.16 4.24
6.22 3.46
17.12 1.86
16.15 5.61
11.53 0.93
4.14
2 7
12
2.12 0.73
0.87 5.98
1.16 7.18
0.76 0.49
1.82 3.78
1.41 6.95
0.52 2.87
0.38 1.50
1.53 0.96
2.17 4.61
1.12 1.40
1.84 2.42
2.62
4 2
6
1.57 1.30
2.78 1.36
1.22 1.10
3.49 1.63
0.59 2.06
0.88 1.35
1.52
8 4
3
2.89 2.34
7.56 4.15
1.74 2.38
3.65
1 19
10
0.49 8.58
0.79 13.76
1.14 3.43
0.81 17.07
0.41 4.43
0.59 18.15
1.15 2.12
0.66 7.98
0.65 4.91
1.09 12.91
2.44
14 14
18
4.31 5.03
8.84 7.48
1.48 14.08
8.76 12.15
10.74 1.63
6.10 1.99
7.22 4.84
8.19 1.94
13.74 4.31
8.47 6.74
10.56 11.45
1.40 11.59
1.36 9.78
0.83 4.91
11.16 10.86
9.40 3.05
6.42 4.87
7.97 2.34
3.30
8 7
18
3.22 5.43
2.88 7.19
3.48 1.01
7.67 4.62
6.12 6.64
4.72 3.91
7.36 5.14
0.67 1.52
5.98 5.60
7.85 4.77
5.01 5.45
1.91 3.55
1.99 6.08
8.06 2.75
1.19 2.05
5.31 0.97
4.34 2.16
1.58 5.65
4.26
6 2
7
5.24 0.35
3.85 1.75
1.11 1.58
0.46 1.78
5.24 2.09
4.65 1.49
4.86 1.86
4.08
19 18
19
4.78 7.86
9.10 8.91
16.89 17.40
15.00 9.81
1.66 5.09
8.45 16.50
6.44 18.02
12.20 1.60
6.10 17.69
7.60 14.31
8.14 2.86
17.95 4.79
17.53 15.70
16.23 2.50
10.43 11.93
12.94 7.38
13.38 11.41
2.86 1.17
3.61 3.75
3.94
2 19
5
0.96 19.13
0.66 18.32
0.99 3.62
1.64 10.84
0.51 11.95
2.71
13 11
5
11.79 9.14
4.57 4.83
11.09 4.91
8.99 4.05
3.18 5.44
1.50
19 12
19
9.83 9.92
1.57 6.01
18.81 10.07
16.03 6.95
0.37 11.50
11.21 1.89
14.00 9.75
0.89 9.35
18.37 2.21
8.93 7.97
16.37 0.44
4.86 6.57
2.20 1.45
15.50 6.23
9.49 10.75
16.09 4.47
3.43 4.19
7.90 3.65
14.59 11.86
2.06
5 5
19
1.51 2.41
3.48 5.10
3.82 3.68
5.02 2.83
3.94 1.94
1.13 0.61
2.46 3.92
3.85 0.87
1.45 3.45
4.50 2.10
3.21 4.31
0.39 0.85
2.41 1.55
2.58 2.94
1.45 2.35
3.44 1.78
4.19 1.56
2.34 2.84
4.42 5.09
4.40
7 6
2
6.14 3.00
5.44 4.74
3.84
2 1
10
0.85 0.73
1.11 0.92
1.74 0.42
0.60 1.21
2.13 1.02
2.03 0.35
0.83 0.51
0.83 1.12
1.24 0.89
1.20 0.83
3.61
16 9
7
1.95 4.07
9.50 2.04
2.54 0.49
9.77 4.49
2.53 3.12
5.06 0.60
6.80 3.52
3.72
16 11
6
15.14 2.22
9.33 1.54
1.74 7.51
1.08 5.90
7.10 5.46
14.75 6.23
3.02
12 16
5
0.74 8.37
3.03 0.63
1.21 12.38
10.59 0.86
11.15 0.42
4.25
8 3
5
5.07 1.56
4.75 3.08
8.24 2.64
6.61 1.09
3.67 1.90
3.77
12 14
7
0.69 11.66
3.34 8.91
10.72 7.54
12.10 2.09
6.68 2.44
6.22 13.45
7.15 9.58
4.03
11 4
12
1.77 3.07
4.91 2.84
1.42 1.14
1.59 1.94
5.22 2.00
10.52 2.65
7.51 0.56
4.77 3.17
1.37 1.69
9.46 1.24
6.34 3.58
5.63 3.70
4.41
7 16
17
5.54 16.01
6.71 15.65
3.02 11.71
6.66 0.69
2.91 3.65
2.64 0.92
6.33 8.75
2.99 3.43
5.73 10.52
5.62 12.73
3.67 10.09
4.47 12.17
6.70 6.51
3.06 7.91
2.50 2.37
6.08 13.39
3.30 4.40
2.98
9 7
17
3.88 6.68
8.58 5.30
6.95 4.93
7.57 1.75
6.69 1.94
0.67 3.60
1.96 2.05
8.56 6.77
0.75 0.42
5.34 4.98
8.77 3.61
0.94 6.17
5.80 3.31
7.83 1.62
1.17 6.35
2.18 5.97
2.44 0.48
2.49
19 17
2
3.39 16.53
0.63 6.22
1.77
8 11
1
0.63 8.91
4.21
5 1
11
2.34 0.63
2.76 1.00
4.39 0.56
3.41 1.07
3.40 0.52
1.12 0.34
1.98 0.88
2.11 1.24
2.79 1.24
1.35 0.99
4.81 1.04
3.75
2 11
20
0.62 6.73
0.46 10.22
1.15 10.96
1.81 5.61
1.42 1.67
1.22 0.90
1.00 8.16
1.85 1.86
1.68 4.44
2.09 1.85
0.69 8.37
1.91 6.63
0.42 2.49
2.12 6.76
0.94 2.13
1.91 8.01
1.63 9.42
0.87 8.99
1.87 7.58
1.75 10.96
1.97
16 16
9
12.18 10.59
4.08 7.36
11.76 8.85
3.19 4.09
11.45 7.58
9.32 6.48
7.19 11.65
3.01 2.50
5.99 0.78
4.13
14 13
19
8.00 5.42
5.93 7.94
10.41 1.36
13.16 6.58
0.54 2.75
10.06 12.70
12.98 3.40
9.53 6.47
13.57 2.77
12.53 0.92
4.71 11.01
7.53 12.85
6.31 9.23
5.52 9.57
6.05 6.34
0.76 11.87
4.55 12.33
6.93 3.37
8.56 11.62
2.32
13 7
7
9.67 4.62
2.11 6.99
1.78 3.86
8.49 5.10
0.51 3.95
10.62 1.51
1.46 5.11
2.95
9 18
17
9.15 15.59
3.35 12.44
6.86 7.89
7.69 17.09
3.86 1.24
0.70 2.53
2.35 9.72
4.13 1.72
0.84 8.35
8.38 12.15
3.42 10.15
5.62 17.18
3.10 13.87
5.94 11.22
6.72 1.87
8.73 3.04
4.91 7.58
3.22
14 15
2
5.32 14.95
9.31 12.10
4.36
19 12
12
3.40 9.81
16.49 4.85
10.38 11.21
8.16 1.52
13.04 8.32
16.24 2.02
12.01 10.73
5.81 4.36
8.78 10.23
1.45 3.16
5.35 9.07
17.89 5.98
3.20
4 19
2
2.92 8.76
0.37 14.79
1.75
7 11
11
0.55 2.43
0.52 8.08
6.76 1.40
5.41 4.84
0.70 10.81
7.11 7.71
6.81 0.63
6.73 10.73
1.04 2.43
5.00 2.81
1.44 6.80
3.14
17 8
3
7.40 6.38
2.02 5.69
1.37 4.41
3.98
4 4
11
1.09 0.49
2.37 1.36
4.06 0.54
2.88 1.18
1.57 3.15
1.03 1.40
3.98 1.37
2.24 2.33
2.53 2.20
4.21 1.87
4.08 0.69
3.70
7 2
9
1.06 1.88
6.86 1.21
2.88 1.74
1.00 1.74
3.58 0.52
5.45 0.77
6.10 1.98
0.58 0.32
1.34 0.59
3.59
20 13
11
16.74 10.87
7.48 7.21
4.15 1.32
5.20 4.76
20.04 4.82
17.85 0.91
19.74 3.08
0.70 3.72
15.74 3.48
18.76 1.04
11.04 0.90
4.39
9 7
7
0.86 3.52
4.75 5.17
2.18 7.19
0.96 1.18
2.35 0.85
8.98 1.18
8.67 6.94
3.46
13 10
4
8.65 1.97
3.94 2.64
13.16 6.22
0.97 6.46
2.63
6 2
10
0.81 0.92
1.17 0.75
3.77 1.75
4.83 2.10
1.54 1.10
1.49 1.31
5.46 0.32
2.95 1.15
3.10 1.78
5.42 0.65
4.44
11 12
20
1.70 6.98
2.34 3.07
4.77 2.55
1.85 5.16
0.56 4.62
1.79 4.19
3.40 9.42
7.96 11.65
0.69 8.51
11.12 2.75
8.42 5.72
7.18 2.01
6.22 8.83
0.61 2.98
2.14 4.53
2.89 0.87
3.55 0.81
5.48 11.63
10.09 4.45
7.07 4.86
2.98
20 8
17
3.20 6.74
3.93 4.92
12.89 8.24
13.20 4.16
19.34 3.78
3.76 5.86
16.86 2.23
0.39 1.03
15.08 3.21
4.99 7.49
5.47 0.59
17.06 1.96
3.46 5.64
13.14 1.80
19.97 0.39
14.00 1.38
6.97 5.61
3.37
1 8
5
0.57 2.65
0.87 1.23
0.69 3.16
0.44 7.45
0.33 0.67
3.84
1 20
10
1.11 5.16
0.39 17.19
0.67 12.10
0.32 4.18
0.33 16.36
0.48 4.16
0.78 3.20
0.92 5.70
0.61 17.09
1.24 15.66
4.33
12 12
10
8.07 7.04
9.55 6.67
0.54 9.69
0.59 9.13
0.39 7.53
2.48 1.10
9.82 7.69
8.15 1.77
8.07 9.30
1.38 0.99
3.93
15 3
10
4.35 3.21
13.12 1.36
2.91 3.03
13.12 1.36
7.60 1.79
11.05 1.23
14.68 0.63
3.96 1.77
1.35 3.16
5.47 0.48
2.93
13 7
1
4.35 1.91
2.83
8 6
18
4.98 1.69
6.51 2.87
6.14 1.38
4.96 0.95
0.77 5.69
7.80 5.19
6.75 4.77
0.78 2.13
1.90 2.03
1.34 2.33
5.61 0.67
8.01 1.38
4.24 5.70
0.62 2.20
0.69 1.55
5.33 3.34
2.21 4.07
6.42 2.82
4.13
19 13
17
2.35 4.66
6.88 8.72
1.48 1.65
17.35 5.12
17.12 7.73
3.43 11.14
0.85 9.14
17.06 11.74
1.55 2.52
17.83 2.01
6.60 13.22
10.73 5.20
3.24 10.21
15.47 4.35
15.40 8.10
13.24 8.31
5.61 6.24
4.44
19 17
19
9.04 7.33
0.39 6.53
6.96 4.08
14.46 5.82
8.61 11.06
8.97 3.34
15.69 1.34
1.30 13.69
2.64 0.70
18.92 8.69
4.61 3.18
10.16 3.32
1.58 5.41
5.45 1.70
4.00 4.21
18.87 12.91
18.92 16.45
3.54 11.74
0.40 6.63
3.40
19 9
19
8.01 6.19
0.57 7.85
13.45 2.24
3.88 0.48
9.81 7.46
17.09 3.46
16.16 1.89
17.80 8.32
4.71 4.82
11.43 2.33
13.95 1.48
11.03 1.70
15.86 3.46
4.64 8.37
15.71 3.81
4.98 7.30
2.30 4.88
7.04 8.98
13.77 0.76
3.82
15 10
1
12.72 1.91
1.80
6 8
6
3.06 6.58
0.98 7.90
0.86 1.97
0.51 0.46
0.36 0.68
2.77 4.00
2.65
18 13
18
13.74 4.62
7.71 2.60
16.71 7.33
8.22 2.46
15.59 8.77
0.79 8.59
3.44 1.37
1.82 1.15
10.42 1.04
8.69 12.12
3.12 3.37
2.91 10.57
15.20 9.99
1.98 4.51
9.56 3.99
11.22 10.13
3.47 3.75
7.11 8.38
4.30
11 19
8
5.09 9.17
10.52 14.47
6.12 15.13
6.14 17.80
7.42 9.90
1.01 1.41
6.98 15.02
9.81 16.23
3.21
12 7
13
0.72 0.60
9.16 4.16
3.13 2.61
3.53 4.36
6.96 2.74
3.80 7.11
3.91 4.80
8.06 3.73
6.64 0.78
3.91 3.61
8.92 5.14
2.01 4.61
9.64 3.54
1.94
2 15
18
0.80 8.49
1.60 2.50
2.16 5.67
0.94 1.37
2.23 9.42
2.21 9.18
1.53 1.47
0.71 11.68
1.41 2.71
0.39 8.08
0.78 13.61
1.13 1.06
2.14 4.70
1.92 9.10
0.58 6.79
1.44 10.19
0.57 13.64
2.04 7.84
4.22
11 14
3
9.38 8.93
0.56 8.37
1.38 9.54
2.41
19 13
2
6.56 9.83
12.07 3.70
1.81
20 16
15
1.56 10.10
17.49 7.31
1.02 4.80
16.06 4.07
8.37 0.53
9.41 3.84
10.64 15.72
17.32 8.69
13.41 3.76
8.09 7.38
4.55 7.06
16.24 1.83
16.00 3.33
12.12 13.48
1.86 15.00
4.17
12 4
14
10.76 0.85
0.40 3.73
9.69 3.09
4.44 2.44
9.11 1.35
7.11 3.23
0.87 3.91
7.38 3.32
7.41 0.56
3.97 1.97
1.48 4.10
2.65 2.95
11.11 1.52
10.13 1.98
2.60
7 8
2
1.42 5.21
5.65 5.50
3.39
2 11
11
0.61 4.82
1.99 2.87
0.45 8.31
1.08 2.66
2.05 4.53
1.18 9.91
1.22 2.51
0.46 10.67
0.83 4.59
1.08 4.24
1.72 7.50
2.95
8 14
1
1.75 1.95
1.80
10 10
12
9.31 8.10
2.47 7.32
3.35 5.19
5.74 6.15
0.37 5.85
1.51 6.57
5.69 0.64
8.08 2.92
3.32 3.43
1.50 9.11
9.04 1.81
7.82 9.13
2.03
1 1
9
0.87 0.65
1.20 0.84
0.33 0.97
0.88 1.12
0.33 0.62
0.59 0.43
1.02 0.82
0.33 0.61
0.33 0.96
1.63
16 5
20
4.18 1.09
12.62 4.19
5.96 1.50
4.12 4.55
4.59 4.80
2.86 4.76
13.51 4.17
10.87 4.49
16.15 0.66
3.05 3.03
5.09 0.48
0.35 1.38
0.66 2.62
6.01 3.52
14.12 4.82
1.99 1.14
12.44 4.92
13.08 3.11
3.75 4.88
2.56 4.13
4.05
1 14
13
0.53 6.96
0.35 4.56
0.77 14.03
1.16 13.58
1.06 6.20
0.64 2.47
0.92 8.48
0.64 5.12
0.57 13.43
1.19 4.15
0.87 13.23
1.12 4.80
0.75 1.96
1.97
13 20
18
13.06 4.50
6.10 18.69
12.46 4.30
11.32 18.49
5.89 3.66
11.83 16.51
9.51 5.02
12.53 7.87
9.62 10.12
7.40 11.86
11.58 3.69
0.52 10.62
5.31 15.33
2.94 18.41
12.87 2.57
7.02 6.07
10.04 11.67
13.17 4.37
2.01
6 11
15
4.07 4.75
1.96 7.69
2.86 7.32
3.21 7.92
0.56 3.39
3.20 1.01
5.41 9.63
2.65 7.60
4.61 1.00
4.96 9.51
2.41 1.79
5.62 5.87
2.72 10.43
3.60 0.92
2.63 2.94
1.90
12 10
20
1.32 3.90
9.14 6.76
11.21 9.74
3.48 9.21
11.93 7.95
8.24 3.36
3.66 5.70
10.93 8.49
8.85 0.58
10.90 5.66
5.32 6.96
4.74 9.04
6.32 6.37
9.39 3.79
6.80 6.59
5.56 1.42
11.07 0.35
1.88 9.72
2.85 8.92
1.89 3.53
4.26
15 18
20
0.57 4.31
2.21 13.12
6.13 9.44
12.30 14.83
14.99 17.18
0.75 0.51
3.01 7.64
6.00 14.02
9.92 8.42
13.62 11.59
14.11 8.72
8.72 10.30
7.08 11.49
1.37 4.76
15.04 3.33
0.76 15.51
3.08 17.66
12.02 14.40
13.46 1.78
10.74 17.75
3.82
18 15
8
1.57 6.66
11.67 10.08
8.49 2.57
7.59 5.22
9.82 12.54
5.97 2.30
5.04 6.01
4.56 13.09
3.28
2 13
7
1.88 9.81
2.07 6.99
0.57 5.15
1.58 4.24
0.80 7.65
2.07 7.46
0.69 10.18
3.16
1 11
18
1.14 1.05
0.52 5.48
1.16 9.15
0.55 9.98
0.44 10.31
1.02 4.01
1.19 6.61
0.58 4.45
0.45 9.04
0.95 7.81
1.21 9.36
1.10 8.42
0.78 1.02
0.70 3.37
0.54 0.85
1.14 7.81
0.67 2.01
0.50 8.50
1.65
4 10
12
3.43 7.98
4.02 9.81
2.15 2.41
1.70 3.95
4.13 0.76
3.64 7.18
1.34 5.62
2.56 0.70
2.80 1.75
1.51 8.13
1.73 0.73
4.12 0.61
2.07
2 10
13
0.50 1.70
1.61 1.34
1.72 0.64
1.24 9.07
0.85 0.43
2.00 3.55
1.18 4.31
0.39 3.31
2.15 5.40
2.01 7.80
0.30 4.99
2.06 1.46
0.87 1.90
2.14
3 13
8
3.05 4.36
1.30 9.39
0.69 8.99
1.42 10.92
0.39 4.09
2.95 12.23
3.02 2.79
0.43 7.85
4.33
19 3
14
6.59 2.16
16.41 1.11
12.50 2.82
2.12 1.95
14.05 0.64
6.42 1.60
13.72 2.84
9.43 0.93
12.80 2.45
3.47 2.41
12.16 2.62
18.06 2.56
0.74 1.07
19.11 1.12
2.35
10 10
13
6.53 9.64
2.65 5.52
6.39 6.46
7.40 0.75
3.75 9.09
4.58 3.50
4.15 9.94
8.65 5.59
4.75 7.21
0.99 5.34
7.56 10.24
4.92 2.38
8.62 7.56
2.87
2 4
10
2.20 2.61
2.07 0.39
0.30 3.35
0.44 4.22
0.41 2.93
1.06 2.35
0.98 3.49
0.90 4.08
2.09 1.92
2.17 1.24
3.33
15 12
18
11.39 4.83
14.45 5.50
4.55 7.36
5.02 2.42
6.11 7.11
2.99 8.59
8.15 1.04
1.53 4.17
2.07 10.75
6.60 5.23
7.20 6.52
5.34 4.17
10.98 2.33
1.74 11.83
7.01 4.24
5.21 3.24
10.63 7.05
8.77 0.66
2.31
16 7
8
2.55 1.38
10.99 2.92
2.36 1.51
14.70 2.36
11.36 1.51
10.08 6.93
3.34 1.10
14.79 6.31
2.40
9 12
4
4.03 7.75
5.39 11.46
2.96 2.65
0.85 10.71
3.65
4 16
4
4.05 2.23
1.98 6.43
1.37 9.10
3.79 15.32
2.39
13 3
12
6.74 0.62
2.74 0.57
12.79 2.79
8.75 1.38
1.67 0.52
3.45 1.90
2.84 2.58
11.57 0.95
1.82 1.53
12.90 0.88
8.33 1.97
7.02 1.60
2.08
7 9
6
6.54 6.33
5.37 0.38
5.77 7.47
0.30 7.05
1.78 8.87
5.48 3.11
3.38
14 17
8
8.19 5.78
5.88 15.15
6.39 17.15
8.51 13.88
10.24 4.93
11.06 2.75
10.54 2.42
11.05 8.75
3.45
5 12
3
3.51 11.54
2.14 10.14
2.60 4.87
1.66
18 16
13
18.11 3.11
7.95 7.41
16.67 0.47
12.03 1.43
5.89 5.34
9.34 6.77
9.82 13.93
11.22 8.35
1.89 5.51
1.73 0.50
1.37 7.04
17.81 7.51
13.95 8.07
2.28
7 1
1
0.85 1.09
3.53
10 12
12
9.05 6.74
0.71 9.16
8.70 5.74
9.12 11.30
2.13 2.83
5.16 2.22
7.79 7.33
6.64 10.90
2.24 1.61
4.87 10.12
9.69 11.17
3.97 2.41
4.49
11 5
6
6.96 3.37
4.98 4.53
9.18 3.35
2.31 2.38
7.78 3.21
5.44 1.43
1.55
17 2
19
15.46 1.61
8.07 1.01
13.84 0.30
10.02 0.60
8.41 1.78
2.45 1.04
13.90 0.88
10.83 0.44
12.91 0.92
3.51 0.54
8.19 1.95
5.54 0.84
14.38 0.78
2.10 2.06
17.00 1.35
4.21 0.96
5.67 0.76
8.13 1.52
16.16 1.95
1.87
8 9
14
5.43 8.76
7.59 0.32
2.97 8.06
4.51 2.76
3.45 3.54
5.59 1.16
6.63 4.46
6.61 8.41
7.22 6.21
0.74 5.85
6.02 6.38
6.19 5.38
7.46 4.68
3.71 3.36
4.39
8 11
12
2.30 5.76
2.73 10.22
5.15 8.02
6.32 5.66
2.20 10.77
8.19 10.95
3.49 5.02
5.13 7.82
1.23 1.93
0.30 3.75
1.43 2.00
4.00 0.46
3.05
2 3
19
1.12 1.75
0.99 0.51
2.03 2.77
2.02 2.45
1.00 2.55
1.50 3.24
1.04 1.88
0.81 1.02
0.61 1.13
0.84 3.04
1.06 1.31
0.69 1.67
1.41 1.38
2.11 1.83
1.07 1.54
0.48 2.51
0.74 2.24
1.73 1.16
0.38 1.45
2.77
10 15
18
4.65 14.88
6.81 13.76
0.43 3.59
1.63 2.57
7.81 2.22
4.21 11.78
4.80 7.07
2.61 12.43
2.39 3.77
1.76 8.85
2.87 8.04
4.21 6.80
7.34 7.88
2.64 14.39
5.65 5.01
1.59 4.33
6.57 12.99
3.23 2.09
3.77
20 20
8
10.10 0.95
1.24 11.93
1.77 3.88
4.52 5.47
16.16 7.51
8.36 15.77
5.32 9.32
1.78 9.87
3.03
3 15
7
2.12 11.79
1.70 11.68
1.51 12.24
0.48 4.06
0.46 7.51
2.03 5.50
2.75 1.59
2.23
18 18
3
13.45 10.54
5.53 1.95
14.16 5.81
2.33
16 13
9
7.69 12.34
15.65 6.70
8.87 9.65
0.53 8.38
3.02 9.38
10.93 3.45
10.64 11.38
14.76 1.11
15.95 1.55
3.73
1 19
15
0.72 7.09
0.94 14.10
0.77 14.56
0.93 12.04
0.99 5.93
0.32 4.48
0.34 2.16
0.84 14.74
0.75 12.52
0.68 17.30
0.48 17.57
1.12 2.41
0.42 10.86
0.88 9.97
1.00 16.56
1.75
8 19
8
6.67 8.87
4.67 2.37
5.38 4.47
4.07 12.53
6.74 1.01
5.23 2.58
3.45 2.84
4.53 9.96
3.47
11 17
9
1.45 15.14
6.40 15.15
2.46 4.52
10.73 7.40
11.21 13.86
7.39 10.72
4.24 11.49
1.50 2.77
6.90 2.93
4.46
12 10
10
7.78 8.34
10.86 9.13
4.20 0.71
4.69 9.04
6.83 6.90
5.05 3.01
2.79 2.54
1.87 8.75
4.03 8.74
6.00 2.15
2.56
8 8
4
7.10 5.89
3.15 0.96
7.58 1.91
6.59 5.59
1.58
5 4
3
1.78 1.65
4.56 0.76
2.30 1.40
1.54
17 20
2
13.10 4.87
5.08 14.63
4.15
6 9
2
4.47 7.52
5.75 5.82
4.28
15 15
3
11.47 7.37
10.17 10.74
10.47 10.71
3.84
20 9
5
1.57 3.47
15.95 1.24
3.12 5.64
14.65 3.87
15.64 7.65
3.31
1 1
9
0.62 0.64
0.99 0.47
1.00 0.40
0.42 0.38
0.48 0.67
0.61 0.94
0.91 0.48
1.06 0.58
0.58 0.76
4.34
20 1
7
18.60 1.14
15.43 0.44
17.53 0.72
2.64 0.41
1.09 0.51
11.37 0.57
9.59 0.90
1.62
15 1
11
12.08 0.50
4.34 0.62
8.39 0.91
12.38 0.38
8.81 1.06
9.45 0.33
6.07 1.10
12.04 0.43
5.92 0.42
10.19 0.71
4.53 0.83
2.08
2 19
2
1.82 8.52
0.33 6.53
2.01
8 3
14
5.97 1.03
0.72 3.01
2.78 0.95
5.64 0.73
5.60 0.83
3.68 2.77
1.19 0.94
0.69 3.12
1.18 2.07
2.23 3.24
2.23 0.34
0.75 0.87
6.53 1.12
1.73 0.32
4.14
15 9
16
14.03 8.45
13.05 7.41
4.01 2.38
14.72 3.84
6.16 3.95
5.39 1.21
10.74 1.56
4.77 7.31
11.57 3.18
13.69 7.20
2.41 6.06
3.02 6.43
2.59 1.89
3.75 5.05
6.86 5.86
5.54 0.71
3.06
8 10
5
5.70 2.05
2.79 9.42
4.76 8.10
4.96 1.88
2.57 4.81
1.69
2 6
18
1.80 4.58
1.34 3.33
0.38 4.72
1.63 3.36
2.07 3.70
1.74 2.58
2.23 4.39
0.40 4.30
1.38 1.34
2.09 1.42
1.85 4.36
0.71 4.87
1.82 6.20
1.61 0.57
0.91 3.37
1.15 5.02
1.10 1.51
2.03 1.87
1.65
14 14
11
0.43 13.62
2.53 3.94
13.98 2.40
0.81 2.19
12.22 7.82
2.53 5.64
10.52 0.49
1.83 9.20
3.77 8.98
13.17 7.60
1.88 4.37
1.93
13 12
17
7.85 11.05
6.47 11.95
4.68 7.01
2.74 5.56
11.79 9.58
13.00 11.84
8.72 11.68
2.84 5.83
5.96 2.98
4.20 6.05
0.42 2.74
3.57 6.92
7.54 3.68
7.20 5.44
9.98 4.00
6.00 4.96
1.80 10.93
4.29
6 11
13
1.01 3.12
4.90 7.12
1.01 7.93
0.56 11.06
4.44 10.62
1.12 0.96
5.85 3.32
4.50 5.52
2.76 11.05
0.59 6.66
4.96 9.38
5.63 3.65
2.43 9.07
4.49
11 13
17
10.84 11.22
4.96 11.48
9.38 11.93
2.19 4.13
2.60 2.68
8.42 0.41
10.30 7.10
0.99 4.58
8.42 4.03
10.46 2.88
9.38 0.97
4.39 3.08
4.42 11.12
8.67 5.09
7.33 5.39
4.32 4.55
9.33 7.64
3.30
16 10
17
1.89 1.38
13.38 8.08
5.57 1.60
0.52 0.94
10.87 3.91
11.85 6.90
5.45 2.70
13.43 4.87
6.22 4.22
3.86 1.01
2.19 1.17
1.59 8.54
8.75 1.02
10.67 7.65
6.51 9.94
12.42 4.50
13.63 7.36
3.05
19 4
4
11.76 1.09
12.88 2.97
2.11 0.80
10.11 0.43
2.85
20 3
14
6.03 2.35
13.69 0.73
14.72 2.44
13.98 3.21
15.90 3.08
13.69 0.49
19.12 2.91
5.23 2.18
7.24 0.94
17.79 0.31
3.78 3.20
16.57 2.41
13.01 0.93
6.73 0.62
3.99
18 18
9
18.17 10.34
9.14 15.21
1.82 9.82
7.66 12.22
12.53 11.91
10.10 3.59
3.98 3.95
17.83 16.71
2.36 4.35
4.35
3 3
11
0.32 1.56
2.56 1.62
2.58 2.31
1.98 2.14
1.95 0.86
1.49 1.64
3.00 0.72
1.83 2.86
2.69 0.44
1.44 3.15
0.43 1.32
3.14
9 14
13
4.72 3.44
5.24 8.87
1.36 10.35
9.07 5.10
2.31 7.91
6.82 4.57
2.77 8.06
6.97 1.33
2.76 3.65
0.30 4.36
6.48 10.38
5.72 9.81
6.75 4.04
3.25
11 6
8
7.54 4.53
3.14 2.96
1.08 6.16
10.20 4.09
1.67 5.22
5.54 1.16
10.81 5.18
7.33 2.69
4.07
9 17
6
8.52 4.05
3.48 2.60
5.90 0.55
8.46 9.06
0.96 9.82
8.23 15.51
3.09
1 8
5
1.13 6.34
0.53 5.37
0.31 6.07
0.81 4.21
1.20 4.56
2.64
7 20
10
2.91 8.75
5.63 15.83
4.84 7.11
1.68 6.65
3.22 8.91
1.12 4.22
6.20 13.80
1.81 12.67
0.46 13.19
6.79 10.00
2.08
18 19
12
7.71 9.31
9.66 19.06
6.31 4.42
11.59 19.11
11.05 0.60
10.75 8.34
16.99 12.87
3.08 3.34
14.16 2.50
3.38 10.44
7.41 15.80
11.86 11.15
3.62
6 13
13
3.50 13.24
3.41 4.84
2.32 12.58
4.19 3.68
4.06 11.43
0.85 2.53
5.62 3.54
3.55 5.62
4.70 5.99
1.06 0.64
0.96 11.38
6.21 6.45
6.01 10.60
4.44
8 3
13
6.37 2.21
7.05 2.77
0.33 0.88
1.10 2.60
6.03 2.61
7.90 3.13
8.15 1.00
4.35 1.66
7.22 3.06
2.59 2.81
3.35 0.40
3.91 2.80
8.11 0.98
1.71
4 4
9
3.70 3.04
1.23 3.45
3.33 1.13
0.60 1.66
4.02 2.82
0.82 2.20
1.97 3.77
1.32 3.80
3.58 4.14
1.75
18 18
20
9.99 4.35
10.08 7.54
2.69 6.84
11.55 1.14
15.33 17.99
0.50 5.93
5.00 1.54
14.35 0.45
12.69 12.23
5.01 2.24
17.21 5.70
6.91 12.93
2.81 17.59
6.64 16.69
17.42 7.31
18.15 10.48
3.35 11.50
16.47 5.99
3.49 17.83
4.60 12.36
4.43
12 2
6
7.85 2.02
11.47 0.88
8.43 1.86
4.04 1.22
5.41 1.63
1.42 1.09
2.23
20 11
20
7.36 7.56
0.61 0.74
11.62 5.87
11.59 10.74
10.01 8.34
5.06 9.52
18.19 2.48
16.77 0.70
12.18 9.31
12.32 6.03
15.33 8.98
6.47 8.64
1.90 7.60
0.76 3.56
5.36 10.73
8.03 8.98
6.57 11.00
12.62 3.93
6.52 7.89
17.72 6.20
1.86
13 12
13
5.84 11.21
1.57 8.33
10.78 2.77
8.52 2.05
11.36 5.48
9.87 11.97
2.45 5.67
8.96 9.33
4.01 6.53
2.96 5.94
5.07 2.83
9.41 3.94
10.42 8.19
3.32
3 17
14
0.91 14.90
1.03 7.34
2.13 17.14
1.05 12.70
2.58 17.17
0.81 4.88
2.37 11.58
0.82 13.52
2.12 1.42
0.51 12.57
0.34 7.12
1.05 8.96
2.34 16.92
0.47 15.75
2.21
8 19
18
2.91 16.70
7.49 3.82
0.35 1.67
8.11 9.74
5.09 3.44
4.58 9.41
3.30 15.09
3.87 7.12
7.91 8.13
0.61 6.77
3.44 9.10
6.79 2.80
4.56 3.89
8.23 12.80
3.67 9.61
5.41 6.56
7.69 0.35
3.24 12.24
3.98
15 1
12
13.64 0.98
9.03 0.85
15.24 0.57
7.83 0.70
1.93 1.01
5.07 0.70
12.35 0.74
14.77 1.13
7.11 1.11
8.42 1.06
3.80 0.69
14.62 0.83
4.46
10 1
18
2.32 0.61
6.82 0.77
1.90 0.79
8.54 0.31
1.68 0.39
1.03 1.01
6.51 0.99
2.56 0.68
1.91 0.61
4.46 1.18
5.94 0.52
5.05 0.76
2.93 0.64
5.83 1.04
8.34 0.44
8.33 0.47
5.69 0.55
2.09 0.66
4.10
2 19
17
1.47 7.57
2.07 4.38
1.62 16.22
0.64 7.99
2.03 14.66
1.06 11.98
1.75 7.17
0.95 14.38
1.42 0.41
1.39 3.38
1.93 9.22
0.70 0.48
0.56 1.32
0.53 17.30
0.96 5.69
0.74 13.42
1.16 11.19
3.97
8 15
10
5.35 2.06
7.70 13.80
1.67 13.70
3.82 9.74
2.36 3.67
0.34 13.67
1.64 7.64
7.76 1.59
2.10 3.99
4.94 14.05
1.54
19 5
19
17.92 3.55
6.15 1.18
18.76 2.77
18.00 0.39
15.44 3.85
14.87 4.38
4.01 0.31
14.40 4.71
4.56 4.77
11.32 2.68
12.55 4.19
3.94 1.99
18.72 5.24
13.63 3.32
11.36 1.24
11.10 3.45
9.38 2.67
6.93 4.62
14.00 4.82
4.30
9 1
12
3.30 0.51
8.10 0.55
3.32 1.01
2.94 0.82
7.44 0.90
6.32 1.01
6.09 0.67
7.03 1.03
7.63 0.53
3.55 0.97
5.53 0.70
4.81 1.09
2.75
20 16
6
12.45 1.70
1.44 10.19
3.10 8.22
16.79 0.71
6.11 16.14
16.72 3.60
3.91
9 15
4
8.56 14.72
3.31 0.93
5.21 10.96
1.65 5.72
2.85
12 8
11
4.91 0.74
12.20 5.95
8.33 2.55
4.73 0.84
8.54 6.73
4.06 7.78
2.87 0.95
9.83 0.62
9.78 3.04
10.66 4.31
2.71 1.87
4.32
11 13
2
5.76 7.53
10.74 11.18
3.05
6 5
6
4.44 2.07
5.74 1.34
3.98 1.11
5.74 3.13
3.60 4.43
5.24 3.12
2.15
12 8
12
3.99 5.05
6.71 3.13
11.91 4.14
4.62 7.13
11.41 2.83
6.71 2.79
5.23 6.93
12.02 1.35
4.17 7.62
2.62 5.49
6.35 0.87
0.64 5.06
1.95
20 10
3
4.60 4.44
19.91 1.21
13.38 5.51
4.07
3 2
15
1.66 1.70
1.11 1.47
2.80 2.07
1.82 1.43
1.36 0.90
0.36 0.39
0.58 1.12
1.47 0.94
1.10 1.50
1.41 2.24
1.79 0.73
0.58 0.73
3.24 1.43
2.83 0.32
3.14 1.21
4.15
17 15
14
1.02 10.11
7.81 14.65
12.42 9.56
13.57 2.64
7.74 2.80
6.93 10.81
1.55 9.56
14.93 4.32
15.43 8.96
7.95 6.22
1.80 8.50
11.41 2.18
8.14 8.74
14.12 1.44
2.41
13 16
6
10.53 6.92
8.45 4.91
13.05 11.69
2.44 8.24
4.63 8.10
5.43 15.57
2.09
17 4
20
10.91 1.22
17.16 3.59
8.55 3.05
3.04 2.80
14.08 1.92
9.89 3.15
7.19 0.31
15.10 2.33
1.76 2.92
12.62 2.07
12.14 1.41
12.16 0.52
6.44 2.09
8.50 4.00
0.73 3.81
3.09 0.81
5.82 3.47
16.18 2.17
10.06 3.61
11.61 1.14
2.75
16 3
1
5.47 0.36
2.35
1 2
2
1.01 1.81
0.30 1.44
2.87
15 15
10
3.76 11.05
9.66 4.90
10.02 15.11
4.31 7.21
4.67 8.91
12.05 3.12
2.33 1.84
10.40 4.71
0.36 5.97
2.86 5.15
2.17
12 5
2
3.56 1.40
7.08 3.50
2.32
9 13
8
3.84 8.14
7.45 10.08
2.83 8.77
7.13 12.12
6.60 12.53
7.38 2.06
7.89 4.95
5.13 4.31
2.40
19 1
14
6.84 0.92
8.48 0.30
14.76 1.21
18.34 0.80
6.39 0.53
11.35 0.32
7.84 0.56
13.31 0.87
14.72 0.73
16.31 0.64
8.09 0.66
18.22 0.40
14.47 0.49
12.62 0.42
2.93
10 13
3
5.91 3.80
0.57 7.95
3.77 10.33
4.08
7 15
15
3.41 14.95
6.58 2.19
6.72 3.39
4.55 12.39
1.63 12.41
0.34 9.90
5.32 6.03
6.84 14.50
1.54 11.30
6.51 8.45
1.10 12.85
4.55 11.62
4.33 5.97
1.19 6.01
3.03 5.99
4.32
14 9
5
4.50 3.76
4.40 4.48
0.75 5.11
5.72 8.67
14.19 2.40
2.53
18 3
4
4.33 2.70
13.14 2.46
15.02 2.18
4.05 1.18
3.96
3 9
3
1.84 2.79
1.48 6.78
1.72 2.97
4.05
13 19
18
8.89 0.45
6.55 11.65
4.92 14.69
9.61 7.56
7.32 6.08
11.07 14.94
8.84 17.11
7.05 7.30
5.58 4.21
12.82 10.77
6.91 11.68
1.50 18.05
8.55 19.12
3.94 4.32
11.49 4.78
1.81 17.85
10.22 12.92
7.51 6.50
4.39
13 11
14
13.19 9.24
9.04 3.07
2.88 2.47
4.61 10.84
1.05 3.17
4.46 2.82
1.58 8.66
6.20 6.95
9.18 8.10
1.86 8.33
6.61 6.91
5.23 10.37
5.23 9.52
13.01 0.86
3.05
9 7
7
4.85 2.19
4.97 1.32
2.22 1.89
7.37 3.24
4.54 4.97
1.99 3.10
2.55 0.67
3.06
10 10
1
7.10 0.98
3.44
6 2
9
5.93 0.55
4.88 0.43
1.90 1.50
5.62 1.60
5.74 0.55
3.40 0.35
5.96 0.72
4.67 1.37
1.19 0.35
4.49
14 8
20
1.48 2.10
7.20 6.55
4.91 1.89
13.74 3.78
6.54 1.06
9.91 2.01
2.23 7.03
7.41 5.50
12.50 2.89
10.03 1.12
8.77 2.39
2.85 0.53
8.09 6.66
4.56 1.74
3.33 2.38
0.95 4.13
10.17 5.73
8.54 4.99
13.45 6.69
10.76 6.93
4.25
18 15
20
6.51 2.57
12.75 3.90
11.40 11.54
8.43 10.67
11.87 4.84
1.94 9.56
8.76 6.06
3.99 6.56
9.61 12.55
9.52 13.18
17.34 3.80
12.40 11.42
13.15 8.11
17.44 8.64
3.49 10.87
12.48 13.16
9.98 1.16
15.39 4.45
15.13 10.70
16.91 5.54
4.32
7 3
12
7.14 0.64
4.33 1.79
1.73 1.83
0.84 2.54
6.60 0.71
1.85 0.85
7.21 1.72
2.12 1.07
3.68 2.82
0.97 2.10
6.54 2.30
4.39 0.94
3.99
2 4
6
0.39 1.18
1.63 0.65
1.70 2.52
0.64 2.37
0.86 1.55
0.36 0.49
2.79
12 2
3
6.61 1.19
4.16 0.36
3.31 0.50
3.80
20 7
2
8.65 1.64
11.39 2.62
2.94
20 17
13
12.93 1.40
19.61 4.07
9.57 2.96
16.60 3.16
3.68 14.04
4.50 3.01
16.54 2.64
4.45 7.02
6.76 0.66
5.74 3.20
12.78 7.91
12.51 13.56
12.85 9.07
1.71
3 14
17
1.24 6.69
1.20 4.45
2.76 11.30
0.80 13.52
1.42 9.54
1.21 10.44
0.58 0.93
0.43 1.00
1.30 12.18
1.07 13.46
1.64 6.20
1.06 8.42
2.22 7.00
0.64 9.66
1.60 4.49
1.66 8.64
1.58 3.45
1.54
10 3
9
8.56 1.89
3.46 3.18
6.17 0.33
5.11 0.31
6.68 2.47
8.65 0.86
2.17 1.96
2.38 1.91
10.22 1.80
2.88
9 16
11
5.73 12.79
6.81 15.34
6.59 14.81
3.10 13.60
3.49 8.86
2.75 11.43
6.90 2.66
3.41 5.84
5.63 6.84
1.84 2.81
7.39 16.08
2.74
3 12
13
1.13 4.74
1.94 7.36
0.40 3.07
3.01 7.14
2.38 6.75
3.23 8.30
2.37 10.02
1.21 9.85
2.77 8.00
2.73 1.86
3.02 4.74
2.75 4.00
2.32 5.77
2.77
9 15
20
4.10 10.49
3.95 6.70
9.15 3.95
4.01 5.37
5.35 11.31
4.58 6.56
2.76 7.70
6.23 5.50
7.81 11.52
4.69 3.40
1.57 9.97
5.61 8.34
8.21 0.93
5.53 1.66
5.75 8.09
6.44 5.68
6.77 9.90
6.63 12.79
3.83 10.20
4.14 2.69
4.09
13 11
7
10.35 8.03
8.82 6.50
2.71 1.77
3.77 6.61
9.75 3.64
12.66 7.67
13.12 10.10
4.21
11 18
13
10.04 12.95
10.10 15.17
7.49 2.33
3.00 13.64
6.79 3.97
10.91 8.80
6.65 6.96
2.21 5.71
1.76 11.96
3.38 5.32
3.57 14.64
6.84 14.44
2.55 4.81
3.31
10 5
6
3.00 3.17
3.61 3.75
2.47 1.97
10.23 5.21
1.23 2.48
3.52 3.89
2.14
4 10
15
3.30 7.32
1.68 5.53
2.86 8.21
1.36 9.13
2.42 6.22
2.86 1.23
3.82 0.39
3.23 2.75
2.86 1.90
2.03 6.37
4.06 2.20
4.24 4.70
1.97 4.86
3.94 2.76
1.14 1.41
1.66
3 6
19
1.89 1.78
2.73 4.42
2.10 0.73
3.19 2.73
2.16 3.10
1.56 5.67
2.11 5.46
2.58 0.42
1.75 1.17
1.71 4.84
2.63 1.00
1.91 0.64
1.51 3.82
2.96 2.51
1.58 0.61
2.34 4.71
0.40 0.40
1.60 5.01
1.78 6.14
4.33
3 3
3
0.71 1.64
1.70 1.99
2.59 2.62
3.22
8 20
1
1.36 9.97
3.93
14 10
9
14.22 4.76
1.99 6.64
5.40 4.60
9.39 6.58
5.06 0.81
6.21 3.05
1.47 0.47
8.41 4.54
6.76 8.16
3.29
1 5
18
0.66 4.23
0.35 1.23
1.05 1.95
0.88 0.32
0.40 3.52
0.55 4.75
0.86 4.17
1.01 0.70
0.97 2.85
0.36 0.35
0.44 5.17
0.32 0.54
0.86 0.48
0.48 0.69
0.66 2.69
0.30 3.33
1.04 2.70
0.31 1.69
2.51
11 2
17
5.51 1.17
0.97 1.74
6.15 1.10
1.40 1.00
6.57 1.10
10.94 0.45
2.50 0.49
4.32 2.23
11.24 2.20
9.42 2.01
5.44 2.21
1.43 0.53
10.65 1.42
2.06 0.60
9.44 1.87
11.22 2.23
4.71 0.59
3.76
12 10
13
7.93 3.95
4.99 1.87
4.87 4.70
11.51 0.92
6.06 0.91
6.01 8.04
1.56 8.74
9.64 3.49
7.99 2.13
8.23 7.73
0.83 1.09
11.02 8.38
8.72 7.85
4.34
2 3
8
1.37 0.86
0.35 1.64
0.55 1.39
1.08 1.73
1.50 1.47
0.40 1.73
1.41 1.06
1.01 3.08
2.50
10 16
1
7.17 9.13
1.91
6 18
6
1.32 11.16
5.42 0.45
1.14 11.50
2.73 0.76
5.86 1.58
4.50 11.65
4.30
2 14
9
1.81 9.72
0.83 12.14
1.30 11.10
1.69 2.03
1.80 5.42
1.31 9.58
1.38 13.43
1.17 9.74
1.50 2.65
1.79
18 7
18
8.84 0.68
4.22 3.46
6.93 6.09
2.75 5.85
12.45 2.46
3.87 6.54
11.54 5.14
14.79 3.40
0.55 5.23
8.02 1.69
5.60 3.88
17.49 1.98
6.96 5.56
13.02 2.41
4.95 2.98
3.85 3.47
3.03 5.45
15.18 5.42
3.37
9 14
17
3.64 6.52
6.45 12.06
2.41 3.66
7.55 13.38
6.60 8.06
6.63 7.11
4.07 11.18
7.24 7.16
5.15 7.38
3.52 9.39
7.66 7.74
6.15 4.31
6.39 0.91
5.42 3.41
6.43 2.88
1.53 2.85
4.17 12.42
4.15
16 6
8
8.03 2.42
3.95 5.80
1.53 3.00
12.70 2.39
16.20 4.31
12.57 4.95
7.79 6.12
15.42 5.10
3.44
1 12
7
0.50 11.57
0.36 9.71
0.88 5.99
0.83 3.74
1.14 3.86
0.30 0.47
1.13 11.48
2.84
7 7
15
1.17 1.53
4.81 3.95
4.51 6.19
1.50 2.59
1.24 4.57
1.57 1.19
3.09 1.81
2.42 3.90
6.01 3.54
5.66 7.19
1.72 6.01
7.21 2.02
2.48 5.11
3.50 6.24
6.59 0.98
3.65
1 20
15
0.79 19.76
0.61 9.04
0.42 10.68
0.68 15.69
0.77 16.32
1.03 19.73
0.78 2.88
0.84 7.69
1.06 6.16
1.16 1.00
0.30 19.35
0.38 4.65
0.77 0.35
0.38 6.90
0.79 2.17
3.43
1 4
20
0.88 1.87
0.62 1.66
1.23 2.46
0.33 0.41
0.40 1.68
1.08 2.64
0.51 1.98
1.20 0.73
1.14 1.35
1.23 2.58
1.13 0.32
0.65 3.24
1.11 3.76
1.23 3.22
0.58 3.42
0.81 0.38
0.79 2.57
1.15 2.64
0.35 3.49
0.85 0.44
2.76
*
