1 1
1 2
1 3
1 4
1 5
1 6
1 7
1 8
1 9
1 10
1 11
1 12
1 13
1 14
1 15
1 16
1 17
1 18
1 19
1 20
1 21
1 22
1 23
1 24
1 25
1 26
1 27
1 28
1 29
1 30
1 31
1 32
1 33
1 34
1 35
1 36
1 37
1 38
1 39
1 40
1 41
1 42
1 43
1 44
1 45
1 46
1 47
1 48
1 49
1 50
1 51
1 52
1 53
1 54
1 55
1 56
1 57
1 58
1 59
1 60
1 61
1 62
1 63
1 64
1 65
1 66
1 67
1 68
1 69
1 70
1 71
1 72
1 73
1 74
1 75
1 76
1 77
1 78
1 79
1 80
1 81
1 82
1 83
1 84
1 85
1 86
1 87
1 88
1 89
1 90
1 91
1 92
1 93
1 94
1 95
1 96
1 97
1 98
1 99
1 100
1 101
1 102
1 103
1 104
1 105
1 106
1 107
1 108
1 109
1 110
1 111
1 112
1 113
1 114
1 115
1 116
1 117
1 118
1 119
1 120
1 121
1 122
1 123
1 124
1 125
1 126
1 127
1 128
1 129
1 130
1 131
1 132
1 133
1 134
1 135
1 136
1 137
1 138
1 139
1 140
1 141
1 142
1 143
1 144
1 145
1 146
1 147
1 148
1 149
1 150
1 151
1 152
1 153
1 154
1 155
1 156
1 157
1 158
1 159
1 160
1 161
1 162
1 163
1 164
1 165
1 166
1 167
1 168
1 169
1 170
1 171
1 172
1 173
1 174
1 175
1 176
1 177
1 178
1 179
1 180
1 181
1 182
1 183
1 184
1 185
1 186
1 187
1 188
1 189
1 190
1 191
1 192
1 193
1 194
1 195
1 196
1 197
1 198
1 199
1 200
1 201
1 202
1 203
1 204
1 205
1 206
1 207
1 208
1 209
1 210
1 211
1 212
1 213
1 214
1 215
1 216
1 217
1 218
1 219
1 220
1 221
1 222
1 223
1 224
1 225
1 226
1 227
1 228
1 229
1 230
1 231
1 232
1 233
1 234
1 235
1 236
1 237
1 238
1 239
1 240
1 241
1 242
1 243
1 244
1 245
1 246
1 247
1 248
1 249
1 250
1 251
1 252
1 253
1 254
1 255
1 256
1 257
1 258
1 259
1 260
1 261
1 262
1 263
1 264
1 265
1 266
1 267
1 268
1 269
1 270
1 271
1 272
1 273
1 274
1 275
1 276
1 277
1 278
1 279
1 280
1 281
1 282
1 283
1 284
1 285
1 286
1 287
1 288
1 289
1 290
1 291
1 292
1 293
1 294
1 295
1 296
1 297
1 298
1 299
1 300
1 301
1 302
1 303
1 304
1 305
1 306
1 307
1 308
1 309
1 310
1 311
1 312
1 313
1 314
1 315
1 316
1 317
1 318
1 319
1 320
1 321
1 322
1 323
1 324
1 325
1 326
1 327
1 328
1 329
1 330
1 331
1 332
1 333
1 334
1 335
1 336
1 337
1 338
1 339
1 340
1 341
1 342
1 343
1 344
1 345
1 346
1 347
1 348
1 349
1 350
1 351
2 3
2 4
2 5
2 6
2 7
2 8
2 9
2 10
2 11
2 12
2 13
2 14
2 15
2 16
2 17
2 18
2 19
2 20
2 21
2 22
2 23
2 24
2 25
2 26
2 27
2 28
2 29
2 30
2 31
2 32
2 33
2 34
2 35
2 36
2 37
2 38
2 39
2 40
2 41
2 42
2 43
2 44
2 45
2 46
2 47
2 48
2 49
2 50
2 51
2 52
2 53
2 54
2 55
2 56
2 57
2 58
2 59
2 60
2 61
2 62
2 63
2 64
2 65
2 66
2 67
2 68
2 69
2 70
2 71
2 72
2 73
2 74
2 75
2 76
2 77
2 78
2 79
2 80
2 81
2 82
2 83
2 84
2 85
2 86
2 87
2 88
2 89
2 90
2 91
2 92
2 93
2 94
2 95
2 96
2 97
2 98
2 99
2 100
2 101
2 102
2 103
2 104
2 105
2 106
2 107
2 108
2 109
2 110
2 111
2 112
2 113
2 114
2 115
2 116
2 117
2 118
2 119
2 120
2 121
2 122
2 123
2 124
2 125
2 126
2 127
2 128
2 129
2 130
2 131
2 132
2 133
2 134
2 135
2 136
2 137
2 138
2 139
2 140
2 141
2 142
2 143
2 144
2 145
2 146
2 147
2 148
2 149
2 150
2 151
2 152
2 153
2 154
2 155
2 156
2 157
2 158
2 159
2 160
2 161
2 162
2 163
2 164
2 165
2 166
2 167
2 168
2 169
2 170
2 171
2 172
2 173
2 174
2 175
2 176
2 177
2 178
2 179
2 180
2 181
2 182
2 183
2 184
2 185
2 186
2 187
2 188
2 189
2 190
2 191
2 192
2 193
2 194
2 195
2 196
2 197
2 198
2 199
2 200
2 201
2 202
2 203
2 204
2 205
2 206
2 207
2 208
2 209
2 210
2 211
2 212
2 213
2 214
2 215
2 216
2 217
2 218
2 219
2 220
2 221
2 222
2 223
2 224
2 225
2 226
2 227
2 228
2 229
2 230
2 231
2 232
2 233
2 234
2 235
2 236
2 237
2 238
2 239
2 240
2 241
2 242
2 243
2 244
2 245
2 246
2 247
2 248
2 249
2 250
2 251
2 252
2 253
2 254
2 255
2 256
2 257
2 258
2 259
2 260
2 261
2 262
2 263
2 264
2 265
2 266
2 267
2 268
2 269
2 270
2 271
2 272
2 273
2 274
2 275
2 276
2 277
2 278
2 279
2 280
2 281
2 282
2 283
2 284
2 285
2 286
2 287
2 288
2 289
2 290
2 291
2 292
2 293
2 294
2 295
2 296
2 297
2 298
2 299
2 300
2 301
2 302
2 303
2 304
2 305
2 306
2 307
2 308
2 309
2 310
2 311
2 312
2 313
2 314
2 315
2 316
2 317
2 318
2 319
2 320
2 321
2 322
2 323
2 324
2 325
2 326
2 327
2 328
2 329
2 330
2 331
2 332
2 333
2 334
2 335
2 336
2 337
2 338
2 339
2 340
2 341
2 342
2 343
2 344
2 345
2 346
2 347
2 348
2 349
2 350
2 351
3 6
3 7
3 8
3 9
3 10
3 11
3 12
3 13
3 14
3 15
3 16
3 17
3 18
3 19
3 20
3 21
3 22
3 23
3 24
3 25
3 26
3 27
3 28
3 29
3 30
3 31
3 32
3 33
3 34
3 35
3 36
3 37
3 38
3 39
3 40
3 41
3 42
3 43
3 44
3 45
3 46
3 47
3 48
3 49
3 50
3 51
3 52
3 53
3 54
3 55
3 56
3 57
3 58
3 59
3 60
3 61
3 62
3 63
3 64
3 65
3 66
3 67
3 68
3 69
3 70
3 71
3 72
3 73
3 74
3 75
3 76
3 77
3 78
3 79
3 80
3 81
3 82
3 83
3 84
3 85
3 86
3 87
3 88
3 89
3 90
3 91
3 92
3 93
3 94
3 95
3 96
3 97
3 98
3 99
3 100
3 101
3 102
3 103
3 104
3 105
3 106
3 107
3 108
3 109
3 110
3 111
3 112
3 113
3 114
3 115
3 116
3 117
3 118
3 119
3 120
3 121
3 122
3 123
3 124
3 125
3 126
3 127
3 128
3 129
3 130
3 131
3 132
3 133
3 134
3 135
3 136
3 137
3 138
3 139
3 140
3 141
3 142
3 143
3 144
3 145
3 146
3 147
3 148
3 149
3 150
3 151
3 152
3 153
3 154
3 155
3 156
3 157
3 158
3 159
3 160
3 161
3 162
3 163
3 164
3 165
3 166
3 167
3 168
3 169
3 170
3 171
3 172
3 173
3 174
3 175
3 176
3 177
3 178
3 179
3 180
3 181
3 182
3 183
3 184
3 185
3 186
3 187
3 188
3 189
3 190
3 191
3 192
3 193
3 194
3 195
3 196
3 197
3 198
3 199
3 200
3 201
3 202
3 203
3 204
3 205
3 206
3 207
3 208
3 209
3 210
3 211
3 212
3 213
3 214
3 215
3 216
3 217
3 218
3 219
3 220
3 221
3 222
3 223
3 224
3 225
3 226
3 227
3 228
3 229
3 230
3 231
3 232
3 233
3 234
3 235
3 236
3 237
3 238
3 239
3 240
3 241
3 242
3 243
3 244
3 245
3 246
3 247
3 248
3 249
3 250
3 251
3 252
3 253
3 254
3 255
3 256
3 257
3 258
3 259
3 260
3 261
3 262
3 263
3 264
3 265
3 266
3 267
3 268
3 269
3 270
3 271
3 272
3 273
3 274
3 275
3 276
3 277
3 278
3 279
3 280
3 281
3 282
3 283
3 284
3 285
3 286
3 287
3 288
3 289
3 290
3 291
3 292
3 293
3 294
3 295
3 296
3 297
3 298
3 299
3 300
3 301
3 302
3 303
3 304
3 305
3 306
3 307
3 308
3 309
3 310
3 311
3 312
3 313
3 314
3 315
3 316
3 317
3 318
3 319
3 320
3 321
3 322
3 323
3 324
3 325
3 326
3 327
3 328
3 329
3 330
3 331
3 332
3 333
3 334
3 335
3 336
3 337
3 338
3 339
3 340
3 341
3 342
3 343
3 344
3 345
3 346
3 347
3 348
3 349
3 350
3 351
4 10
4 11
4 12
4 13
4 14
4 15
4 16
4 17
4 18
4 19
4 20
4 21
4 22
4 23
4 24
4 25
4 26
4 27
4 28
4 29
4 30
4 31
4 32
4 33
4 34
4 35
4 36
4 37
4 38
4 39
4 40
4 41
4 42
4 43
4 44
4 45
4 46
4 47
4 48
4 49
4 50
4 51
4 52
4 53
4 54
4 55
4 56
4 57
4 58
4 59
4 60
4 61
4 62
4 63
4 64
4 65
4 66
4 67
4 68
4 69
4 70
4 71
4 72
4 73
4 74
4 75
4 76
4 77
4 78
4 79
4 80
4 81
4 82
4 83
4 84
4 85
4 86
4 87
4 88
4 89
4 90
4 91
4 92
4 93
4 94
4 95
4 96
4 97
4 98
4 99
4 100
4 101
4 102
4 103
4 104
4 105
4 106
4 107
4 108
4 109
4 110
4 111
4 112
4 113
4 114
4 115
4 116
4 117
4 118
4 119
4 120
4 121
4 122
4 123
4 124
4 125
4 126
4 127
4 128
4 129
4 130
4 131
4 132
4 133
4 134
4 135
4 136
4 137
4 138
4 139
4 140
4 141
4 142
4 143
4 144
4 145
4 146
4 147
4 148
4 149
4 150
4 151
4 152
4 153
4 154
4 155
4 156
4 157
4 158
4 159
4 160
4 161
4 162
4 163
4 164
4 165
4 166
4 167
4 168
4 169
4 170
4 171
4 172
4 173
4 174
4 175
4 176
4 177
4 178
4 179
4 180
4 181
4 182
4 183
4 184
4 185
4 186
4 187
4 188
4 189
4 190
4 191
4 192
4 193
4 194
4 195
4 196
4 197
4 198
4 199
4 200
4 201
4 202
4 203
4 204
4 205
4 206
4 207
4 208
4 209
4 210
4 211
4 212
4 213
4 214
4 215
4 216
4 217
4 218
4 219
4 220
4 221
4 222
4 223
4 224
4 225
4 226
4 227
4 228
4 229
4 230
4 231
4 232
4 233
4 234
4 235
4 236
4 237
4 238
4 239
4 240
4 241
4 242
4 243
4 244
4 245
4 246
4 247
4 248
4 249
4 250
4 251
4 252
4 253
4 254
4 255
4 256
4 257
4 258
4 259
4 260
4 261
4 262
4 263
4 264
4 265
4 266
4 267
4 268
4 269
4 270
4 271
4 272
4 273
4 274
4 275
4 276
4 277
4 278
4 279
4 280
4 281
4 282
4 283
4 284
4 285
4 286
4 287
4 288
4 289
4 290
4 291
4 292
4 293
4 294
4 295
4 296
4 297
4 298
4 299
4 300
4 301
4 302
4 303
4 304
4 305
4 306
4 307
4 308
4 309
4 310
4 311
4 312
4 313
4 314
4 315
4 316
4 317
4 318
4 319
4 320
4 321
4 322
4 323
4 324
4 325
4 326
4 327
4 328
4 329
4 330
4 331
4 332
4 333
4 334
4 335
4 336
4 337
4 338
4 339
4 340
4 341
4 342
4 343
4 344
4 345
4 346
4 347
4 348
4 349
4 350
4 351
5 15
5 16
5 17
5 18
5 19
5 20
5 21
5 22
5 23
5 24
5 25
5 26
5 27
5 28
5 29
5 30
5 31
5 32
5 33
5 34
5 35
5 36
5 37
5 38
5 39
5 40
5 41
5 42
5 43
5 44
5 45
5 46
5 47
5 48
5 49
5 50
5 51
5 52
5 53
5 54
5 55
5 56
5 57
5 58
5 59
5 60
5 61
5 62
5 63
5 64
5 65
5 66
5 67
5 68
5 69
5 70
5 71
5 72
5 73
5 74
5 75
5 76
5 77
5 78
5 79
5 80
5 81
5 82
5 83
5 84
5 85
5 86
5 87
5 88
5 89
5 90
5 91
5 92
5 93
5 94
5 95
5 96
5 97
5 98
5 99
5 100
5 101
5 102
5 103
5 104
5 105
5 106
5 107
5 108
5 109
5 110
5 111
5 112
5 113
5 114
5 115
5 116
5 117
5 118
5 119
5 120
5 121
5 122
5 123
5 124
5 125
5 126
5 127
5 128
5 129
5 130
5 131
5 132
5 133
5 134
5 135
5 136
5 137
5 138
5 139
5 140
5 141
5 142
5 143
5 144
5 145
5 146
5 147
5 148
5 149
5 150
5 151
5 152
5 153
5 154
5 155
5 156
5 157
5 158
5 159
5 160
5 161
5 162
5 163
5 164
5 165
5 166
5 167
5 168
5 169
5 170
5 171
5 172
5 173
5 174
5 175
5 176
5 177
5 178
5 179
5 180
5 181
5 182
5 183
5 184
5 185
5 186
5 187
5 188
5 189
5 190
5 191
5 192
5 193
5 194
5 195
5 196
5 197
5 198
5 199
5 200
5 201
5 202
5 203
5 204
5 205
5 206
5 207
5 208
5 209
5 210
5 211
5 212
5 213
5 214
5 215
5 216
5 217
5 218
5 219
5 220
5 221
5 222
5 223
5 224
5 225
5 226
5 227
5 228
5 229
5 230
5 231
5 232
5 233
5 234
5 235
5 236
5 237
5 238
5 239
5 240
5 241
5 242
5 243
5 244
5 245
5 246
5 247
5 248
5 249
5 250
5 251
5 252
5 253
5 254
5 255
5 256
5 257
5 258
5 259
5 260
5 261
5 262
5 263
5 264
5 265
5 266
5 267
5 268
5 269
5 270
5 271
5 272
5 273
5 274
5 275
5 276
5 277
5 278
5 279
5 280
5 281
5 282
5 283
5 284
5 285
5 286
5 287
5 288
5 289
5 290
5 291
5 292
5 293
5 294
5 295
5 296
5 297
5 298
5 299
5 300
5 301
5 302
5 303
5 304
5 305
5 306
5 307
5 308
5 309
5 310
5 311
5 312
5 313
5 314
5 315
5 316
5 317
5 318
5 319
5 320
5 321
5 322
5 323
5 324
5 325
5 326
5 327
5 328
5 329
5 330
5 331
5 332
5 333
5 334
5 335
5 336
5 337
5 338
5 339
5 340
5 341
5 342
5 343
5 344
5 345
5 346
5 347
5 348
5 349
5 350
5 351
6 21
6 22
6 23
6 24
6 25
6 26
6 27
6 28
6 29
6 30
6 31
6 32
6 33
6 34
6 35
6 36
6 37
6 38
6 39
6 40
6 41
6 42
6 43
6 44
6 45
6 46
6 47
6 48
6 49
6 50
6 51
6 52
6 53
6 54
6 55
6 56
6 57
6 58
6 59
6 60
6 61
6 62
6 63
6 64
6 65
6 66
6 67
6 68
6 69
6 70
6 71
6 72
6 73
6 74
6 75
6 76
6 77
6 78
6 79
6 80
6 81
6 82
6 83
6 84
6 85
6 86
6 87
6 88
6 89
6 90
6 91
6 92
6 93
6 94
6 95
6 96
6 97
6 98
6 99
6 100
6 101
6 102
6 103
6 104
6 105
6 106
6 107
6 108
6 109
6 110
6 111
6 112
6 113
6 114
6 115
6 116
6 117
6 118
6 119
6 120
6 121
6 122
6 123
6 124
6 125
6 126
6 127
6 128
6 129
6 130
6 131
6 132
6 133
6 134
6 135
6 136
6 137
6 138
6 139
6 140
6 141
6 142
6 143
6 144
6 145
6 146
6 147
6 148
6 149
6 150
6 151
6 152
6 153
6 154
6 155
6 156
6 157
6 158
6 159
6 160
6 161
6 162
6 163
6 164
6 165
6 166
6 167
6 168
6 169
6 170
6 171
6 172
6 173
6 174
6 175
6 176
6 177
6 178
6 179
6 180
6 181
6 182
6 183
6 184
6 185
6 186
6 187
6 188
6 189
6 190
6 191
6 192
6 193
6 194
6 195
6 196
6 197
6 198
6 199
6 200
6 201
6 202
6 203
6 204
6 205
6 206
6 207
6 208
6 209
6 210
6 211
6 212
6 213
6 214
6 215
6 216
6 217
6 218
6 219
6 220
6 221
6 222
6 223
6 224
6 225
6 226
6 227
6 228
6 229
6 230
6 231
6 232
6 233
6 234
6 235
6 236
6 237
6 238
6 239
6 240
6 241
6 242
6 243
6 244
6 245
6 246
6 247
6 248
6 249
6 250
6 251
6 252
6 253
6 254
6 255
6 256
6 257
6 258
6 259
6 260
6 261
6 262
6 263
6 264
6 265
6 266
6 267
6 268
6 269
6 270
6 271
6 272
6 273
6 274
6 275
6 276
6 277
6 278
6 279
6 280
6 281
6 282
6 283
6 284
6 285
6 286
6 287
6 288
6 289
6 290
6 291
6 292
6 293
6 294
6 295
6 296
6 297
6 298
6 299
6 300
6 301
6 302
6 303
6 304
6 305
6 306
6 307
6 308
6 309
6 310
6 311
6 312
6 313
6 314
6 315
6 316
6 317
6 318
6 319
6 320
6 321
6 322
6 323
6 324
6 325
6 326
6 327
6 328
6 329
6 330
6 331
6 332
6 333
6 334
6 335
6 336
6 337
6 338
6 339
6 340
6 341
6 342
6 343
6 344
6 345
6 346
6 347
6 348
6 349
6 350
6 351
7 28
7 29
7 30
7 31
7 32
7 33
7 34
7 35
7 36
7 37
7 38
7 39
7 40
7 41
7 42
7 43
7 44
7 45
7 46
7 47
7 48
7 49
7 50
7 51
7 52
7 53
7 54
7 55
7 56
7 57
7 58
7 59
7 60
7 61
7 62
7 63
7 64
7 65
7 66
7 67
7 68
7 69
7 70
7 71
7 72
7 73
7 74
7 75
7 76
7 77
7 78
7 79
7 80
7 81
7 82
7 83
7 84
7 85
7 86
7 87
7 88
7 89
7 90
7 91
7 92
7 93
7 94
7 95
7 96
7 97
7 98
7 99
7 100
7 101
7 102
7 103
7 104
7 105
7 106
7 107
7 108
7 109
7 110
7 111
7 112
7 113
7 114
7 115
7 116
7 117
7 118
7 119
7 120
7 121
7 122
7 123
7 124
7 125
7 126
7 127
7 128
7 129
7 130
7 131
7 132
7 133
7 134
7 135
7 136
7 137
7 138
7 139
7 140
7 141
7 142
7 143
7 144
7 145
7 146
7 147
7 148
7 149
7 150
7 151
7 152
7 153
7 154
7 155
7 156
7 157
7 158
7 159
7 160
7 161
7 162
7 163
7 164
7 165
7 166
7 167
7 168
7 169
7 170
7 171
7 172
7 173
7 174
7 175
7 176
7 177
7 178
7 179
7 180
7 181
7 182
7 183
7 184
7 185
7 186
7 187
7 188
7 189
7 190
7 191
7 192
7 193
7 194
7 195
7 196
7 197
7 198
7 199
7 200
7 201
7 202
7 203
7 204
7 205
7 206
7 207
7 208
7 209
7 210
7 211
7 212
7 213
7 214
7 215
7 216
7 217
7 218
7 219
7 220
7 221
7 222
7 223
7 224
7 225
7 226
7 227
7 228
7 229
7 230
7 231
7 232
7 233
7 234
7 235
7 236
7 237
7 238
7 239
7 240
7 241
7 242
7 243
7 244
7 245
7 246
7 247
7 248
7 249
7 250
7 251
7 252
7 253
7 254
7 255
7 256
7 257
7 258
7 259
7 260
7 261
7 262
7 263
7 264
7 265
7 266
7 267
7 268
7 269
7 270
7 271
7 272
7 273
7 274
7 275
7 276
7 277
7 278
7 279
7 280
7 281
7 282
7 283
7 284
7 285
7 286
7 287
7 288
7 289
7 290
7 291
7 292
7 293
7 294
7 295
7 296
7 297
7 298
7 299
7 300
7 301
7 302
7 303
7 304
7 305
7 306
7 307
7 308
7 309
7 310
7 311
7 312
7 313
7 314
7 315
7 316
7 317
7 318
7 319
7 320
7 321
7 322
7 323
7 324
7 325
7 326
7 327
7 328
7 329
7 330
7 331
7 332
7 333
7 334
7 335
7 336
7 337
7 338
7 339
7 340
7 341
7 342
7 343
7 344
7 345
7 346
7 347
7 348
7 349
7 350
7 351
8 36
8 37
8 38
8 39
8 40
8 41
8 42
8 43
8 44
8 45
8 46
8 47
8 48
8 49
8 50
8 51
8 52
8 53
8 54
8 55
8 56
8 57
8 58
8 59
8 60
8 61
8 62
8 63
8 64
8 65
8 66
8 67
8 68
8 69
8 70
8 71
8 72
8 73
8 74
8 75
8 76
8 77
8 78
8 79
8 80
8 81
8 82
8 83
8 84
8 85
8 86
8 87
8 88
8 89
8 90
8 91
8 92
8 93
8 94
8 95
8 96
8 97
8 98
8 99
8 100
8 101
8 102
8 103
8 104
8 105
8 106
8 107
8 108
8 109
8 110
8 111
8 112
8 113
8 114
8 115
8 116
8 117
8 118
8 119
8 120
8 121
8 122
8 123
8 124
8 125
8 126
8 127
8 128
8 129
8 130
8 131
8 132
8 133
8 134
8 135
8 136
8 137
8 138
8 139
8 140
8 141
8 142
8 143
8 144
8 145
8 146
8 147
8 148
8 149
8 150
8 151
8 152
8 153
8 154
8 155
8 156
8 157
8 158
8 159
8 160
8 161
8 162
8 163
8 164
8 165
8 166
8 167
8 168
8 169
8 170
8 171
8 172
8 173
8 174
8 175
8 176
8 177
8 178
8 179
8 180
8 181
8 182
8 183
8 184
8 185
8 186
8 187
8 188
8 189
8 190
8 191
8 192
8 193
8 194
8 195
8 196
8 197
8 198
8 199
8 200
8 201
8 202
8 203
8 204
8 205
8 206
8 207
8 208
8 209
8 210
8 211
8 212
8 213
8 214
8 215
8 216
8 217
8 218
8 219
8 220
8 221
8 222
8 223
8 224
8 225
8 226
8 227
8 228
8 229
8 230
8 231
8 232
8 233
8 234
8 235
8 236
8 237
8 238
8 239
8 240
8 241
8 242
8 243
8 244
8 245
8 246
8 247
8 248
8 249
8 250
8 251
8 252
8 253
8 254
8 255
8 256
8 257
8 258
8 259
8 260
8 261
8 262
8 263
8 264
8 265
8 266
8 267
8 268
8 269
8 270
8 271
8 272
8 273
8 274
8 275
8 276
8 277
8 278
8 279
8 280
8 281
8 282
8 283
8 284
8 285
8 286
8 287
8 288
8 289
8 290
8 291
8 292
8 293
8 294
8 295
8 296
8 297
8 298
8 299
8 300
8 301
8 302
8 303
8 304
8 305
8 306
8 307
8 308
8 309
8 310
8 311
8 312
8 313
8 314
8 315
8 316
8 317
8 318
8 319
8 320
8 321
8 322
8 323
8 324
8 325
8 326
8 327
8 328
8 329
8 330
8 331
8 332
8 333
8 334
8 335
8 336
8 337
8 338
8 339
8 340
8 341
8 342
8 343
8 344
8 345
8 346
8 347
8 348
8 349
8 350
8 351
9 45
9 46
9 47
9 48
9 49
9 50
9 51
9 52
9 53
9 54
9 55
9 56
9 57
9 58
9 59
9 60
9 61
9 62
9 63
9 64
9 65
9 66
9 67
9 68
9 69
9 70
9 71
9 72
9 73
9 74
9 75
9 76
9 77
9 78
9 79
9 80
9 81
9 82
9 83
9 84
9 85
9 86
9 87
9 88
9 89
9 90
9 91
9 92
9 93
9 94
9 95
9 96
9 97
9 98
9 99
9 100
9 101
9 102
9 103
9 104
9 105
9 106
9 107
9 108
9 109
9 110
9 111
9 112
9 113
9 114
9 115
9 116
9 117
9 118
9 119
9 120
9 121
9 122
9 123
9 124
9 125
9 126
9 127
9 128
9 129
9 130
9 131
9 132
9 133
9 134
9 135
9 136
9 137
9 138
9 139
9 140
9 141
9 142
9 143
9 144
9 145
9 146
9 147
9 148
9 149
9 150
9 151
9 152
9 153
9 154
9 155
9 156
9 157
9 158
9 159
9 160
9 161
9 162
9 163
9 164
9 165
9 166
9 167
9 168
9 169
9 170
9 171
9 172
9 173
9 174
9 175
9 176
9 177
9 178
9 179
9 180
9 181
9 182
9 183
9 184
9 185
9 186
9 187
9 188
9 189
9 190
9 191
9 192
9 193
9 194
9 195
9 196
9 197
9 198
9 199
9 200
9 201
9 202
9 203
9 204
9 205
9 206
9 207
9 208
9 209
9 210
9 211
9 212
9 213
9 214
9 215
9 216
9 217
9 218
9 219
9 220
9 221
9 222
9 223
9 224
9 225
9 226
9 227
9 228
9 229
9 230
9 231
9 232
9 233
9 234
9 235
9 236
9 237
9 238
9 239
9 240
9 241
9 242
9 243
9 244
9 245
9 246
9 247
9 248
9 249
9 250
9 251
9 252
9 253
9 254
9 255
9 256
9 257
9 258
9 259
9 260
9 261
9 262
9 263
9 264
9 265
9 266
9 267
9 268
9 269
9 270
9 271
9 272
9 273
9 274
9 275
9 276
9 277
9 278
9 279
9 280
9 281
9 282
9 283
9 284
9 285
9 286
9 287
9 288
9 289
9 290
9 291
9 292
9 293
9 294
9 295
9 296
9 297
9 298
9 299
9 300
9 301
9 302
9 303
9 304
9 305
9 306
9 307
9 308
9 309
9 310
9 311
9 312
9 313
9 314
9 315
9 316
9 317
9 318
9 319
9 320
9 321
9 322
9 323
9 324
9 325
9 326
9 327
9 328
9 329
9 330
9 331
9 332
9 333
9 334
9 335
9 336
9 337
9 338
9 339
9 340
9 341
9 342
9 343
9 344
9 345
9 346
9 347
9 348
9 349
9 350
9 351
10 55
10 56
10 57
10 58
10 59
10 60
10 61
10 62
10 63
10 64
10 65
10 66
10 67
10 68
10 69
10 70
10 71
10 72
10 73
10 74
10 75
10 76
10 77
10 78
10 79
10 80
10 81
10 82
10 83
10 84
10 85
10 86
10 87
10 88
10 89
10 90
10 91
10 92
10 93
10 94
10 95
10 96
10 97
10 98
10 99
10 100
10 101
10 102
10 103
10 104
10 105
10 106
10 107
10 108
10 109
10 110
10 111
10 112
10 113
10 114
10 115
10 116
10 117
10 118
10 119
10 120
10 121
10 122
10 123
10 124
10 125
10 126
10 127
10 128
10 129
10 130
10 131
10 132
10 133
10 134
10 135
10 136
10 137
10 138
10 139
10 140
10 141
10 142
10 143
10 144
10 145
10 146
10 147
10 148
10 149
10 150
10 151
10 152
10 153
10 154
10 155
10 156
10 157
10 158
10 159
10 160
10 161
10 162
10 163
10 164
10 165
10 166
10 167
10 168
10 169
10 170
10 171
10 172
10 173
10 174
10 175
10 176
10 177
10 178
10 179
10 180
10 181
10 182
10 183
10 184
10 185
10 186
10 187
10 188
10 189
10 190
10 191
10 192
10 193
10 194
10 195
10 196
10 197
10 198
10 199
10 200
10 201
10 202
10 203
10 204
10 205
10 206
10 207
10 208
10 209
10 210
10 211
10 212
10 213
10 214
10 215
10 216
10 217
10 218
10 219
10 220
10 221
10 222
10 223
10 224
10 225
10 226
10 227
10 228
10 229
10 230
10 231
10 232
10 233
10 234
10 235
10 236
10 237
10 238
10 239
10 240
10 241
10 242
10 243
10 244
10 245
10 246
10 247
10 248
10 249
10 250
10 251
10 252
10 253
10 254
10 255
10 256
10 257
10 258
10 259
10 260
10 261
10 262
10 263
10 264
10 265
10 266
10 267
10 268
10 269
10 270
10 271
10 272
10 273
10 274
10 275
10 276
10 277
10 278
10 279
10 280
10 281
10 282
10 283
10 284
10 285
10 286
10 287
10 288
10 289
10 290
10 291
10 292
10 293
10 294
10 295
10 296
10 297
10 298
10 299
10 300
10 301
10 302
10 303
10 304
10 305
10 306
10 307
10 308
10 309
10 310
10 311
10 312
10 313
10 314
10 315
10 316
10 317
10 318
10 319
10 320
10 321
10 322
10 323
10 324
10 325
10 326
10 327
10 328
10 329
10 330
10 331
10 332
10 333
10 334
10 335
10 336
10 337
10 338
10 339
10 340
10 341
10 342
10 343
10 344
10 345
10 346
10 347
10 348
10 349
10 350
10 351
11 66
11 67
11 68
11 69
11 70
11 71
11 72
11 73
11 74
11 75
11 76
11 77
11 78
11 79
11 80
11 81
11 82
11 83
11 84
11 85
11 86
11 87
11 88
11 89
11 90
11 91
11 92
11 93
11 94
11 95
11 96
11 97
11 98
11 99
11 100
11 101
11 102
11 103
11 104
11 105
11 106
11 107
11 108
11 109
11 110
11 111
11 112
11 113
11 114
11 115
11 116
11 117
11 118
11 119
11 120
11 121
11 122
11 123
11 124
11 125
11 126
11 127
11 128
11 129
11 130
11 131
11 132
11 133
11 134
11 135
11 136
11 137
11 138
11 139
11 140
11 141
11 142
11 143
11 144
11 145
11 146
11 147
11 148
11 149
11 150
11 151
11 152
11 153
11 154
11 155
11 156
11 157
11 158
11 159
11 160
11 161
11 162
11 163
11 164
11 165
11 166
11 167
11 168
11 169
11 170
11 171
11 172
11 173
11 174
11 175
11 176
11 177
11 178
11 179
11 180
11 181
11 182
11 183
11 184
11 185
11 186
11 187
11 188
11 189
11 190
11 191
11 192
11 193
11 194
11 195
11 196
11 197
11 198
11 199
11 200
11 201
11 202
11 203
11 204
11 205
11 206
11 207
11 208
11 209
11 210
11 211
11 212
11 213
11 214
11 215
11 216
11 217
11 218
11 219
11 220
11 221
11 222
11 223
11 224
11 225
11 226
11 227
11 228
11 229
11 230
11 231
11 232
11 233
11 234
11 235
11 236
11 237
11 238
11 239
11 240
11 241
11 242
11 243
11 244
11 245
11 246
11 247
11 248
11 249
11 250
11 251
11 252
11 253
11 254
11 255
11 256
11 257
11 258
11 259
11 260
11 261
11 262
11 263
11 264
11 265
11 266
11 267
11 268
11 269
11 270
11 271
11 272
11 273
11 274
11 275
11 276
11 277
11 278
11 279
11 280
11 281
11 282
11 283
11 284
11 285
11 286
11 287
11 288
11 289
11 290
11 291
11 292
11 293
11 294
11 295
11 296
11 297
11 298
11 299
11 300
11 301
11 302
11 303
11 304
11 305
11 306
11 307
11 308
11 309
11 310
11 311
11 312
11 313
11 314
11 315
11 316
11 317
11 318
11 319
11 320
11 321
11 322
11 323
11 324
11 325
11 326
11 327
11 328
11 329
11 330
11 331
11 332
11 333
11 334
11 335
11 336
11 337
11 338
11 339
11 340
11 341
11 342
11 343
11 344
11 345
11 346
11 347
11 348
11 349
11 350
11 351
12 78
12 79
12 80
12 81
12 82
12 83
12 84
12 85
12 86
12 87
12 88
12 89
12 90
12 91
12 92
12 93
12 94
12 95
12 96
12 97
12 98
12 99
12 100
12 101
12 102
12 103
12 104
12 105
12 106
12 107
12 108
12 109
12 110
12 111
12 112
12 113
12 114
12 115
12 116
12 117
12 118
12 119
12 120
12 121
12 122
12 123
12 124
12 125
12 126
12 127
12 128
12 129
12 130
12 131
12 132
12 133
12 134
12 135
12 136
12 137
12 138
12 139
12 140
12 141
12 142
12 143
12 144
12 145
12 146
12 147
12 148
12 149
12 150
12 151
12 152
12 153
12 154
12 155
12 156
12 157
12 158
12 159
12 160
12 161
12 162
12 163
12 164
12 165
12 166
12 167
12 168
12 169
12 170
12 171
12 172
12 173
12 174
12 175
12 176
12 177
12 178
12 179
12 180
12 181
12 182
12 183
12 184
12 185
12 186
12 187
12 188
12 189
12 190
12 191
12 192
12 193
12 194
12 195
12 196
12 197
12 198
12 199
12 200
12 201
12 202
12 203
12 204
12 205
12 206
12 207
12 208
12 209
12 210
12 211
12 212
12 213
12 214
12 215
12 216
12 217
12 218
12 219
12 220
12 221
12 222
12 223
12 224
12 225
12 226
12 227
12 228
12 229
12 230
12 231
12 232
12 233
12 234
12 235
12 236
12 237
12 238
12 239
12 240
12 241
12 242
12 243
12 244
12 245
12 246
12 247
12 248
12 249
12 250
12 251
12 252
12 253
12 254
12 255
12 256
12 257
12 258
12 259
12 260
12 261
12 262
12 263
12 264
12 265
12 266
12 267
12 268
12 269
12 270
12 271
12 272
12 273
12 274
12 275
12 276
12 277
12 278
12 279
12 280
12 281
12 282
12 283
12 284
12 285
12 286
12 287
12 288
12 289
12 290
12 291
12 292
12 293
12 294
12 295
12 296
12 297
12 298
12 299
12 300
12 301
12 302
12 303
12 304
12 305
12 306
12 307
12 308
12 309
12 310
12 311
12 312
12 313
12 314
12 315
12 316
12 317
12 318
12 319
12 320
12 321
12 322
12 323
12 324
12 325
12 326
12 327
12 328
12 329
12 330
12 331
12 332
12 333
12 334
12 335
12 336
12 337
12 338
12 339
12 340
12 341
12 342
12 343
12 344
12 345
12 346
12 347
12 348
12 349
12 350
12 351
13 91
13 92
13 93
13 94
13 95
13 96
13 97
13 98
13 99
13 100
13 101
13 102
13 103
13 104
13 105
13 106
13 107
13 108
13 109
13 110
13 111
13 112
13 113
13 114
13 115
13 116
13 117
13 118
13 119
13 120
13 121
13 122
13 123
13 124
13 125
13 126
13 127
13 128
13 129
13 130
13 131
13 132
13 133
13 134
13 135
13 136
13 137
13 138
13 139
13 140
13 141
13 142
13 143
13 144
13 145
13 146
13 147
13 148
13 149
13 150
13 151
13 152
13 153
13 154
13 155
13 156
13 157
13 158
13 159
13 160
13 161
13 162
13 163
13 164
13 165
13 166
13 167
13 168
13 169
13 170
13 171
13 172
13 173
13 174
13 175
13 176
13 177
13 178
13 179
13 180
13 181
13 182
13 183
13 184
13 185
13 186
13 187
13 188
13 189
13 190
13 191
13 192
13 193
13 194
13 195
13 196
13 197
13 198
13 199
13 200
13 201
13 202
13 203
13 204
13 205
13 206
13 207
13 208
13 209
13 210
13 211
13 212
13 213
13 214
13 215
13 216
13 217
13 218
13 219
13 220
13 221
13 222
13 223
13 224
13 225
13 226
13 227
13 228
13 229
13 230
13 231
13 232
13 233
13 234
13 235
13 236
13 237
13 238
13 239
13 240
13 241
13 242
13 243
13 244
13 245
13 246
13 247
13 248
13 249
13 250
13 251
13 252
13 253
13 254
13 255
13 256
13 257
13 258
13 259
13 260
13 261
13 262
13 263
13 264
13 265
13 266
13 267
13 268
13 269
13 270
13 271
13 272
13 273
13 274
13 275
13 276
13 277
13 278
13 279
13 280
13 281
13 282
13 283
13 284
13 285
13 286
13 287
13 288
13 289
13 290
13 291
13 292
13 293
13 294
13 295
13 296
13 297
13 298
13 299
13 300
13 301
13 302
13 303
13 304
13 305
13 306
13 307
13 308
13 309
13 310
13 311
13 312
13 313
13 314
13 315
13 316
13 317
13 318
13 319
13 320
13 321
13 322
13 323
13 324
13 325
13 326
13 327
13 328
13 329
13 330
13 331
13 332
13 333
13 334
13 335
13 336
13 337
13 338
13 339
13 340
13 341
13 342
13 343
13 344
13 345
13 346
13 347
13 348
13 349
13 350
13 351
14 105
14 106
14 107
14 108
14 109
14 110
14 111
14 112
14 113
14 114
14 115
14 116
14 117
14 118
14 119
14 120
14 121
14 122
14 123
14 124
14 125
14 126
14 127
14 128
14 129
14 130
14 131
14 132
14 133
14 134
14 135
14 136
14 137
14 138
14 139
14 140
14 141
14 142
14 143
14 144
14 145
14 146
14 147
14 148
14 149
14 150
14 151
14 152
14 153
14 154
14 155
14 156
14 157
14 158
14 159
14 160
14 161
14 162
14 163
14 164
14 165
14 166
14 167
14 168
14 169
14 170
14 171
14 172
14 173
14 174
14 175
14 176
14 177
14 178
14 179
14 180
14 181
14 182
14 183
14 184
14 185
14 186
14 187
14 188
14 189
14 190
14 191
14 192
14 193
14 194
14 195
14 196
14 197
14 198
14 199
14 200
14 201
14 202
14 203
14 204
14 205
14 206
14 207
14 208
14 209
14 210
14 211
14 212
14 213
14 214
14 215
14 216
14 217
14 218
14 219
14 220
14 221
14 222
14 223
14 224
14 225
14 226
14 227
14 228
14 229
14 230
14 231
14 232
14 233
14 234
14 235
14 236
14 237
14 238
14 239
14 240
14 241
14 242
14 243
14 244
14 245
14 246
14 247
14 248
14 249
14 250
14 251
14 252
14 253
14 254
14 255
14 256
14 257
14 258
14 259
14 260
14 261
14 262
14 263
14 264
14 265
14 266
14 267
14 268
14 269
14 270
14 271
14 272
14 273
14 274
14 275
14 276
14 277
14 278
14 279
14 280
14 281
14 282
14 283
14 284
14 285
14 286
14 287
14 288
14 289
14 290
14 291
14 292
14 293
14 294
14 295
14 296
14 297
14 298
14 299
14 300
14 301
14 302
14 303
14 304
14 305
14 306
14 307
14 308
14 309
14 310
14 311
14 312
14 313
14 314
14 315
14 316
14 317
14 318
14 319
14 320
14 321
14 322
14 323
14 324
14 325
14 326
14 327
14 328
14 329
14 330
14 331
14 332
14 333
14 334
14 335
14 336
14 337
14 338
14 339
14 340
14 341
14 342
14 343
14 344
14 345
14 346
14 347
14 348
14 349
14 350
14 351
15 120
15 121
15 122
15 123
15 124
15 125
15 126
15 127
15 128
15 129
15 130
15 131
15 132
15 133
15 134
15 135
15 136
15 137
15 138
15 139
15 140
15 141
15 142
15 143
15 144
15 145
15 146
15 147
15 148
15 149
15 150
15 151
15 152
15 153
15 154
15 155
15 156
15 157
15 158
15 159
15 160
15 161
15 162
15 163
15 164
15 165
15 166
15 167
15 168
15 169
15 170
15 171
15 172
15 173
15 174
15 175
15 176
15 177
15 178
15 179
15 180
15 181
15 182
15 183
15 184
15 185
15 186
15 187
15 188
15 189
15 190
15 191
15 192
15 193
15 194
15 195
15 196
15 197
15 198
15 199
15 200
15 201
15 202
15 203
15 204
15 205
15 206
15 207
15 208
15 209
15 210
15 211
15 212
15 213
15 214
15 215
15 216
15 217
15 218
15 219
15 220
15 221
15 222
15 223
15 224
15 225
15 226
15 227
15 228
15 229
15 230
15 231
15 232
15 233
15 234
15 235
15 236
15 237
15 238
15 239
15 240
15 241
15 242
15 243
15 244
15 245
15 246
15 247
15 248
15 249
15 250
15 251
15 252
15 253
15 254
15 255
15 256
15 257
15 258
15 259
15 260
15 261
15 262
15 263
15 264
15 265
15 266
15 267
15 268
15 269
15 270
15 271
15 272
15 273
15 274
15 275
15 276
15 277
15 278
15 279
15 280
15 281
15 282
15 283
15 284
15 285
15 286
15 287
15 288
15 289
15 290
15 291
15 292
15 293
15 294
15 295
15 296
15 297
15 298
15 299
15 300
15 301
15 302
15 303
15 304
15 305
15 306
15 307
15 308
15 309
15 310
15 311
15 312
15 313
15 314
15 315
15 316
15 317
15 318
15 319
15 320
15 321
15 322
15 323
15 324
15 325
15 326
15 327
15 328
15 329
15 330
15 331
15 332
15 333
15 334
15 335
15 336
15 337
15 338
15 339
15 340
15 341
15 342
15 343
15 344
15 345
15 346
15 347
15 348
15 349
15 350
15 351
16 136
16 137
16 138
16 139
16 140
16 141
16 142
16 143
16 144
16 145
16 146
16 147
16 148
16 149
16 150
16 151
16 152
16 153
16 154
16 155
16 156
16 157
16 158
16 159
16 160
16 161
16 162
16 163
16 164
16 165
16 166
16 167
16 168
16 169
16 170
16 171
16 172
16 173
16 174
16 175
16 176
16 177
16 178
16 179
16 180
16 181
16 182
16 183
16 184
16 185
16 186
16 187
16 188
16 189
16 190
16 191
16 192
16 193
16 194
16 195
16 196
16 197
16 198
16 199
16 200
16 201
16 202
16 203
16 204
16 205
16 206
16 207
16 208
16 209
16 210
16 211
16 212
16 213
16 214
16 215
16 216
16 217
16 218
16 219
16 220
16 221
16 222
16 223
16 224
16 225
16 226
16 227
16 228
16 229
16 230
16 231
16 232
16 233
16 234
16 235
16 236
16 237
16 238
16 239
16 240
16 241
16 242
16 243
16 244
16 245
16 246
16 247
16 248
16 249
16 250
16 251
16 252
16 253
16 254
16 255
16 256
16 257
16 258
16 259
16 260
16 261
16 262
16 263
16 264
16 265
16 266
16 267
16 268
16 269
16 270
16 271
16 272
16 273
16 274
16 275
16 276
16 277
16 278
16 279
16 280
16 281
16 282
16 283
16 284
16 285
16 286
16 287
16 288
16 289
16 290
16 291
16 292
16 293
16 294
16 295
16 296
16 297
16 298
16 299
16 300
16 301
16 302
16 303
16 304
16 305
16 306
16 307
16 308
16 309
16 310
16 311
16 312
16 313
16 314
16 315
16 316
16 317
16 318
16 319
16 320
16 321
16 322
16 323
16 324
16 325
16 326
16 327
16 328
16 329
16 330
16 331
16 332
16 333
16 334
16 335
16 336
16 337
16 338
16 339
16 340
16 341
16 342
16 343
16 344
16 345
16 346
16 347
16 348
16 349
16 350
16 351
17 153
17 154
17 155
17 156
17 157
17 158
17 159
17 160
17 161
17 162
17 163
17 164
17 165
17 166
17 167
17 168
17 169
17 170
17 171
17 172
17 173
17 174
17 175
17 176
17 177
17 178
17 179
17 180
17 181
17 182
17 183
17 184
17 185
17 186
17 187
17 188
17 189
17 190
17 191
17 192
17 193
17 194
17 195
17 196
17 197
17 198
17 199
17 200
17 201
17 202
17 203
17 204
17 205
17 206
17 207
17 208
17 209
17 210
17 211
17 212
17 213
17 214
17 215
17 216
17 217
17 218
17 219
17 220
17 221
17 222
17 223
17 224
17 225
17 226
17 227
17 228
17 229
17 230
17 231
17 232
17 233
17 234
17 235
17 236
17 237
17 238
17 239
17 240
17 241
17 242
17 243
17 244
17 245
17 246
17 247
17 248
17 249
17 250
17 251
17 252
17 253
17 254
17 255
17 256
17 257
17 258
17 259
17 260
17 261
17 262
17 263
17 264
17 265
17 266
17 267
17 268
17 269
17 270
17 271
17 272
17 273
17 274
17 275
17 276
17 277
17 278
17 279
17 280
17 281
17 282
17 283
17 284
17 285
17 286
17 287
17 288
17 289
17 290
17 291
17 292
17 293
17 294
17 295
17 296
17 297
17 298
17 299
17 300
17 301
17 302
17 303
17 304
17 305
17 306
17 307
17 308
17 309
17 310
17 311
17 312
17 313
17 314
17 315
17 316
17 317
17 318
17 319
17 320
17 321
17 322
17 323
17 324
17 325
17 326
17 327
17 328
17 329
17 330
17 331
17 332
17 333
17 334
17 335
17 336
17 337
17 338
17 339
17 340
17 341
17 342
17 343
17 344
17 345
17 346
17 347
17 348
17 349
17 350
17 351
18 171
18 172
18 173
18 174
18 175
18 176
18 177
18 178
18 179
18 180
18 181
18 182
18 183
18 184
18 185
18 186
18 187
18 188
18 189
18 190
18 191
18 192
18 193
18 194
18 195
18 196
18 197
18 198
18 199
18 200
18 201
18 202
18 203
18 204
18 205
18 206
18 207
18 208
18 209
18 210
18 211
18 212
18 213
18 214
18 215
18 216
18 217
18 218
18 219
18 220
18 221
18 222
18 223
18 224
18 225
18 226
18 227
18 228
18 229
18 230
18 231
18 232
18 233
18 234
18 235
18 236
18 237
18 238
18 239
18 240
18 241
18 242
18 243
18 244
18 245
18 246
18 247
18 248
18 249
18 250
18 251
18 252
18 253
18 254
18 255
18 256
18 257
18 258
18 259
18 260
18 261
18 262
18 263
18 264
18 265
18 266
18 267
18 268
18 269
18 270
18 271
18 272
18 273
18 274
18 275
18 276
18 277
18 278
18 279
18 280
18 281
18 282
18 283
18 284
18 285
18 286
18 287
18 288
18 289
18 290
18 291
18 292
18 293
18 294
18 295
18 296
18 297
18 298
18 299
18 300
18 301
18 302
18 303
18 304
18 305
18 306
18 307
18 308
18 309
18 310
18 311
18 312
18 313
18 314
18 315
18 316
18 317
18 318
18 319
18 320
18 321
18 322
18 323
18 324
18 325
18 326
18 327
18 328
18 329
18 330
18 331
18 332
18 333
18 334
18 335
18 336
18 337
18 338
18 339
18 340
18 341
18 342
18 343
18 344
18 345
18 346
18 347
18 348
18 349
18 350
18 351
19 190
19 191
19 192
19 193
19 194
19 195
19 196
19 197
19 198
19 199
19 200
19 201
19 202
19 203
19 204
19 205
19 206
19 207
19 208
19 209
19 210
19 211
19 212
19 213
19 214
19 215
19 216
19 217
19 218
19 219
19 220
19 221
19 222
19 223
19 224
19 225
19 226
19 227
19 228
19 229
19 230
19 231
19 232
19 233
19 234
19 235
19 236
19 237
19 238
19 239
19 240
19 241
19 242
19 243
19 244
19 245
19 246
19 247
19 248
19 249
19 250
19 251
19 252
19 253
19 254
19 255
19 256
19 257
19 258
19 259
19 260
19 261
19 262
19 263
19 264
19 265
19 266
19 267
19 268
19 269
19 270
19 271
19 272
19 273
19 274
19 275
19 276
19 277
19 278
19 279
19 280
19 281
19 282
19 283
19 284
19 285
19 286
19 287
19 288
19 289
19 290
19 291
19 292
19 293
19 294
19 295
19 296
19 297
19 298
19 299
19 300
19 301
19 302
19 303
19 304
19 305
19 306
19 307
19 308
19 309
19 310
19 311
19 312
19 313
19 314
19 315
19 316
19 317
19 318
19 319
19 320
19 321
19 322
19 323
19 324
19 325
19 326
19 327
19 328
19 329
19 330
19 331
19 332
19 333
19 334
19 335
19 336
19 337
19 338
19 339
19 340
19 341
19 342
19 343
19 344
19 345
19 346
19 347
19 348
19 349
19 350
19 351
20 210
20 211
20 212
20 213
20 214
20 215
20 216
20 217
20 218
20 219
20 220
20 221
20 222
20 223
20 224
20 225
20 226
20 227
20 228
20 229
20 230
20 231
20 232
20 233
20 234
20 235
20 236
20 237
20 238
20 239
20 240
20 241
20 242
20 243
20 244
20 245
20 246
20 247
20 248
20 249
20 250
20 251
20 252
20 253
20 254
20 255
20 256
20 257
20 258
20 259
20 260
20 261
20 262
20 263
20 264
20 265
20 266
20 267
20 268
20 269
20 270
20 271
20 272
20 273
20 274
20 275
20 276
20 277
20 278
20 279
20 280
20 281
20 282
20 283
20 284
20 285
20 286
20 287
20 288
20 289
20 290
20 291
20 292
20 293
20 294
20 295
20 296
20 297
20 298
20 299
20 300
20 301
20 302
20 303
20 304
20 305
20 306
20 307
20 308
20 309
20 310
20 311
20 312
20 313
20 314
20 315
20 316
20 317
20 318
20 319
20 320
20 321
20 322
20 323
20 324
20 325
20 326
20 327
20 328
20 329
20 330
20 331
20 332
20 333
20 334
20 335
20 336
20 337
20 338
20 339
20 340
20 341
20 342
20 343
20 344
20 345
20 346
20 347
20 348
20 349
20 350
20 351
21 231
21 232
21 233
21 234
21 235
21 236
21 237
21 238
21 239
21 240
21 241
21 242
21 243
21 244
21 245
21 246
21 247
21 248
21 249
21 250
21 251
21 252
21 253
21 254
21 255
21 256
21 257
21 258
21 259
21 260
21 261
21 262
21 263
21 264
21 265
21 266
21 267
21 268
21 269
21 270
21 271
21 272
21 273
21 274
21 275
21 276
21 277
21 278
21 279
21 280
21 281
21 282
21 283
21 284
21 285
21 286
21 287
21 288
21 289
21 290
21 291
21 292
21 293
21 294
21 295
21 296
21 297
21 298
21 299
21 300
21 301
21 302
21 303
21 304
21 305
21 306
21 307
21 308
21 309
21 310
21 311
21 312
21 313
21 314
21 315
21 316
21 317
21 318
21 319
21 320
21 321
21 322
21 323
21 324
21 325
21 326
21 327
21 328
21 329
21 330
21 331
21 332
21 333
21 334
21 335
21 336
21 337
21 338
21 339
21 340
21 341
21 342
21 343
21 344
21 345
21 346
21 347
21 348
21 349
21 350
21 351
22 253
22 254
22 255
22 256
22 257
22 258
22 259
22 260
22 261
22 262
22 263
22 264
22 265
22 266
22 267
22 268
22 269
22 270
22 271
22 272
22 273
22 274
22 275
22 276
22 277
22 278
22 279
22 280
22 281
22 282
22 283
22 284
22 285
22 286
22 287
22 288
22 289
22 290
22 291
22 292
22 293
22 294
22 295
22 296
22 297
22 298
22 299
22 300
22 301
22 302
22 303
22 304
22 305
22 306
22 307
22 308
22 309
22 310
22 311
22 312
22 313
22 314
22 315
22 316
22 317
22 318
22 319
22 320
22 321
22 322
22 323
22 324
22 325
22 326
22 327
22 328
22 329
22 330
22 331
22 332
22 333
22 334
22 335
22 336
22 337
22 338
22 339
22 340
22 341
22 342
22 343
22 344
22 345
22 346
22 347
22 348
22 349
22 350
22 351
23 276
23 277
23 278
23 279
23 280
23 281
23 282
23 283
23 284
23 285
23 286
23 287
23 288
23 289
23 290
23 291
23 292
23 293
23 294
23 295
23 296
23 297
23 298
23 299
23 300
23 301
23 302
23 303
23 304
23 305
23 306
23 307
23 308
23 309
23 310
23 311
23 312
23 313
23 314
23 315
23 316
23 317
23 318
23 319
23 320
23 321
23 322
23 323
23 324
23 325
23 326
23 327
23 328
23 329
23 330
23 331
23 332
23 333
23 334
23 335
23 336
23 337
23 338
23 339
23 340
23 341
23 342
23 343
23 344
23 345
23 346
23 347
23 348
23 349
23 350
23 351
24 300
24 301
24 302
24 303
24 304
24 305
24 306
24 307
24 308
24 309
24 310
24 311
24 312
24 313
24 314
24 315
24 316
24 317
24 318
24 319
24 320
24 321
24 322
24 323
24 324
24 325
24 326
24 327
24 328
24 329
24 330
24 331
24 332
24 333
24 334
24 335
24 336
24 337
24 338
24 339
24 340
24 341
24 342
24 343
24 344
24 345
24 346
24 347
24 348
24 349
24 350
24 351
25 325
25 326
25 327
25 328
25 329
25 330
25 331
25 332
25 333
25 334
25 335
25 336
25 337
25 338
25 339
25 340
25 341
25 342
25 343
25 344
25 345
25 346
25 347
25 348
25 349
25 350
25 351
26 351
0 0
