128

17410 5585 3005 8621
9181 14655 1406 1682 1661 10014 4143 11925 2346 3597 2032 18747 14518 2868 12529 13990 15789 2180 1441 18570 9659 15060 -1 -1
17671 6700 18759 13690 8605 10436 1691 16011 18639 11344 8327 7571 11136 8788 4363 11209 9009 10068 17802 14955 -1 -1
4114 11725 17439 4888 10773 2818 -1 -1
15004 16794 14611 10588 2886 1613 15016 4066 17957 14433 2399 18389 19040 14845 -1 -1
1343 14435 19357 8852 266 7615 -1 -1
11987 13772 10043 17456 1940 1247 13049 3690 18624 6731 7468 9301 13405 14547 11989 11512 7676 10763 -1 -1
1817 4625 8014 8147 11846 6408 18807 19229 17314 18383 -1 -1
12467 16419 167 2479 1825 11605 16391 9825 4028 12972 9616 5796 15506 15377 18529 18673 11669 13720 7382 4539 -1 -1
16369 4934 19230 4950 13593 6 11134 5754 1406 18685 13955 11881 15217 17823 19387 15313 10881 9664 14718 4902 -1 -1

16190 11802 9116 4627
17359 8062 5359 382 4162 14178 9011 17505 9750 14140 -1 -1

10832 2499 17811 16665
10615 9278 13600 2787 16674 4108 3306 12560 16308 18136 14582 7905 2850 10228 18348 14133 -1 -1
11579 11935 12277 15360 6984 19280 11860 5176 15880 9065 14102 16020 13698 11081 18744 5534 4710 4843 8348 10491 9833 6319 -1 -1
16238 17328 14508 8442 478 19585 5885 1817 7527 6283 19997 15521 3471 7585 2277 5527 4639 7869 -1 -1

13480 18276 13083 14200
10427 16407 16608 17448 11789 5123 14385 10326 5878 10108 1800 12269 1058 14255 -1 -1
17841 6633 9879 19697 8727 2733 15252 6171 -1 -1
9874 3895 10621 18956 -1 -1
2173 16477 11764 2169 6996 19237 9365 16240 12596 4964 2713 1893 19010 6330 2408 5381 5178 382 18458 1817 18795 15072 -1 -1
3653 3419 5490 10223 82 19101 4716 3563 12035 2205 -1 -1
18186 13872 9101 17688 19831 137 3086 7252 2653 4890 17083 4037 1178 10298 2791 2806 15780 16845 13134 9667 -1 -1

13504 10856 4523 13015
4673 10233 11360 5093 4541 10133 2324 5652 9082 5755 -1 -1

1005 6163 17809 18585
16813 13794 1052 974 -1 -1
3647 11880 10296 8303 11581 14531 14277 13302 18993 8666 13845 15305 2065 13673 11530 11073 9024 7411 4316 11811 -1 -1
18778 3741 10661 17853 1314 5545 11671 14867 5450 18690 14818 14128 15006 9411 17644 9047 7307 12916 5900 9352 6916 12388 -1 -1

19500 10699 2631 13332
18445 14720 11183 1563 6967 17888 6041 19899 -1 -1
15575 14667 2005 15096 -1 -1
13667 8921 8768 5827 -1 -1
2909 12766 16509 18613 16748 14485 457 5269 9736 11089 17634 3121 6302 9465 5837 5795 -1 -1

4943 16336 18820 17626
17198 5337 15777 8619 -1 -1
11735 11402 15418 15120 3946 10336 15678 17467 6289 7206 17870 15847 1105 12294 9383 4075 9341 17671 7605 15027 15262 4577 -1 -1
2093 19991 3644 5943 -1 -1
3985 14597 11859 5846 427 16823 -1 -1
7995 13607 1462 15437 17635 4812 89 11060 4361 550 10149 10851 4762 19344 5834 15969 9995 418 -1 -1
4191 12892 17330 12589 19768 12310 17702 18180 -1 -1
16603 10782 7184 3990 2596 11706 19107 15962 -1 -1

10359 19192 8403 8278
6751 4713 16054 12043 -1 -1
3259 10179 6860 9254 19686 8950 1133 8451 -1 -1
13683 6084 15139 11463 7693 2453 -1 -1
5323 12690 2884 14833 9965 8623 12259 14468 4780 7887 -1 -1
15482 10731 19615 13689 7604 13299 18066 2617 14446 9824 11098 11949 3848 12930 6019 7460 7556 8237 -1 -1
17114 12570 4580 3788 9232 6305 5082 454 14323 6102 14710 4576 10826 1870 18612 14014 10427 9602 3934 12040 -1 -1
3492 12198 1528 3259 9183 5673 836 10836 15513 12181 3342 18847 -1 -1

14572 17743 18658 19828
14158 17452 10013 134 9909 1396 2906 16958 5538 17048 2450 15258 14448 8459 8079 11166 -1 -1
9602 7900 17592 8896 18015 12883 5252 14265 -1 -1
9199 12664 12509 7381 6052 10959 6728 10119 8573 392 11482 16252 12481 15784 8747 14482 3769 15683 9451 10957 -1 -1
6609 2671 576 14006 10853 16365 15487 17986 6223 6569 11642 8113 4867 19653 7504 19599 18060 12542 4857 5530 16679 16892 -1 -1
16899 11395 11605 19275 6138 5521 -1 -1
17039 10842 19716 19813 1734 11839 18080 4016 1800 10474 15500 3942 14610 6945 3878 17961 5742 15825 10311 1653 4615 3410 -1 -1
11657 7828 5543 14566 4974 17134 14345 879 10432 10727 601 9578 15294 2265 18699 12532 18732 12187 5325 11669 -1 -1
2554 4572 7155 15820 5774 12523 19940 6874 5758 11445 2212 6871 13677 2849 3973 5940 16603 18775 -1 -1
5404 9810 19665 6967 15752 7165 10468 1430 13878 1846 4573 15532 9735 11043 4093 5436 -1 -1
5397 3118 14806 17582 17237 8972 11830 1135 11493 19908 10862 11 -1 -1

1520 8303 12329 9371
17500 14624 10456 17621 1861 9610 2619 15051 3564 10674 10051 1194 -1 -1
18539 1896 2741 9775 -1 -1
12135 2855 17523 720 19373 2138 10154 13012 7708 4661 2813 9590 4034 19958 7254 4482 -1 -1
8957 11834 7329 5598 10890 4499 7545 1941 6637 15032 3389 19004 7479 1619 18078 10472 -1 -1
8076 6500 13268 6949 14710 13444 11552 254 17564 15960 -1 -1
5766 3022 10703 3477 -1 -1
2056 5480 7233 9836 14412 11183 8019 13472 10426 1812 10161 13019 1024 16446 6535 11383 1402 5050 17886 10901 898 19805 -1 -1
9022 17054 10197 3305 7435 11292 16310 10470 4987 15660 10740 3975 4643 15288 6982 15275 12295 6871 13929 18120 -1 -1
4711 11954 10515 5600 7599 15373 13564 3353 9049 4925 16920 16514 19068 8378 -1 -1

1175 2288 5382 974
6984 8311 9348 18290 2774 8001 16529 361 13833 12973 14336 10197 -1 -1
18745 5768 12227 16736 16527 7525 9841 9176 257 19369 904 3981 14081 15991 -1 -1
7640 8307 16857 7264 19914 13019 15527 6983 -1 -1
5580 3984 13481 14792 10800 9023 -1 -1
6993 6953 7363 11415 15339 7882 4473 8597 2011 17246 10086 16586 14364 14286 -1 -1
9096 18448 4689 1915 -1 -1
8948 13398 15025 18837 11859 16735 -1 -1
2939 15889 2745 10408 18211 19699 7009 10538 -1 -1
18711 13849 14955 10569 18913 1003 5897 4445 17647 16815 16444 4589 14092 4179 -1 -1
18709 6531 17633 17484 14084 2530 10187 12048 6097 17438 14099 13909 19824 10218 8937 3426 6964 19654 19853 9974 -1 -1

13440 16355 11496 5634
7327 15739 9488 6969 2190 13053 1619 13573 -1 -1

1179 7198 10132 19594
15433 18923 13940 130 2030 7884 168 19515 1879 5371 10700 2420 3245 37 -1 -1
3516 4916 13858 16283 8341 2900 10831 7744 17257 11248 1402 19022 11460 17539 13912 9566 17181 17898 14897 18653 -1 -1
1626 6133 9219 2461 3947 14520 1005 19350 15861 9626 5483 9631 12652 5194 5701 1821 -1 -1

15324 16523 10481 10346
18695 8027 16990 3775 15750 19754 -1 -1
2845 2841 12436 3895 18804 1024 16825 16569 19852 7408 1978 4831 13897 17904 19860 13155 15138 3460 16438 6998 13290 806 -1 -1
3876 18468 1477 18897 504 7605 12973 9592 -1 -1
13714 7310 18449 13840 19204 9010 5300 6332 16345 14800 17835 17739 8153 2382 2508 15829 8192 1743 19300 11208 638 11286 -1 -1
5924 8069 8786 15887 3353 19951 8620 9907 16 9668 521 13442 10118 4271 6873 6378 3610 7987 13880 9798 -1 -1
13679 47 13430 17457 2325 3307 211 13286 10130 8051 13683 11405 19062 1291 10682 9998 -1 -1

13208 18712 18227 5478
15416 7089 4498 1793 17606 29 872 8958 15860 13918 16553 14142 -1 -1
9669 14482 423 14913 16946 6842 14058 13234 13373 248 2379 4674 18223 3006 -1 -1
10222 2131 5559 15566 9215 12636 16313 6447 11328 17480 13760 14905 9839 16353 14115 19967 -1 -1
19004 44 13710 11141 11593 3960 11984 9325 19368 2923 6053 4875 -1 -1
11861 4971 15966 3014 5906 15402 9070 1945 16126 212 9683 8310 -1 -1
6390 4748 9650 942 2486 25 18199 19380 16556 11391 938 7265 2388 14720 -1 -1
15165 18105 7186 5618 8561 15560 1390 1412 -1 -1
11432 4440 14113 6920 5536 6321 6915 16603 13466 9328 16143 5185 12484 8463 8179 11832 1508 10250 -1 -1

4886 1340 17793 10556
19294 1678 17996 8155 19548 12758 7577 13045 -1 -1
14903 10176 238 9264 3212 18545 6501 11237 5293 12179 -1 -1

7817 6441 9095 3622
19814 372 2841 6695 105 9966 6791 139 2966 7368 9093 11968 9426 7453 -1 -1
10302 121 11711 6029 3083 977 4084 6639 13319 18242 7889 14782 -1 -1

14478 11240 5886 10869
8320 4157 12093 5554 -1 -1
3172 9894 532 6140 10773 19793 2763 5146 -1 -1

8699 15219 10566 10396
8358 12933 4318 13533 13547 2567 18380 8629 16953 18809 -1 -1
1754 10569 3260 18834 13064 12742 6201 6554 17724 11509 9489 5958 19017 18581 3291 2234 -1 -1
11263 8721 14671 9498 3422 15772 8866 16403 9525 1453 1760 16891 -1 -1
14247 9619 14050 3977 6068 16370 1698 9073 12026 5103 9558 9991 17879 4845 -1 -1
14176 10820 13216 16532 16876 7066 1282 19832 16478 2082 16674 375 -1 -1
13711 3274 18628 10166 6938 17764 4825 12151 7733 14781 16379 14442 10164 13490 19754 790 19935 11455 9046 4649 15085 6081 -1 -1
14361 13704 13261 2385 1318 13238 19417 13255 13551 16271 13313 1661 11645 14328 -1 -1
3119 17616 15936 8936 7155 17842 5055 11952 14701 1566 14714 16995 -1 -1

5029 13966 11117 13700
17332 6632 8088 9216 8872 4455 4382 10814 19121 7321 12829 16014 -1 -1
3489 8420 5335 3617 9177 1776 18949 4100 3284 13595 1490 6931 -1 -1
10331 4929 13909 11330 8830 6085 14060 9522 14866 554 11082 12299 3870 10282 13625 12147 4702 5113 11904 17975 9353 8371 -1 -1
10418 4210 19291 1420 14091 6001 10650 12855 1852 18299 5963 7758 1503 10422 17503 18748 1323 3510 -1 -1
13405 4643 17689 3421 -1 -1
16224 7224 5438 9115 12884 15839 1069 9258 12134 17979 12741 6414 11218 18363 4336 18200 13785 15707 -1 -1
10891 246 10976 8540 153 12640 13446 11095 16213 1198 7465 4009 6678 19565 9568 19541 2236 495 16056 16427 -1 -1

19740 17543 3130 11874
4174 14304 16343 17465 17157 10158 4483 11396 6988 299 9659 10904 14282 17015 -1 -1
9304 4965 12497 16250 15286 4166 1357 15984 13471 474 13043 3012 8892 13432 16327 16207 -1 -1
5316 13987 870 9481 16688 5000 5693 1551 7360 9326 -1 -1
8997 7094 3808 3744 17324 1932 5243 8318 7813 6461 -1 -1
6846 13851 2758 16817 8664 5905 -1 -1
10511 8505 3715 6332 -1 -1
804 18904 16011 14273 18173 8654 12182 14196 10433 8437 8311 5814 206 7689 251 17070 -1 -1

15839 17532 6532 17819
5187 6300 17755 1214 15147 19820 6106 18153 16942 17947 -1 -1
710 5270 19956 10417 3642 17984 -1 -1
1118 12019 13252 659 1978 12118 13202 13924 6716 4983 1195 4612 11704 5543 12420 19189 -1 -1
11416 3959 8006 13778 19685 3397 1844 15531 8490 9334 7881 18819 906 13523 2067 19139 11422 3121 12711 10459 -1 -1
4393 1865 15970 1380 7051 10966 -1 -1
2904 5034 11651 10924 1967 8761 8052 586 9 3526 -1 -1

16135 13159 14025 2603
13195 15917 11556 19647 15991 7615 19208 7852 -1 -1
10478 12422 17403 8636 9354 12642 1657 16341 9678 17852 8184 1616 11099 5922 -1 -1
13926 7725 17626 14890 4 3307 12492 15179 14694 1173 8868 15895 201 19920 8079 5838 8299 8466 3688 2644 -1 -1
18103 10317 7358 11751 9296 16258 16619 6464 8697 17642 13430 18665 9000 18368 -1 -1
17974 752 18115 2147 2625 4838 6514 14104 -1 -1
15136 14842 15150 1763 -1 -1

18132 16449 1938 10902
7835 2562 8084 17206 -1 -1
11537 12672 19822 19329 18855 18613 10298 13527 13429 10876 4450 6021 8751 7702 1023 2508 18777 7088 89 3183 -1 -1
7843 15407 6845 12557 15523 5146 15943 7529 -1 -1
10575 16054 13640 13430 2052 4066 5927 604 8606 14693 19539 11566 5706 10069 13993 1342 8198 18067 -1 -1
7323 13008 1687 17537 -1 -1
7529 13491 9681 12597 15982 9753 2652 5374 14580 7657 7833 5247 -1 -1

4655 3609 14437 8995
16994 18814 13774 1075 13985 9571 2283 5977 4574 1556 8172 8101 -1 -1
3694 4489 6896 8685 16442 8395 15324 10172 4880 4567 18958 3754 17800 3988 9856 9896 -1 -1
13040 10197 837 13678 816 13652 14953 14637 5704 12668 16970 3487 2340 2397 -1 -1
4956 5375 10696 8811 270 1048 11356 18566 5641 16211 -1 -1
14703 13398 17617 10745 5570 9141 9352 9711 18194 12299 3264 15127 3022 15950 -1 -1
7076 19864 262 12996 -1 -1

3022 6599 12159 2377
6121 7264 19533 15207 18658 6123 8659 16137 17072 15172 17000 4521 -1 -1
9593 16420 16918 17776 8006 5780 13467 1938 6732 7708 16032 2046 17807 2990 -1 -1
2893 10319 3190 4478 9728 15230 17589 16026 2193 2890 10119 10585 1031 8427 12250 7067 3505 19527 16228 19895 18406 390 -1 -1

3979 10899 4288 12324
17424 14428 5865 6396 557 12576 -1 -1
17482 9039 16718 6049 6179 2917 12818 18910 8094 16349 7913 2043 6325 323 10423 4413 6509 609 3813 14337 -1 -1
2122 8528 16079 17232 19062 9289 11264 15588 18438 15111 13613 16113 4659 19664 -1 -1
11150 13667 879 8657 4627 11975 11589 19468 16445 11781 16538 308 1789 243 16270 7500 -1 -1

16674 18397 17524 10644
564 5128 9401 12540 474 2934 4761 19736 -1 -1
3504 18271 18961 9432 5997 18599 1854 7687 654 17147 5342 16993 16157 1393 18840 16168 -1 -1
4760 3307 1323 17920 8176 1463 19669 10653 4230 3186 14303 18318 -1 -1
7568 13392 11269 11020 706 10526 8914 16113 9364 11682 1247 5067 11707 2247 1274 13194 -1 -1
12985 10140 7030 8632 14277 2158 -1 -1
15919 18562 9352 18649 6626 15509 16101 2018 -1 -1
12253 12571 16517 11910 17123 9171 5306 17242 1093 4682 14960 17406 4117 16881 8593 11859 1052 3772 -1 -1
18824 19708 7206 10914 18246 13789 15273 18885 9216 9453 3664 1822 8705 4937 -1 -1
1784 13761 13831 2120 18190 11742 17053 12826 5986 6601 10222 10334 9838 204 -1 -1
17567 19460 1132 646 783 2634 18217 2831 10184 7038 12863 10794 8936 5102 16054 15966 -1 -1

15231 11941 7785 6708
14059 4008 19056 11079 17785 13719 19173 8247 13671 2200 5623 13970 9854 5368 18592 16178 18821 11477 9721 8072 -1 -1
6512 10017 6234 439 8947 8953 8342 6572 3854 11410 1570 15268 6984 557 17064 1215 4637 15277 -1 -1
3412 8484 15927 5300 18875 18100 6831 11612 5365 1737 15108 18645 12938 4288 18776 2021 1166 12621 -1 -1
17780 12457 5630 19928 4960 11404 2650 10715 16234 5825 18596 4073 17687 3286 12081 10582 8507 10975 19476 19676 -1 -1
14409 891 11944 13767 12728 15090 8407 206 17190 390 -1 -1
13824 17704 10822 9318 10965 12668 9298 29 6595 1403 9269 10861 1697 6409 16197 11606 2159 16455 13408 10132 9656 19383 -1 -1
14444 3010 5029 1443 1016 17697 13570 466 16134 8119 11125 6346 19900 3589 11043 5750 -1 -1
797 1517 4984 5666 10621 17005 9902 1340 16237 6155 4994 18033 -1 -1

16906 8245 19175 13356
9531 9559 13627 1956 8963 3139 8009 14533 17940 16670 18458 8038 15064 16800 -1 -1
14454 7845 13736 18087 -1 -1
2191 12175 14267 15140 927 8623 9145 19129 13325 7125 5698 17724 3869 16031 9057 18470 -1 -1
5625 2149 1908 2211 9070 9316 2106 6988 15825 19584 -1 -1

12187 19167 3402 19764
12857 10821 1994 5208 17181 7316 16160 17160 11709 3889 -1 -1
5137 3486 18289 13780 142 18131 17822 18959 10521 10326 5033 15066 14959 7989 1067 14133 -1 -1
3818 12578 452 179 7737 1874 12830 2969 9088 18921 4204 10089 15151 8514 3847 1036 19557 13158 1028 9141 -1 -1
12481 9163 671 17851 4966 6818 -1 -1

14425 16328 4305 279
17723 8270 17226 17954 13611 8276 3 16239 4284 150 5278 16656 -1 -1

1804 6195 96 326
13072 10321 11880 9107 319 4712 -1 -1
15844 6860 388 15797 14923 18810 14908 74 -1 -1

11348 2379 10345 9012
12592 8544 4317 15302 18407 63 1504 16281 18841 1396 10227 3580 3810 11222 16194 6787 279 6348 -1 -1
2146 14743 12861 19355 12315 13450 16192 14591 15058 7520 15306 7807 599 2434 1223 16718 -1 -1
18897 19062 19579 18400 9111 14322 16478 5177 9163 806 6522 7184 3493 225 3938 3921 11945 14727 19419 2131 -1 -1
4366 7866 9130 11416 2218 3642 4279 2544 7705 3997 -1 -1
5613 8703 17118 14949 7002 11130 13648 1866 19966 12232 7331 10348 -1 -1
17084 13800 11834 15456 4726 9297 9100 3058 11627 11048 5706 8288 2726 7262 504 19110 -1 -1
7779 13723 1778 3539 18834 10827 10174 6068 5882 7001 11090 9856 6235 18125 -1 -1

6285 9038 2527 18293
7655 13016 17123 9588 18952 13726 10655 1047 7930 8762 -1 -1
1238 2950 5162 1071 5872 3445 6935 8742 15166 19136 8652 7488 17467 5239 4434 14790 19099 2907 17833 18540 10889 5060 -1 -1
13427 16649 12599 10125 17566 761 16614 14031 12391 1861 15498 12388 13013 10043 -1 -1
5319 15698 18549 4373 15582 11097 5214 665 -1 -1
15205 8677 10705 9627 12476 11090 15445 15728 5340 209 15528 12027 14015 7445 1400 29 8197 7540 14003 3086 -1 -1
15650 1945 6771 3094 3989 11515 12656 5370 2111 17944 647 8160 4942 7465 13367 18733 12546 16091 -1 -1
893 18426 19815 2008 16642 4357 10980 5982 16958 2324 1543 14455 16882 13518 -1 -1
8656 2819 5305 19328 6745 3501 12983 8917 19528 14634 17095 14368 11575 12202 9396 14954 18929 6163 18563 5720 8954 2392 -1 -1
11307 12488 13733 10327 15866 1084 19979 13921 19236 5035 10480 871 19028 16764 -1 -1
9871 18548 6596 11133 7478 8663 2518 15363 3891 3970 12555 13748 13442 10560 425 4356 -1 -1

8466 16875 1221 6872
8961 7905 353 12393 3854 1555 3131 8153 4331 7055 -1 -1
4397 9068 811 5507 7722 16275 17795 13883 3428 19914 19827 13387 -1 -1
17289 3748 754 17051 2743 18609 14550 19821 13263 5772 -1 -1
8579 3164 19035 17385 10575 8230 9883 1726 9902 7952 17840 15588 12310 1789 -1 -1
10820 1159 16310 14792 -1 -1
11971 2113 16670 4590 15410 15017 12423 14102 3277 4831 11698 3227 4066 10497 -1 -1
1567 7989 3843 2653 1622 7664 3495 12934 4147 12520 8102 9182 5630 8284 17140 15781 -1 -1
3690 16741 18627 17525 11124 2054 12298 7768 6996 19677 -1 -1
16912 19681 14858 16034 7076 19581 13130 4836 10536 13856 14243 1241 -1 -1
8265 17431 9712 4504 8210 2823 3671 922 10414 9724 122 7801 14313 17303 9244 19133 -1 -1

19026 7858 14047 2875
9345 4283 780 2027 10949 11500 -1 -1
18081 6812 8250 17934 10206 4720 5864 18058 1817 12683 -1 -1

10298 2874 19621 8252
4859 19703 19678 2091 2913 18006 6395 9382 5035 16549 15635 4327 7474 8047 17133 11374 3092 14753 -1 -1
11540 14842 6657 14619 1402 7886 17847 15128 -1 -1
15363 4893 4361 10128 15764 19969 3282 13634 11874 10017 7207 15545 19811 15725 -1 -1
8588 8141 9607 5269 144 15138 -1 -1
17800 19072 16048 4678 14290 4478 18495 8370 5410 523 19750 11012 -1 -1
4667 11508 8960 1116 419 4388 11620 8728 -1 -1
12853 7386 15756 2425 6377 6271 13838 8419 15382 17224 16439 8786 5232 2319 5413 3031 -1 -1
14160 19118 10553 11360 12533 14017 15348 6711 9848 10920 -1 -1

12047 17712 3313 17539
19925 5970 13757 19280 9488 8787 935 16055 14487 5976 13871 2751 15128 6311 13452 3483 8080 7413 -1 -1

376 7667 7038 11424
15188 12714 13135 3120 3953 29 -1 -1
13849 6658 14061 17474 19093 10902 7501 19343 9517 10328 5889 16332 3550 1840 -1 -1
6956 2362 588 8297 2633 644 -1 -1
6554 5785 15450 4900 2540 11845 8302 14299 10053 2755 9878 7282 166 2760 18374 3305 3396 8410 -1 -1
19375 8515 1395 19300 64 11654 16935 17909 -1 -1
1073 4123 19837 18426 19342 78 -1 -1
1463 15874 11839 7306 16684 14261 17153 3196 -1 -1
14267 6373 13035 10327 19063 12136 9075 6381 11377 9812 1495 19976 10860 11538 9743 5876 725 1950 1808 9958 -1 -1
8658 17834 19911 10675 16055 9841 10708 4307 5380 13713 1250 6670 1199 10857 10087 12226 6096 13755 -1 -1

362 10914 6760 14715
836 8333 9785 12452 15955 12059 -1 -1
157 16948 13413 15353 2073 4818 -1 -1
13532 10858 7757 12618 18927 8589 10990 6844 19174 11711 7432 5100 17467 4205 9932 4294 11421 18323 14192 14249 -1 -1
14885 6350 7196 18839 14603 2337 12140 1680 883 13270 12508 2602 3213 2497 8785 19921 19415 864 -1 -1
16194 2052 9742 15313 7076 3561 18862 4267 -1 -1
6956 7108 13620 12396 16427 15690 6993 19570 860 6974 14339 12735 14277 11333 -1 -1

11074 19616 13793 7308
14706 5216 13273 10334 349 2537 12743 2387 14555 14586 8375 10723 13703 11939 472 10690 10901 681 7185 14275 -1 -1
17190 12969 10521 2484 984 16014 1833 2039 3786 9411 18400 5272 10558 17646 -1 -1
4288 16322 9578 16501 5312 9773 1841 14612 19136 1685 18224 14582 10764 12445 528 7239 8280 15063 17880 16831 1647 14115 -1 -1
1531 12343 17106 594 -1 -1
18669 9139 10304 11925 14947 90 3667 6860 16188 8251 -1 -1
12757 16074 5986 14569 16481 13625 9539 4994 4281 223 3609 15896 17186 7004 5486 9770 14781 16200 1235 18688 -1 -1
5023 9466 7084 3736 8132 16741 9965 18737 19380 17846 13954 13068 8410 17647 7556 13681 -1 -1
11608 10169 9908 2678 13284 7583 16540 18895 -1 -1

327 2809 2668 15327
4666 12218 14595 8834 10403 17061 7698 8389 -1 -1
19941 538 14230 16786 11761 18651 12888 19225 9764 6191 10912 10946 16848 10121 12625 10598 11670 14405 13197 6676 18079 8371 -1 -1
8233 19559 10863 10191 -1 -1
93 3820 4683 18694 999 7236 10961 6388 8697 4798 6681 8037 1100 11709 -1 -1
6899 7054 1923 15081 2606 14289 7971 8942 8927 12941 14792 13438 16792 12062 -1 -1

2923 15059 7441 18715
10905 12045 17922 7418 19199 1277 7100 782 -1 -1
14816 15306 8417 19487 5567 13107 14856 8156 5821 13214 14370 6550 7709 18600 17210 3350 10494 14929 -1 -1

19203 1508 11762 1433
16319 1732 7429 138 13406 8423 16496 11413 13176 11744 17186 17884 9894 6715 9320 18263 16967 2201 9093 3684 -1 -1
10251 5345 12030 68 3755 15701 -1 -1
3857 5588 7666 18320 2237 6022 -1 -1
1178 1426 10458 18132 15062 13910 12640 279 2119 16839 5332 5115 558 668 11322 2014 19486 6369 -1 -1
5243 13005 15718 18118 6827 4759 7232 9921 17889 14658 19798 10973 18477 10236 15147 15054 13059 15813 9258 16650 -1 -1
3686 15036 6655 17200 18154 15983 -1 -1
9055 16104 5545 17839 6015 7611 5338 7659 5115 13849 193 14840 8976 207 -1 -1
13279 19386 5616 2811 17437 8218 19726 6512 9547 11230 7950 954 17190 1902 5731 12469 -1 -1
16346 15899 1087 4316 -1 -1
15373 19524 2710 5182 3501 5378 7389 8819 14916 3512 11600 18058 19084 12608 17816 8125 -1 -1

17289 14102 16642 19893
3045 9899 17487 17843 3820 7258 16313 4057 2793 20 579 16745 16810 15376 13943 15696 8491 10190 -1 -1
10257 13028 13813 386 8147 14839 12104 10283 3841 2267 8725 17965 13673 11922 17608 14257 12004 17117 8252 4703 12622 10309 -1 -1
3180 13438 17946 10196 4233 4777 17642 2022 4653 6925 9453 10704 16692 15425 11695 18833 12885 9559 13539 786 -1 -1
742 1892 5732 6736 -1 -1
19364 13259 3578 6878 9008 11232 15922 1325 5367 19233 16579 4772 8558 5822 18648 19399 13468 7073 -1 -1

19099 14469 3938 17557
6421 5695 2987 13827 13304 15525 4325 12628 15876 10102 -1 -1
9629 2384 11004 3083 17026 2189 10216 5535 17515 5582 17293 16381 19720 17716 15136 6722 8058 11213 3490 15806 -1 -1
16267 883 19655 8321 13167 9569 1721 1032 12061 6013 15417 9095 12220 10885 790 19982 19789 18495 1409 13116 19669 8003 -1 -1
3570 15182 15708 12873 16140 14395 2729 19241 17074 8259 8976 1916 44 4777 6509 7244 -1 -1
17769 14948 18048 14124 312 18441 15076 10919 9322 5497 16371 4588 16130 4317 12262 19594 6080 330 17507 10520 -1 -1
5504 5967 19743 8049 -1 -1
15774 370 196 14791 -1 -1
9495 8503 15042 7483 2286 12981 19964 16699 -1 -1

18217 15484 2759 14572
6409 12953 14956 8353 -1 -1
3749 14916 10831 19892 8142 9751 13116 10023 -1 -1
12070 8153 10411 23 4837 14329 3698 8596 11623 14397 3176 9145 -1 -1
6162 16134 2491 15919 12225 18926 16419 13148 19310 12793 12716 3524 491 11419 7773 13435 5358 6664 15763 537 -1 -1
10151 6382 11827 12895 5932 2797 14243 3957 -1 -1
10029 12995 10094 6715 11991 1301 9944 17041 -1 -1
10726 8538 17508 9704 12040 2656 1928 7334 2466 16643 5644 14566 16556 5212 11438 45 -1 -1
17062 1543 13168 15433 14329 10728 12738 16547 19335 9266 6866 15923 17197 19971 5922 159 -1 -1
7745 11326 6544 9349 18747 11937 10247 16266 -1 -1
11718 10516 17360 16982 18596 1914 5552 5931 18051 13916 1177 14931 796 18256 -1 -1

2996 19246 2246 9353
16132 2141 16980 17206 4250 7618 11708 15926 9644 18960 18873 13507 -1 -1
18910 9554 12980 9732 9556 2624 12952 1489 7200 1867 301 11731 7266 7865 18076 11630 -1 -1

14011 15111 19190 11194
1050 2302 5805 10336 3520 7821 1793 19408 4 7547 17589 2315 4371 14140 15967 1874 5957 19557 16181 12206 -1 -1
18334 4674 7810 3812 14492 621 5567 17450 3032 6553 -1 -1
454 7486 17534 19360 12010 5992 6539 12606 8144 4124 5156 4925 11624 15091 2979 13666 1289 413 -1 -1
14978 17355 19742 6863 6697 3402 6925 6174 -1 -1
16561 14366 18820 15296 14977 8394 11413 14043 18569 6907 16980 15380 -1 -1
2541 7172 19484 3664 147 11301 11203 5171 993 13831 2075 2825 11197 6876 8860 5388 6026 18005 -1 -1
645 9713 14209 19247 1456 14882 310 15553 9521 16458 18234 12897 -1 -1

19538 19483 5628 2590
17104 8634 3279 18131 -1 -1
19840 13196 14569 15555 -1 -1
1822 15138 11046 7404 11714 17640 9675 18973 19571 16389 14604 6809 -1 -1
9527 2066 8775 890 13736 14820 -1 -1

8003 13316 13873 1231
16394 15005 5846 8731 19750 10279 8961 4359 5649 13748 18148 12479 9082 18551 5902 12555 -1 -1
5311 4914 3123 11272 13039 15944 19806 7016 12769 7331 -1 -1
12522 6420 733 607 10373 2401 11678 131 17638 19100 5326 10321 13535 13565 10183 2897 3883 14434 -1 -1
8974 10077 19386 10340 1877 8715 -1 -1

18470 6500 434 9437
13716 10180 577 4220 11465 18709 7175 9314 13405 3287 15333 10551 3082 16490 10467 16114 -1 -1
5471 13818 18940 10244 820 7360 1820 18611 16742 5894 15066 5397 5565 10468 -1 -1
19970 12211 6295 11443 16182 842 8877 14220 9576 15861 2692 14970 -1 -1
16284 19481 16155 15098 4675 16892 -1 -1
18678 16852 10525 13824 4925 11691 8341 9445 -1 -1
19698 11202 17171 17665 10804 12722 16967 15122 15406 19896 5669 2062 7957 12896 2125 3588 5375 15679 16274 11700 -1 -1
17309 2600 14771 16401 19963 5438 1077 5826 18470 10971 15948 15827 10290 4329 -1 -1
19300 19001 10313 4909 12066 11789 10768 8347 3527 19580 -1 -1

5708 6117 3805 3414
19793 15537 15842 17591 17561 7807 2064 19219 3957 7687 10252 19511 1060 2918 -1 -1
4230 629 8957 6246 -1 -1
2133 13585 18321 1618 12724 7373 -1 -1
16204 15155 6199 16917 -1 -1
9829 11847 17184 11642 -1 -1
1274 10624 5083 3381 19381 19147 7385 16939 4836 604 13997 8572 5225 8526 5753 6161 13111 11872 17986 16996 -1 -1
3324 17927 12887 7714 19139 19452 15507 19088 -1 -1
8007 5127 19891 8837 17084 17966 5037 13999 9664 4429 -1 -1
12904 14896 2783 17795 5487 4468 10837 16490 5629 19244 7662 18477 -1 -1
14547 9015 18480 3966 3039 13551 10474 7179 4798 5170 2736 1273 6622 19670 -1 -1

12940 5370 17900 499
10895 250 11049 11204 5909 13848 5062 9443 11000 19910 -1 -1
19100 8300 11251 3092 16733 16921 17585 10104 6130 2623 19111 13933 19109 2367 12409 6802 13800 6331 13403 12989 16026 15035 -1 -1
154 15326 2287 10767 10818 13351 6684 4700 2508 17248 4846 15488 14196 7789 1123 17188 -1 -1
18001 4164 12004 10513 11453 15670 7586 13862 16083 17194 488 2049 13863 11859 14750 411 17208 14750 1606 11300 -1 -1
19816 17052 8453 13483 8973 13405 -1 -1
8849 14013 8848 3386 19148 13257 2858 15361 7332 1988 5418 16906 17303 13088 -1 -1

2909 12412 11156 7247
4469 13499 11144 1461 -1 -1
11897 3541 19264 17959 7155 2607 14383 7284 18352 19601 18299 12749 18437 4821 7818 17018 14605 11635 18670 8257 1061 9030 -1 -1
12612 13117 7553 4028 7893 14499 13250 8383 6017 10676 -1 -1

5718 13011 9856 14738
17870 7742 14264 10925 8053 7696 11721 8181 -1 -1
10112 16768 16182 16446 5405 12236 11799 790 9841 17973 5662 13281 5318 13709 16005 7745 9232 11053 11406 13935 -1 -1
7994 1043 2074 16016 8820 3633 3705 6075 3501 16681 11114 2235 16049 13065 3372 15908 8373 8735 4311 17867 18941 17114 -1 -1
9968 9036 7758 16747 -1 -1

15977 8047 11179 181
11014 5973 11834 11657 19248 18171 -1 -1

1701 11865 19114 13504
2129 8805 13126 3215 1388 7047 10847 11164 15314 16266 12063 15878 -1 -1
15775 18373 13404 12556 16029 18500 4619 279 18953 4745 11223 13222 4857 641 11736 10306 2930 16794 -1 -1
637 9045 8158 4177 13893 13410 13964 12604 4896 3929 1556 2373 5459 19613 10838 4590 17054 16312 -1 -1
12498 173 7692 85 8068 9861 10589 12757 11479 5171 10393 10824 7916 8563 2742 19205 16289 16416 12676 14555 13470 158 -1 -1

9464 2284 5387 15564
10075 2324 13856 9133 4824 6973 19841 204 7388 13475 13907 18434 5913 1987 1443 8570 9701 15049 18520 13795 -1 -1
2310 11270 10918 150 4871 8143 2893 12592 9351 17667 15816 6224 3275 4303 9346 12911 -1 -1
8509 16325 18747 4620 -1 -1
13873 11373 12540 14811 11676 19058 699 11131 2917 1559 13854 1653 -1 -1
1960 6579 5098 6977 833 2964 7440 18167 10757 9623 10099 2170 3434 17528 7326 16641 -1 -1
15730 12230 11941 5847 18230 1322 5707 5989 18048 8950 2141 3643 -1 -1
12533 3698 10563 1220 9386 13169 10358 4514 17022 5825 19896 12514 488 9442 2301 16339 -1 -1

9559 3389 6845 19978
16617 15977 1995 8613 12122 18359 13344 15949 19877 9863 10543 935 2259 6923 13674 12034 -1 -1

3294 7357 19002 18828
2960 3317 16840 2290 7131 15796 959 16675 -1 -1
3702 10966 11573 8973 5797 15862 15743 10174 6505 5627 19782 13706 3135 5580 -1 -1
10233 9423 8315 1138 -1 -1
3515 16234 5219 13815 3389 1608 594 5696 8257 14931 15064 15328 9532 18658 18978 17551 10547 15091 11126 16777 -1 -1
11300 3404 16432 18255 771 17802 1970 15512 18901 1500 5093 13596 11377 7706 15996 5262 1654 15491 17657 15888 -1 -1

14804 338 11832 7791
15247 19042 18350 12625 19383 6729 7635 9317 5613 6361 7517 1954 -1 -1
15948 15147 10812 5612 14348 17553 2224 6402 -1 -1
2315 12070 15698 11382 4026 12153 7678 7912 16370 1877 16094 18161 9659 11637 4269 15866 3061 3024 19983 14597 19519 15456 -1 -1
1904 278 2411 11332 15746 7866 3289 14539 10532 732 -1 -1
10868 14425 6086 2819 19936 15586 7495 6582 18819 5403 16427 4583 -1 -1
1832 836 18788 8128 4186 7953 19375 121 1988 1192 -1 -1
4975 1275 1794 6515 2936 4748 12727 12835 10674 1559 17687 19505 -1 -1
5989 132 2994 598 4710 12942 15140 18368 -1 -1
13193 1222 10728 5322 3846 9062 17922 369 10089 3963 4618 12190 8014 18468 18305 19038 -1 -1

2141 11305 52 4092
9056 6408 7303 30 5817 19339 1678 3261 10551 13326 5473 4091 -1 -1
19541 10226 19323 11007 16788 2456 -1 -1
17987 5226 17763 16642 3300 1066 11067 10689 -1 -1
15277 19123 12954 15687 11879 11862 3434 16661 2104 5138 -1 -1
5790 19995 538 3596 19976 12356 6025 6193 13174 11695 13649 1088 11475 3944 -1 -1
13878 2440 3342 4389 4666 2343 -1 -1
4112 10378 4514 15462 12850 8368 11262 7852 19120 9116 -1 -1
8424 12326 15049 18794 9718 2437 7374 4173 13570 3874 6686 6273 19070 2853 4310 14049 1412 5147 11396 12922 11892 10168 -1 -1

18895 3175 3024 267
5763 2615 19184 4873 11254 11389 16647 11436 17088 2286 -1 -1
19061 10417 5557 4322 15328 19601 5691 16384 456 16206 14118 3775 4031 19479 6480 5195 -1 -1
2175 13094 3654 5736 17186 551 12677 12528 17871 5425 6433 12989 2098 10903 17998 17668 16839 495 12132 6751 -1 -1

13276 16917 2580 5809
6299 15278 15970 14683 17602 14453 11488 191 13956 18236 5940 10215 3047 19580 15946 7723 2391 1940 16158 3922 -1 -1
859 9173 10514 13853 4255 4239 3305 17662 -1 -1
18373 8453 11452 4427 1090 4499 1366 14477 -1 -1
12934 7774 15427 1694 13672 19282 9448 19625 5414 5279 7599 8686 3380 8693 1463 1590 1496 4752 1877 3628 13283 7763 -1 -1
8387 19802 7228 4466 10205 7688 14870 9111 -1 -1
9674 11013 2059 17733 4821 16906 18295 18108 17279 2393 8206 14610 -1 -1
19363 6747 4471 13334 18795 11158 13743 18031 18150 8928 15326 1403 -1 -1
13469 10535 15060 6211 13843 8049 -1 -1
17812 2407 1828 8916 18283 14375 12797 18650 12166 15529 -1 -1

14096 357 1261 4713
12615 12834 6062 6850 15408 9345 18821 9818 17258 5815 16386 5648 15577 13406 -1 -1
3666 19485 4740 12550 935 9345 11394 17819 14480 8914 19583 11364 17917 17968 2889 10537 -1 -1
18665 18928 815 13376 14407 18684 -1 -1
8830 2889 8412 7612 7214 11511 5111 7294 17618 17532 2223 13454 19540 9429 11230 17164 8070 11743 18798 4810 18402 2062 -1 -1
15330 6863 10735 12846 -1 -1
1315 1646 11027 9285 15032 979 5758 17507 3624 4235 5332 9705 -1 -1

13363 5431 19088 4911
13655 1788 9751 2877 19456 19841 16345 17572 14136 164 5457 9711 10529 3264 18775 48 -1 -1
6627 11168 19147 260 7190 11085 3905 1624 3638 11335 9300 14666 -1 -1
946 15169 10814 42 5680 2309 18828 624 15643 19363 15496 2344 16909 7803 6808 2709 3544 17127 3215 3570 -1 -1
12283 8360 13 14195 3293 12159 18177 3072 12250 5589 6620 13342 6177 9940 14201 8164 -1 -1
8092 124 4670 1420 2408 6525 12789 5905 -1 -1
1707 5620 17184 2059 2772 15425 15458 11768 6867 12342 12327 9608 14523 13647 635 16089 9851 9146 -1 -1
10898 548 3937 17921 4827 18989 10182 7846 3400 17530 18005 12354 5169 2695 2426 17267 854 2589 -1 -1

17170 1737 6888 15822
24 10853 11904 1854 4193 4973 7402 3408 4516 17680 16350 4333 8552 8513 11089 19539 4148 13435 -1 -1
5559 18581 5120 2388 691 2402 17553 1936 9960 18379 12327 10776 8457 6696 18707 4122 6321 19420 18002 6327 4493 11336 -1 -1
5539 205 19082 14488 7408 10924 6502 599 4781 14772 3704 1374 13129 19582 14704 2242 2069 16395 16239 3356 -1 -1
7215 19467 4646 13163 6052 2027 13454 15744 1176 2771 11881 3900 7375 105 17328 3396 14952 18691 -1 -1
8844 12939 16348 12433 -1 -1
12531 16909 16790 8698 16773 10847 -1 -1
3494 15447 979 19917 13306 12738 9352 8618 11850 15133 12084 7161 7281 15553 17506 8307 14837 15416 7954 6905 19420 17123 -1 -1
5522 16971 9225 19879 19005 6695 15420 2902 14310 11485 16266 11441 10627 9797 -1 -1

3928 5690 14523 12061
14140 14466 13967 2872 3476 3808 12145 3906 9232 11160 3780 1811 17664 579 2646 4255 8951 648 -1 -1
10533 14545 13510 1182 6374 2373 17045 4902 5069 10686 18982 19017 7835 2130 11499 18661 1556 4950 1343 9072 12857 19972 -1 -1
7397 14287 16139 18788 8842 14696 17950 16257 6114 69 6431 11938 5755 4836 3740 5395 10701 10346 -1 -1
9806 5984 13839 6746 5576 11771 16903 417 18585 8105 17138 6367 4185 6708 1419 2857 5875 1353 12832 6875 19421 15749 -1 -1
4852 462 2860 12775 12087 19580 12493 18635 15412 9324 15407 12154 9767 16983 19390 12427 7633 18012 8607 9690 -1 -1
13243 13612 11198 7111 1304 1975 10233 18886 635 9626 -1 -1

7909 3837 9640 15289
3213 2506 1114 13803 -1 -1
15166 13197 9574 13420 12561 4295 17214 8758 14762 10684 4286 14774 13676 19613 1922 18457 7535 17223 11996 6642 -1 -1
7246 9899 14214 15567 10926 4377 11708 13869 12610 7254 8344 12232 3890 2338 12716 15944 5805 12562 -1 -1
14023 5454 13879 6922 8253 17506 11034 3913 17418 13920 6752 12695 3570 589 16464 12171 8577 3766 -1 -1
13114 5809 7297 12173 484 2186 11008 19383 13740 6583 1898 19113 -1 -1
5567 12110 19333 8080 2750 18636 13450 11941 -1 -1

2488 4384 375 2249
19 3924 7304 16854 5524 6756 9597 10860 6755 8345 9049 10423 5731 9630 6833 14079 -1 -1
17418 16737 18303 7177 13714 11786 1614 5477 16766 17207 -1 -1

8721 18588 4124 4615
1251 3828 4253 16453 12598 18543 18995 16106 17933 12694 9497 2708 5931 19288 10859 13239 511 3778 -1 -1
13753 12619 7293 18854 1794 7842 9798 14025 3942 9713 14452 4397 170 8768 8380 4117 -1 -1
8968 5917 11080 3207 10073 11654 -1 -1
10554 6217 8150 8402 -1 -1
3499 7788 12405 15619 14392 14294 13073 8063 -1 -1
15151 9501 12135 7899 13870 7648 5602 17087 8567 16850 5970 6994 10388 13046 19258 4244 19331 660 -1 -1
3653 1188 2748 243 1893 11549 13013 11938 19896 18768 17639 6825 9183 10541 12164 17924 1063 1782 -1 -1
13216 1419 15537 2649 6067 18446 -1 -1

989 10384 4253 5740
15515 17373 18652 3522 17411 665 5269 3107 11059 6672 12317 10379 6971 2991 14659 15230 4287 13738 -1 -1
2160 13954 1348 12011 4071 2107 178 13337 15648 19373 15327 6042 -1 -1
7696 10739 13816 16460 6719 3004 1771 6198 7493 7801 742 1896 4027 2703 2079 13950 -1 -1
3314 13619 11050 18379 10836 9697 11562 8774 13441 17066 -1 -1
12655 12953 14018 4646 -1 -1
16698 8823 6358 18192 456 5256 16303 1612 17276 16060 12280 14042 1906 7146 360 651 8726 16056 9475 2693 837 5577 -1 -1
2323 16275 2400 12019 18588 5563 5658 9053 18195 4305 13302 3342 1223 317 14237 14028 14974 1598 1376 15254 -1 -1
6943 11298 8170 12015 -1 -1

10730 3616 15284 1174
19238 4652 6844 2344 3237 10893 7103 13744 1021 12024 3962 12515 5769 15549 13893 13170 7645 194 -1 -1
19221 16761 928 12464 4997 1960 8157 6858 1702 7459 14778 8287 -1 -1
1577 13595 5604 4023 12558 333 5564 2168 19167 5219 7042 957 10084 777 12806 6065 -1 -1
15721 3760 1691 19783 13383 4626 28 12513 -1 -1
12255 16444 17891 11231 4440 12423 14736 6998 15552 10290 13454 4643 10036 18780 12481 14629 9870 9055 -1 -1
9692 5011 5408 16262 8056 12179 10645 1954 9982 5203 12783 1387 3629 7544 12687 10067 -1 -1
3864 5584 9599 14769 17562 5779 13433 5265 15549 3981 18286 7083 3432 16362 16487 2319 12212 17894 15545 8281 10398 14502 -1 -1
15144 14909 18554 19170 15375 1761 7712 5500 14595 19989 1224 15466 17026 5746 10205 9351 19285 17424 15724 7581 12297 12860 -1 -1

14056 7351 13235 3087
10049 12251 2347 5521 16143 6802 3105 3138 19449 19048 4571 8905 4584 16634 5236 11593 13546 6418 9321 7788 17666 15889 -1 -1
5108 6137 15570 3596 10642 9162 938 2305 9701 6763 17273 4198 13514 2470 18186 6193 1403 8178 15582 8586 -1 -1
9313 9070 6161 19098 19912 14857 13010 18289 17833 7461 12070 15608 17150 12575 3658 10169 2545 5905 12625 12428 -1 -1
9045 11294 8360 7576 3605 7514 14975 3930 12216 11615 -1 -1
9739 18538 15277 10870 9913 14306 8946 3522 10859 19995 5775 4252 13090 14746 9537 4030 4826 6576 -1 -1

6540 7944 12705 17700
3674 9149 11980 15975 17098 8042 1500 17999 14514 6856 571 18752 16799 12003 12733 7593 -1 -1
8351 4552 3506 657 9255 15518 15788 585 -1 -1
16529 17670 5758 13840 137 4014 7039 16954 1092 18265 6062 8564 13932 15352 -1 -1
10082 17642 14325 12970 18849 13000 4866 18032 867 11424 -1 -1
17609 8410 8243 7275 1458 9167 -1 -1

19356 4665 3898 6861
5547 9223 1725 18672 -1 -1

3193 18082 18421 13660
18831 10033 6691 12920 337 19610 6801 12250 5120 1583 -1 -1
8563 12749 17562 16946 16742 9575 8768 2221 3449 3020 7094 668 13503 10428 11175 14063 -1 -1
9292 14713 12436 6741 3629 263 1984 12103 15574 4685 19488 5036 -1 -1
18676 720 4690 12742 11185 15515 18801 8135 15615 6378 11084 2542 9676 6612 4037 10941 10903 18389 467 841 -1 -1
9841 15280 11690 15615 1941 4548 9502 1901 91 9198 12909 11333 7654 1921 -1 -1

4612 19407 17105 7822
1965 19191 151 5924 -1 -1
19282 5040 12894 10728 14519 4931 9452 9679 18858 741 798 16790 11232 18290 14445 15280 15828 7583 -1 -1
13902 17180 1630 17458 2161 10176 -1 -1
7818 2118 7212 16506 -1 -1

14579 3865 3436 8275
2081 6286 12567 4043 -1 -1
17613 14618 8022 5291 -1 -1
16463 8538 16380 15175 19006 2195 6712 851 13101 5430 7512 5676 2647 12376 11851 18560 -1 -1

18311 3988 12707 2386
1553 2072 4716 19213 14544 9168 15413 5692 18530 4081 6878 13389 13044 15244 17484 18808 12362 16739 10357 3442 13269 10987 -1 -1
19055 7791 8238 12379 17879 6483 13957 865 -1 -1
7674 1518 768 4596 14315 4561 -1 -1
11668 9611 15903 12809 9905 12270 15737 14137 6158 8736 2650 18429 6115 19098 5833 19446 -1 -1
7853 8610 19072 15316 18793 16276 12761 10950 7821 2006 7877 17331 10926 5706 10888 5792 4088 13188 1252 15023 3751 8308 -1 -1
6554 19156 14533 13259 1949 12228 -1 -1

10882 19977 9464 3208
3086 5490 7511 5687 13332 18842 6669 12786 12318 9877 17866 11247 12875 6699 -1 -1
1692 11534 16119 11006 9375 17036 4759 17673 13242 641 10726 9624 12547 6153 6868 17386 11541 17967 6523 9045 14277 10379 -1 -1
15483 16661 1217 16540 15166 9006 4832 13712 -1 -1

10692 10004 7080 6766
15875 9002 18748 1895 -1 -1
5505 14714 12330 17451 15166 8375 9865 10521 1988 12320 12903 5088 18171 13651 -1 -1
5292 11987 7643 8392 13570 9180 6513 2529 1291 18931 10750 12185 10956 3329 8891 3142 50 14963 -1 -1
10031 16264 5393 2477 154 13592 12382 13094 18396 74 18216 1055 9815 5703 1348 11297 -1 -1
8822 13307 5211 11204 16418 956 8072 17340 15049 2091 18723 3699 18484 11262 17378 18787 16559 5447 17098 7870 4847 8758 -1 -1
19291 17675 18084 17119 -1 -1
11295 6753 3817 1584 11928 18833 10051 17646 18658 11003 3548 11208 -1 -1
7204 6246 8220 16252 912 7149 13817 16492 15142 7714 16601 9782 16327 15846 18115 19377 12899 11459 16404 6791 18831 12643 -1 -1

14801 1247 4849 6028
6972 6651 11344 1587 10024 9995 8730 5640 15048 2327 13362 5793 355 7091 12639 18857 -1 -1
18276 15552 3572 12984 8565 16215 6299 6813 18188 16320 16753 10148 8558 10491 9019 8616 8312 13469 9038 15822 -1 -1
8322 487 9295 19960 560 17160 -1 -1
12640 18193 5030 6588 3069 6403 19673 9857 6289 4643 1083 6771 -1 -1
9600 8126 16019 13386 18843 7907 13490 341 12830 9963 10722 5051 9518 457 5652 16126 -1 -1
17676 13166 13112 17553 13734 11945 16366 5924 5679 16143 -1 -1
2985 7321 4942 19908 12067 7850 8181 7068 4606 17760 17696 19658 15470 17924 -1 -1
13073 19792 3076 16707 15851 3734 -1 -1
5523 12859 11239 17652 12058 6648 14650 4585 15610 17270 -1 -1
938 17632 220 10514 19612 5475 -1 -1

17705 4995 17721 11269
15444 2294 16771 18395 1212 13404 16218 4406 4036 9733 4387 15518 -1 -1
1985 14028 7032 15266 8413 784 12071 19780 -1 -1
3195 17940 5347 1908 19870 2490 4491 15651 5001 7400 15220 16888 -1 -1
11184 11671 6361 17781 13297 12445 15097 3139 15413 4342 10013 2146 -1 -1
5771 1213 9495 18044 10198 23 4942 14431 19029 12701 8445 2948 45 5510 9575 17573 12293 3333 5153 18763 1430 8843 -1 -1
5514 6351 19096 5896 3490 6499 -1 -1
3587 5091 15557 12786 17315 19222 8069 6201 14028 11377 -1 -1
250 4421 13116 15516 7766 12659 11528 2363 5511 15886 18415 2376 7782 5256 12590 15914 11374 6318 4278 1241 1749 2986 -1 -1
15197 18601 15864 3616 6829 1814 -1 -1

16462 5075 13969 14577
647 13196 12532 17823 -1 -1

8018 9992 12797 991
17352 9800 4065 14161 13661 17082 7088 9405 7469 8657 17469 5456 14714 5685 -1 -1

3907 6906 18835 14433
2299 646 16595 5446 19780 4019 19382 14025 16182 7502 19669 15781 13610 11228 14753 10906 5085 10126 -1 -1
7353 5453 7162 14249 3375 13206 17995 11029 12144 16475 19529 18338 13397 17539 13814 11415 13595 17757 6025 17261 2135 7355 -1 -1
17239 18078 7001 13623 2268 89 -1 -1
17260 15706 8409 1135 1420 13882 5554 11114 13729 16692 58 7741 -1 -1

12040 17824 1260 8432
7301 4759 3641 14771 2474 3711 1971 18304 9690 1992 3936 15455 17391 19224 -1 -1
297 19542 13228 18619 -1 -1

3094 15317 6332 16412
10255 17287 103 8808 11224 14164 11843 2328 8975 8575 2706 8006 15833 12543 735 9413 9800 18186 4856 9753 5475 8910 -1 -1
12092 5554 17035 5810 12583 15282 3967 11933 484 6489 4072 347 9061 17996 4640 4737 9742 16311 8621 2973 1662 15808 -1 -1
12247 19835 14557 15492 3949 7902 9814 4576 5620 12740 5345 975 -1 -1
14923 12086 4677 8713 -1 -1
5451 15457 15668 349 3619 9526 8085 18254 12390 4323 7086 13424 3462 16444 3588 19082 14003 14537 10646 4768 -1 -1
7951 11129 3359 3913 9864 9387 19001 19695 -1 -1
14545 8103 8987 15013 11012 18824 760 18184 7794 15882 -1 -1
17606 9049 4841 14132 10084 18670 -1 -1
1433 12084 5250 11284 14802 3368 6748 17211 14183 11803 5953 5576 17784 14993 1402 12886 7223 7884 17717 18527 9017 19331 -1 -1
8248 910 4221 16722 14998 4058 15465 19818 13130 17411 11834 2517 437 4599 12250 7005 14756 5293 12773 17465 9758 6656 -1 -1

19972 1119 6956 9017
13548 3557 5038 6754 3906 1373 18894 11032 13063 19125 17434 3181 12082 7338 19857 8843 3141 8333 12380 19445 9202 414 -1 -1
16945 1884 9790 15782 4194 10782 923 4025 1396 17452 2446 6714 13381 18240 2776 9664 140 16183 -1 -1
13954 9328 11232 11510 11117 6502 12591 17677 -1 -1
755 5425 7403 18335 3730 11085 6347 1461 4825 6623 16297 3560 3984 407 -1 -1
3651 2634 4113 10624 7395 17242 4886 7563 6935 11334 14329 6651 3613 16139 12148 470 11683 4567 4309 4685 3862 18727 -1 -1
1838 1196 5821 8231 1682 13114 17602 11736 14148 14739 -1 -1
6777 18291 14212 9563 19589 9086 6529 4478 3948 8216 2457 13666 19092 1347 16889 15613 5202 15366 -1 -1

4009 11370 15896 10869
9696 9006 19303 10233 8492 4097 16867 2564 7870 13331 -1 -1
6287 1805 8885 19252 16599 17492 637 80 14274 1457 4348 13868 2984 13291 -1 -1
11467 1304 8323 7505 11306 13874 17915 17043 3543 7797 9029 8822 14550 8008 13937 17288 18149 357 19446 8952 158 18009 -1 -1
5359 6819 15566 67 13074 479 2722 6742 17874 8589 -1 -1
7056 1582 11897 6275 19718 2565 19485 9251 11076 2257 2020 1652 4820 15666 570 4761 12109 13144 -1 -1
7489 6030 5278 4767 15901 17843 9811 1947 8765 4506 19080 11632 -1 -1
5357 6124 3588 3825 5338 10905 8179 12741 9770 14967 8985 15556 1327 16773 16452 2645 -1 -1

11141 14432 3963 5562
5708 2881 13381 805 -1 -1
4377 19855 863 16525 865 17532 16113 455 11239 4796 12543 13669 7805 13046 7372 18845 13138 15282 7423 15329 -1 -1
8039 4329 12785 13135 11133 5773 170 14020 14218 8733 19079 8452 9356 19320 4375 7017 -1 -1
3888 11748 17013 2053 4796 18621 -1 -1
4 2120 9352 1190 14402 13698 -1 -1
12695 4344 12356 16465 1646 14226 17425 16195 214 17713 19955 4005 10465 7780 10426 9006 438 17693 17610 2463 -1 -1
2912 3459 10168 16350 6879 16951 19922 15745 14768 17524 15576 5680 -1 -1
157 5650 7476 14653 15577 1249 19932 5887 -1 -1

10123 19349 2793 591
6011 14286 18049 7034 15814 5152 19400 5571 7297 18363 11636 19487 12008 3256 10372 14079 6561 957 17997 12517 -1 -1
12017 11596 19431 3506 8414 10395 12347 19029 10108 2039 15457 12605 16729 18319 10064 18219 12880 1974 7430 9363 12132 2143 -1 -1

19290 13228 18542 7099
4595 3113 13410 9391 2694 9901 384 16963 -1 -1

9415 9692 11195 10850
11493 5862 19436 7841 622 11266 7090 2803 18271 7937 6039 6952 6414 6501 702 6895 18281 18351 5833 18107 -1 -1
704 15292 4188 12675 -1 -1
15305 17037 1522 14606 10688 9199 8859 6009 2942 12591 19100 3439 -1 -1
15367 10856 17558 10646 6830 1620 19683 16340 4049 3912 7817 15730 17990 12220 18478 15253 14350 8368 164 9305 -1 -1
15394 121 13993 18110 8722 1719 9216 11610 10556 1783 49 17980 -1 -1
7226 12454 16831 3764 7427 16947 17672 15203 10970 14802 19921 10348 13330 17382 6236 18056 -1 -1
3374 16949 8252 14741 19836 9322 -1 -1
289 5438 13868 16583 10540 11419 6322 5796 15872 12947 5629 3558 12755 6024 3210 14448 -1 -1

3224 15153 14067 2511
7734 6023 17046 16143 1542 14896 18495 17591 7173 5614 975 6058 -1 -1
7777 732 8282 16122 17117 9164 16345 4163 913 1601 19331 18494 19017 17736 6860 6692 12772 14190 15299 16331 17497 8303 -1 -1
19496 2561 19541 3369 6718 2283 10174 9256 11386 16291 7275 576 3320 52 13407 5018 6138 4721 14920 17024 14358 8921 -1 -1
8915 19845 1621 8968 10580 8033 8913 14752 3962 9717 9440 9746 16031 11470 1926 11317 17663 10752 13228 11109 -1 -1

4379 3247 2459 2715
4025 11676 10770 16494 12086 1592 3231 8368 9629 6888 -1 -1
5876 8292 11696 4262 3583 4961 17105 977 17119 11723 -1 -1
6749 17045 11373 14887 10073 5455 -1 -1
2355 14751 12804 13858 8690 13328 19466 17503 1176 18977 9868 2336 16506 17586 1809 5883 -1 -1
5784 18988 3149 18751 13758 19243 -1 -1

14913 16028 3938 12287
7274 16742 13842 14140 18136 9615 10727 8683 16318 4009 10193 16442 869 14934 586 8093 18324 1000 43 14674 -1 -1
10375 12163 16831 16878 6141 4838 7744 852 14740 17092 16753 4520 17803 892 14362 14395 734 332 17870 7695 -1 -1
10295 1114 8531 6390 3901 19985 8519 10961 3717 17798 14197 7599 5244 4969 15843 16177 19361 16443 8451 16491 -1 -1
7388 5551 1335 463 13446 5357 1868 9223 12945 2207 -1 -1

10265 705 1451 4533
8903 15263 5340 9683 2212 15916 18234 15417 14400 2159 2398 10091 6229 15694 2945 6002 6428 12717 17777 18108 -1 -1
11315 7044 8166 10922 8721 15840 9188 10399 16951 8340 19636 12579 -1 -1
5986 11547 12999 15403 2443 7439 4216 1948 11089 16426 5006 18362 3854 10794 2168 2315 13561 18709 2941 9272 -1 -1
12952 19243 3787 8684 6086 14928 -1 -1
4224 2013 12966 1421 8290 499 14659 7228 85 12992 15330 1026 7971 4816 13757 18552 -1 -1
9508 13479 19958 1511 19251 11371 -1 -1

9741 12405 13750 12383
16923 12934 10829 6286 5894 19174 10190 12444 13164 19478 6561 17606 8082 1702 14701 8884 4285 3148 588 15773 10708 17451 -1 -1
19226 13830 4118 3076 1590 5597 9381 1911 5317 6746 10092 14828 4157 3092 3432 6127 7379 6664 243 8135 -1 -1
19592 8665 4503 19741 430 14798 6971 11084 7844 2489 14945 1404 -1 -1
13311 19862 17864 10221 14612 16804 1797 10671 415 5606 18519 2242 9805 11792 470 8536 13496 11864 -1 -1
2386 7706 1326 15692 17048 2940 3482 16124 3893 7898 9667 18436 9004 17534 2723 12319 12153 7264 5860 991 8477 7743 -1 -1
16426 13219 4582 8611 8379 13208 3075 18769 -1 -1
19565 5682 15108 17966 8818 8570 16780 3839 15034 9731 12834 6248 18000 18778 2566 14067 13325 244 8255 11781 10373 11232 -1 -1
2084 3037 18407 18875 7090 2808 7964 19266 15055 14254 6186 14392 10032 8384 -1 -1
1686 14239 18944 13202 18121 3465 -1 -1

12969 16012 15686 19688
6710 9460 15053 4545 2911 2103 2429 3191 2889 15428 15346 15561 11441 9100 9308 16855 18236 9638 19717 628 -1 -1
6737 10885 1220 15864 16037 8129 9722 12831 4210 441 17219 10967 15747 9954 12514 16383 -1 -1
3359 16457 986 10221 617 17238 6580 2125 11204 11431 3106 11686 6840 7603 7102 10496 -1 -1
9308 12555 19901 16464 -1 -1
14720 1026 5615 1475 18229 11585 12331 10991 8685 14222 635 3681 1025 11890 16443 13593 4065 567 12393 6172 4558 13432 -1 -1
478 4013 1593 2754 1831 12790 4488 3639 2269 4336 214 6194 9905 1999 -1 -1
15098 10182 5354 9351 -1 -1
594 13327 7514 2495 18712 12628 5939 18040 4415 889 -1 -1

14888 9435 14952 4798
14648 14745 13437 15377 7420 1364 11644 7425 10407 15327 13724 15848 -1 -1
10933 2327 12593 4175 10334 4424 -1 -1
5011 7095 11426 11527 12416 13639 9572 11676 18291 7248 19131 17716 18955 7760 2428 409 10662 6745 17884 17635 5283 7790 -1 -1
808 5292 13093 11467 7724 6334 19067 6919 14618 12991 4220 9346 -1 -1
2811 2047 19421 2476 3657 10835 -1 -1
14380 3313 5032 7955 11400 11261 -1 -1
18532 18412 10796 18322 728 3783 8169 1126 10795 19980 8868 11716 4146 4167 -1 -1

14350 5595 11459 8848
9746 682 12532 1273 18840 1697 8335 14207 16621 14057 11232 12710 9252 15035 15192 3605 1872 5008 -1 -1
5065 18896 9872 18917 13068 2152 15911 12864 6611 1291 8994 1942 5679 8860 19389 3604 11073 9999 -1 -1
18062 1193 7151 11345 5188 8702 11673 18640 15319 17661 12684 9660 9606 13630 15168 15323 -1 -1
17647 6932 15426 18824 -1 -1
8748 13771 1789 13452 17008 1361 8555 18023 -1 -1
19863 3661 14365 12744 14804 6856 8861 14366 9286 13342 14592 3641 18059 1434 4291 5387 2594 6573 10273 10170 15462 4329 -1 -1
5915 10919 7400 14798 13670 380 2929 18006 3370 15343 -1 -1
14220 17268 19071 19578 6994 6380 4816 19215 7532 9811 17289 5211 13946 14956 -1 -1

12619 14032 5460 18635
16755 11460 13840 6194 7572 10957 392 8571 1497 13048 12684 11767 5680 17073 -1 -1
12212 4992 10737 4865 19636 9115 15777 14205 -1 -1
11710 10676 16656 5593 2805 18101 15463 6328 5353 7780 18001 8850 6159 443 5079 16447 5039 11260 2178 17026 -1 -1
1211 699 9847 460 6940 638 13120 12963 -1 -1
16085 15993 19432 55 -1 -1
5993 16228 9306 9742 -1 -1
16871 15623 13266 8988 7742 14613 4392 9627 18787 14785 3299 2293 19930 8621 19627 17430 -1 -1
11568 17139 11519 3536 1786 1383 17073 15075 2198 5687 11667 10746 13947 4257 7118 10608 3740 16161 -1 -1

11075 7572 15638 12691
18316 177 6403 8397 3007 16194 636 6563 -1 -1
13916 7257 10619 15376 19041 16571 16173 6279 19618 444 15373 4527 13503 889 -1 -1
19964 14256 3345 17869 10851 13861 7248 7186 10772 1887 16282 17546 16802 11553 16636 10530 -1 -1
18560 18452 15709 392 12915 14861 1806 3851 3023 9869 -1 -1

13729 13978 4417 1799
14033 15364 8162 11872 17535 18910 3229 12670 7112 13334 7614 11015 8210 8829 10786 7613 19755 1033 -1 -1
7439 12090 14903 15776 5135 7838 16726 18068 -1 -1
536 3158 17928 11599 15152 6490 15616 11721 8467 14933 9884 17105 19594 13213 15657 8029 1836 4305 17595 11568 17887 6820 -1 -1
13146 13932 11036 5910 14039 19984 950 17585 -1 -1
19493 1452 5185 11975 1152 11748 6622 4893 5787 10722 17121 17447 2021 15237 11206 17906 10226 4959 11205 7800 -1 -1
508 19511 6005 6492 10907 9818 11366 4514 18765 5939 4840 421 5742 15082 19786 499 -1 -1
16720 12181 18350 10517 15072 14310 6919 9062 -1 -1
17349 19571 3580 4986 10215 12134 3001 17037 19759 16815 1066 19187 13122 19628 18870 7903 17804 10137 -1 -1
8109 15040 12487 945 1025 18109 1992 12612 19135 10216 -1 -1
1462 12758 554 16032 6073 14643 7054 13610 1705 19943 -1 -1

197 12796 4728 2677
215 19112 14774 17681 4458 16043 7930 5382 17454 19909 2711 9558 18262 14788 -1 -1
1886 9169 11788 1466 19983 17419 635 6412 19041 10207 12149 16465 13737 12237 17311 14547 3035 14016 6951 5239 6928 10597 -1 -1
13216 3531 11732 16151 11955 5093 7475 18422 17561 4886 11396 12915 16234 3718 1373 4335 6019 5669 7162 7374 1484 10304 -1 -1
6901 9083 11884 19632 7220 772 1007 267 10765 6605 6398 14326 18218 18045 -1 -1
18366 5305 5810 4775 8385 15525 6663 5784 -1 -1
11454 9039 19796 11035 13859 4836 6185 15989 129 330 18495 6999 8008 6390 -1 -1

7959 1963 14625 12384
4743 855 12052 13258 10735 5524 17714 3146 8877 11315 497 1723 8482 10628 18270 10125 18821 18804 597 9164 -1 -1

3614 9721 553 9443
16917 6727 2174 9057 5521 4155 16947 5076 8043 19917 1204 9979 19962 13888 17004 219 -1 -1
17296 13040 646 12519 3972 15691 5560 10563 4808 13949 -1 -1
9833 19835 14790 16286 6239 14597 16041 15406 11699 13255 4038 9809 5791 14540 -1 -1
17581 13736 4753 7110 5382 13465 15072 8635 11933 49 4414 8595 12178 12139 13784 16730 6274 18713 4901 16132 -1 -1
6858 10281 7405 11483 16968 8817 13089 158 12898 1195 10142 1454 -1 -1
4258 16042 147 9777 4585 10981 10188 7536 -1 -1
12026 15270 11407 72 10865 2301 14664 18994 9142 7386 14187 19511 9112 16920 12757 1951 5412 4380 18330 15154 866 8439 -1 -1
4836 15749 7390 18800 -1 -1
1654 1462 18356 659 -1 -1
15233 9740 104 13495 7331 9614 -1 -1

12084 19705 4607 651
17056 3298 5475 13309 16019 495 1618 10267 11810 3156 1318 14392 8716 1430 5324 15514 -1 -1
108 1984 9041 15545 5178 19078 -1 -1
10042 15210 2322 7068 -1 -1
16862 17927 4005 11720 15598 13043 7088 2419 3406 12557 4517 2397 17912 6783 15358 11012 18541 11883 11426 825 -1 -1
5900 4278 3884 2310 14120 6639 218 11500 9477 8269 15011 3293 5048 14390 -1 -1
15791 7928 8112 400 16487 4975 16697 18492 4379 16180 3455 5166 4306 5962 19395 10225 -1 -1
9139 7566 10031 15147 19440 2562 358 2291 11075 19764 6018 10339 10109 7060 -1 -1
3631 1373 3970 17282 5492 2321 12546 16633 8603 3460 -1 -1

12770 13504 3511 17415
18951 16801 10065 6329 16184 2390 -1 -1
2181 14613 14614 15624 -1 -1
10874 3094 19466 6593 12657 6537 2704 19280 15100 8569 5740 5420 17329 5335 -1 -1
2119 17142 13802 18556 13244 15898 10594 19009 9028 3587 19373 12884 -1 -1

14859 18548 15210 3208
14544 4635 2577 736 5264 7444 4868 6656 16690 10633 8116 19988 5994 8924 -1 -1
13206 9187 2756 19890 4387 10860 939 16557 2095 19004 -1 -1
9128 12871 2928 6782 19306 13093 11243 4967 19015 14105 8699 716 4085 5594 -1 -1
12721 13732 2442 7811 9181 3830 14911 19778 3893 3155 16724 15742 16903 7787 1891 1510 19600 7665 -1 -1
1334 4384 17932 4385 10332 10528 6502 8317 14087 17282 -1 -1
10312 7647 8550 11128 9659 259 10307 17887 11168 8326 16664 3635 12216 10580 -1 -1
7877 6648 3143 12838 18069 7960 2071 3017 4909 8799 13001 6518 1874 9122 15266 12360 1870 4160 3701 3156 -1 -1

11505 14024 1131 5098
1989 1076 7928 28 5123 18379 16520 7214 18632 17937 11866 15062 523 2750 -1 -1

6934 19376 16083 8232
13151 1681 2879 7501 17741 1365 16864 1933 6486 15691 18422 10993 13953 10651 6804 6625 -1 -1
2584 3500 9897 10831 7190 2309 9812 17821 15009 6664 7785 1595 987 8862 17074 176 3169 4153 6377 15742 1970 14004 -1 -1
2574 4983 12759 15547 6808 3450 11962 15581 3753 4414 14769 19085 18783 14836 7909 10943 15002 13239 9098 19033 12296 10668 -1 -1
19901 5415 1222 8133 483 23 -1 -1
6980 10690 1017 10525 16941 14991 1169 18124 16458 6528 14338 15402 15153 7636 16369 9038 -1 -1
17299 17606 11981 9280 4822 11341 3148 8422 2243 6618 -1 -1
4939 9344 5696 3731 17608 2389 -1 -1
7632 5640 3728 2084 11157 12125 14997 4995 5695 2716 11914 2514 1544 17916 14598 13737 9355 10065 -1 -1
15797 13575 5429 3886 5089 11610 9598 14296 6943 11907 12402 4197 4706 8362 -1 -1

5930 10836 4275 18848
17547 12819 12119 7496 5485 17611 12991 13182 9585 4222 13401 17626 -1 -1

2499 14899 11061 6435
4819 4666 4755 11660 8131 5613 5728 15785 10114 6690 19996 45 10254 5019 130 3872 3985 738 8378 8546 4343 7410 -1 -1
10764 16023 10587 14883 2561 9522 -1 -1
7283 16866 4971 11615 2668 3263 5843 10593 3933 6896 13837 7351 7400 2043 2053 1273 9734 15596 3300 14496 5582 17236 -1 -1
10383 15563 3752 963 -1 -1
19269 5229 4524 8453 17914 1626 13196 12564 17308 14826 17789 1844 8223 18449 2691 1047 18833 6856 11118 12225 -1 -1
8139 178 4081 7011 8038 2192 8037 8405 17038 13342 -1 -1
1600 16678 8709 4012 15187 6559 4225 6327 7463 3017 15541 12976 -1 -1
4761 10461 2921 18361 2698 18207 17461 976 -1 -1

6126 3110 13243 98
9851 3918 878 7793 14888 508 4512 11401 9428 7630 14580 7811 -1 -1
2947 10141 12997 8039 14021 11020 -1 -1
8070 6703 1180 12617 19846 17306 15214 3109 19909 6125 9596 121 1864 3568 17507 5326 -1 -1
4561 8843 7223 7581 15262 6563 17306 17904 7599 8706 11020 9154 11927 16577 8362 18786 -1 -1
4814 4990 12030 8607 -1 -1
11149 2794 8467 16902 9213 8292 2639 6357 11122 3545 13916 17718 13583 3191 7185 353 11973 10336 9227 12154 -1 -1
5373 3895 18323 288 15754 10373 6470 15059 6872 12681 -1 -1
2234 15246 15194 1400 10209 13622 2367 10904 13524 11813 15231 4816 -1 -1
13134 8372 4051 9308 2948 13628 11684 17674 19190 18191 899 15933 4683 12051 -1 -1

15907 9604 9308 1022
12240 8395 17947 10052 13808 9373 400 5945 6694 5919 19461 13518 9438 9332 2036 13769 19436 19064 3424 15890 -1 -1
19130 3169 17318 14635 1653 15645 11526 13464 1812 10770 10036 410 6468 2044 7019 11586 2115 9270 5430 6321 9691 5334 -1 -1
1664 13715 3578 9638 12314 9824 15078 3518 16936 12605 10276 2134 5489 15385 12582 16651 18957 9243 -1 -1
2265 4171 3756 10723 15885 9567 -1 -1
14288 14305 9221 15239 16388 3093 -1 -1
5544 37 2895 15331 -1 -1
15536 16970 9432 14995 19054 6436 12241 474 5977 8838 8277 7676 17082 4466 16744 1506 6110 5175 -1 -1
19439 4814 17612 17880 8334 17311 9875 557 18415 11967 -1 -1
2445 10048 15983 5952 1944 974 17957 16396 10185 19119 16561 10902 9819 6062 2299 4680 -1 -1
6849 8685 4177 14326 444 14652 12140 913 -1 -1

12210 6264 806 6866
969 6540 142 17458 13677 16654 2495 17299 18471 2199 8563 5596 16260 5386 -1 -1
8535 7898 11858 10027 19716 16593 8208 14435 15332 19752 19428 2248 18335 490 -1 -1
17902 4994 2867 16773 19574 6274 -1 -1
2123 1813 13673 10126 6448 9869 10278 8643 54 10895 10099 9194 11282 9374 867 18987 14165 16030 14521 2599 -1 -1
4258 6387 11418 7848 18631 9366 15341 5381 7971 11252 18250 14303 5047 2662 18367 14428 -1 -1
17111 12080 597 10374 17594 12402 16138 2672 5878 18422 10319 1459 6591 3902 14837 1903 8952 17129 -1 -1
5252 19796 4255 6996 17311 10484 3475 19006 3064 8251 1722 7186 499 15404 10420 953 12320 16356 12484 9178 -1 -1
715 5452 11870 14213 13150 4524 11870 17413 14793 13777 4053 13196 12986 7112 -1 -1
14963 13665 106 2964 10125 11189 12857 9307 18903 2303 16336 14889 14385 6471 6331 12415 2744 3136 -1 -1

15314 4626 11640 6830
8990 12954 2848 6571 -1 -1
5438 9486 4623 12889 17043 18372 -1 -1
14613 15162 15129 14721 -1 -1
11010 17767 4749 3060 3426 15248 2925 9181 16543 10620 4578 19829 18038 7806 6836 2418 12701 8492 888 16337 -1 -1
15791 14051 3736 1667 6289 19961 15668 12235 121 1721 -1 -1
18163 13861 15618 17069 12043 11803 14992 6233 8369 17416 9740 19480 10472 1697 884 6537 4316 14247 16211 5469 -1 -1
12618 168 7407 9765 -1 -1
4604 15407 16579 632 8031 8285 2779 1171 16200 6014 5410 12734 3088 9818 8785 8063 1366 7459 12035 3044 -1 -1

16130 8451 17844 7437
14941 9841 8312 16690 3400 14006 11845 12807 18914 17087 -1 -1
12933 9844 1823 6671 5069 14567 8789 17866 3523 1371 6718 5283 -1 -1
5080 8849 3873 10682 11706 19951 3796 7077 11746 5850 13691 6986 -1 -1

51 1050 10917 10658
6104 12361 15987 10552 14281 18458 14435 2316 7105 8312 7 16257 7981 7874 57 12350 2944 5152 10495 15378 11527 10497 -1 -1
10403 1682 8011 8622 7161 11675 -1 -1
13173 18606 10894 6894 3911 18212 7723 18819 11652 19706 126 10117 -1 -1
12275 18140 6375 10677 13105 15257 11428 647 19632 8631 10630 10240 6426 17293 1934 15464 14969 2508 2538 17533 -1 -1

849 15960 7002 5906
11277 1270 5536 19340 15737 197 1285 13006 7398 1948 -1 -1

8814 9922 1945 19337
10238 2591 18992 12506 13072 12503 17302 8721 5688 8650 5512 3012 -1 -1
16265 17721 8190 4307 13610 17928 15756 7042 14112 11446 4273 10877 -1 -1

15009 16133 3429 17034
15081 14989 12742 11082 15848 6591 8886 14613 15705 9967 11175 7058 841 787 18696 3025 -1 -1
8952 9145 17825 17016 7550 10272 3223 9641 7165 6014 500 6229 7493 1036 17490 7683 581 6121 11604 19584 -1 -1
15146 1706 13115 1707 -1 -1
18744 4858 14196 17843 5810 19246 1983 9097 17636 15634 874 12756 -1 -1
4496 10587 13366 5276 6737 4787 -1 -1
13505 2301 14323 14575 19773 2513 8610 14019 10132 7893 -1 -1
6582 5569 17598 6968 3178 18238 8550 5411 2765 18901 9809 17196 14968 3096 5329 15450 5790 15746 -1 -1
4108 8601 14884 1994 14993 9392 13368 14102 19859 16415 9700 18673 11 3863 4279 7779 -1 -1
3476 16006 18794 10818 2070 14819 92 6006 3439 16103 14400 12716 17808 15461 4123 17643 -1 -1
10317 5453 10926 4979 6206 13011 7530 10109 18894 18647 15644 8603 -1 -1
