346 10
972 10
645 7
578 10
926 1
996 8
568 4
474 10
407 6
441 12
92 1
183 5
183 14
222 6
765 1
660 1
978 13
731 5
976 5
546 12
471 8
438 9
887 3
744 9
622 1
407 10
770 7
93 6
335 7
755 4
584 13
657 6
377 3
552 9
174 13
53 4
283 7
325 2
625 8
454 8
818 12
638 10
101 3
155 4
994 4
542 2
752 1
662 6
119 10
323 7
304 1
726 13
536 3
106 13
55 10
458 4
408 14
68 10
499 1
123 1
452 5
144 9
670 8
356 11
305 10
353 1
306 9
744 10
83 10
228 8
459 12
602 6
786 2
332 11
807 6
886 5
502 2
94 3
158 1
354 1
300 12
551 9
97 10
867 3
142 6
59 13
735 6
87 13
163 7
288 6
612 2
997 12
5 6
906 7
774 8
553 9
439 1
823 11
67 11
96 8
277 9
627 8
127 7
451 2
910 7
758 13
105 8
899 2
102 1
895 4
304 11
791 1
261 13
666 2
40 10
92 13
842 12
42 6
700 4
288 1
904 6
848 13
365 1
570 4
914 8
548 5
410 7
535 4
411 4
628 11
456 8
820 4
597 14
754 4
249 1
650 1
224 11
428 8
575 14
42 8
455 1
486 11
246 6
164 9
363 5
217 12
558 9
996 13
741 4
186 6
673 2
553 8
713 3
130 6
746 1
998 4
30 8
555 6
862 4
802 10
305 5
77 13
88 9
717 3
545 8
791 7
648 2
979 6
947 2
626 12
806 3
102 11
291 6
598 4
498 2
460 2
720 6
330 12
286 10
237 5
129 2
324 2
77 12
869 4
900 5
155 8
831 1
563 13
150 3
0 0
