10000
8233
22909
47155
9575
24347
37829
47599
44705
35113
18743
31535
46066
6765
23812
36125
40246
17942
13016
21144
681
40030
4008
31923
25266
46938
7454
5947
1222
30372
9961
23671
18532
36996
2669
43799
31231
43402
15935
957
46107
8882
24902
28843
4102
14611
42322
12547
26855
32814
29009
47267
8780
14837
48697
41581
9278
27066
503
15089
44074
24601
5232
31120
33758
19750
25665
48788
13082
35914
13399
44955
22440
25611
30804
14778
34649
24773
44564
37152
43312
4979
45881
603
27847
16673
14748
36273
28
21409
28550
8263
45295
16574
17286
35469
43027
31223
40196
44498
13210
27536
10927
31927
4595
19939
29852
49158
48383
30241
22487
28009
18987
15259
40557
19081
27186
27705
31233
13000
48107
29508
16366
41680
17529
12116
23786
26528
22154
40535
9210
11910
6433
3645
46072
39954
27806
22463
20144
24130
24512
20977
31999
46383
32946
29714
23982
5385
44720
5056
6519
23090
47822
31220
21301
12830
28179
24154
5290
27063
32485
37097
31647
25033
18382
5063
25272
31342
45934
44808
39765
15900
48113
35660
2675
48465
48535
46886
16994
28014
1272
44283
36921
14479
2810
22446
28607
6261
41076
12299
20414
44453
4466
18500
28743
44139
22198
16714
19597
26105
1569
21550
28910
27907
11458
20993
5737
5385
6975
5250
1217
25311
48648
47636
7760
18261
6196
33899
45892
10277
30603
35018
3351
23717
36649
20133
14316
34750
2509
46063
14816
37014
22558
20284
12781
15922
41508
35833
47670
13810
40190
48689
16466
18446
29134
3880
14298
41063
16243
20012
9450
11016
23132
22631
45959
18498
6671
22604
40163
14715
22536
4277
7541
1456
43356
32800
18255
42334
31003
49821
33301
42879
11039
17068
26567
44106
45785
4416
464
3068
31979
33174
2140
44189
31142
10891
26860
13995
37843
34955
31040
6668
41766
9820
42702
6529
20465
44950
38181
31648
36393
46452
3465
10592
44583
16819
23221
27155
42652
38555
13752
47040
5766
32767
2739
13391
19324
9295
6947
11222
29598
35487
23761
8622
2341
37695
8349
17747
17238
2190
491
7343
13506
41321
8437
47187
12501
38273
47669
28434
40754
26715
6499
36330
3563
9828
17976
4725
43706
8492
39941
26652
16175
49321
45296
3657
16288
15125
38517
41565
7545
34573
32563
42833
41453
48682
28010
30567
31217
25566
47770
27468
8590
20007
23155
24279
4718
41225
18736
32580
39328
9878
24732
44300
25283
32486
38572
36749
19403
47301
32319
39605
24607
37166
32873
46055
33688
22587
38716
30013
12712
44840
20058
37712
34086
12145
26859
15099
48804
21878
25451
8516
48975
14893
32978
8993
28616
1227
8083
21078
24000
17914
25772
13026
8673
35975
46740
44011
44967
29882
49592
20877
29427
17885
26645
46821
5808
47219
45128
5469
37820
21130
3905
36606
36485
40200
19131
8856
11336
14673
12341
14435
36746
43648
14542
21302
42024
37422
29030
3826
4004
20699
33599
26058
2381
43625
19970
27393
23644
23159
29803
13443
46823
35252
44959
16116
19612
12843
37040
49595
24035
15962
30
4575
18048
27964
35224
25959
18844
31909
23419
279
2214
11398
33603
30596
42785
11198
35047
3390
17756
15751
45209
7214
33106
46299
49873
37012
42263
17034
5074
33276
16780
15090
30278
735
33135
17373
35357
38588
16205
49110
24363
40622
49842
43406
9141
9753
6484
16058
8464
15877
10356
18714
24023
48106
7321
9413
17581
8932
46216
24126
41043
7721
1586
24346
8093
2505
44720
8327
4213
1649
32156
39751
18275
28057
40083
46123
43749
5647
48541
25450
1133
47941
13182
9881
45770
39596
23889
43118
47752
32987
20697
2209
1361
24914
40832
34456
12035
31183
20818
3550
10067
49926
11177
6015
16668
7150
23961
37725
29688
6518
24786
32977
36298
24946
47585
36888
2128
44621
2235
7047
37753
28571
8764
21848
42009
34477
17459
43770
46952
24115
3333
44240
813
45591
42124
34459
13185
41250
5028
35212
33902
13467
2005
49420
10725
36854
7077
24269
10365
48147
4075
19356
40304
49179
18122
48560
37322
20719
19244
30731
4502
2271
41695
40515
27870
47797
49025
5014
14137
49379
11736
43870
47224
5027
38117
9023
13335
42527
7207
40533
32899
21517
15213
24801
34987
34276
9593
34349
9899
46211
22114
10745
12386
15834
34148
3834
11700
34973
5562
48618
17031
36133
32240
28096
49481
45019
18834
353
8368
11810
43278
34776
47777
47966
35334
48312
47275
3937
29974
45169
20523
1773
34752
3750
7086
12784
41413
2685
4379
20283
28564
32586
34404
48274
31137
47695
16357
35113
8295
2659
38613
18019
8379
38490
49054
40083
2077
3391
19315
4599
40631
47107
3656
14553
4563
37490
41860
41856
6985
44725
5188
4010
44020
14634
24072
46148
29070
18467
33974
36157
13815
46723
16916
39623
10749
36910
25254
30603
14575
2272
13900
18271
10304
46847
8704
44219
16353
21733
17113
41954
21069
46959
20047
42490
44863
41642
24643
2828
26627
46462
16542
41180
27965
42606
28283
17448
44352
6093
6766
6739
12877
41540
17306
33609
47733
24247
26803
42172
2255
20679
14753
14339
49908
36626
32549
46504
41663
13172
43459
22759
6792
19226
17358
347
23301
11434
2585
22359
6766
38998
44325
7370
22693
34422
49097
7001
19141
6480
23882
32812
8048
17686
49381
10457
23465
20555
35189
10292
33000
45430
40470
46786
34859
18508
39247
8527
20319
19641
16037
32644
22465
37763
35987
35665
23713
36805
49385
2494
21725
26026
46472
27749
6228
48705
27173
24949
29534
10625
24197
36520
47527
9777
3410
38498
19706
12613
44607
28331
8391
14465
17487
13255
36233
32019
32291
7846
23937
26083
16812
6622
10008
10205
17059
46671
17435
27871
27987
29447
46962
41268
49033
13148
48292
24794
20135
15668
26069
39062
38186
40260
37424
33494
5212
32290
1896
30104
3202
31519
7027
32532
43894
47895
3850
44427
13954
5498
49795
39494
31407
18982
19733
6490
49515
2736
11044
31747
13753
15269
7872
28756
24548
18029
47973
11111
30381
46882
36138
23616
18810
2780
47808
26756
12184
43512
6267
37350
39975
17201
46935
1073
3236
45548
24131
3083
43492
27856
42774
2790
12024
37251
31897
18805
46780
34478
6935
48100
11464
1707
25113
16059
36759
8039
32575
28086
25276
4667
31385
25359
38592
18203
48326
15109
3189
21145
11586
20539
17707
30137
15978
8504
1745
41896
5705
23906
11439
16336
31022
45106
48044
14733
37542
15678
25585
9739
18004
47495
37598
32072
10096
18146
3270
23060
41659
28871
31733
48782
23265
8261
10371
20143
35510
3675
26661
26489
43005
31525
11186
5049
47160
31452
34497
5440
5861
37792
26157
10563
37312
2541
5942
33451
30859
44207
19032
25462
31739
41569
5916
41905
12179
31584
27326
41772
49206
35110
11516
49345
45676
46346
31449
49164
1795
28441
48273
24360
7803
44241
42723
19416
48775
12115
14516
30537
49969
23214
39397
177
775
20231
14093
35324
33074
40144
20498
28131
45630
26265
10563
9420
16800
11791
48879
20405
15727
30868
36679
40329
15255
48779
13261
35786
30623
14598
34989
27016
38095
11200
35071
28073
1254
13817
13961
10831
31707
36481
40145
16307
21606
42147
24720
27086
33920
32528
22004
19553
43842
37523
23354
7930
46430
7162
39574
16045
20503
45249
42508
12983
42452
34996
49906
571
33510
10576
26485
46245
20777
45570
3657
19910
8182
32557
31796
11496
16179
7718
39908
17109
1088
41635
10904
41315
19439
31628
23098
25036
29622
27841
44193
23066
24574
45223
15481
30499
24422
33454
24299
19824
2796
21524
20749
10319
31481
33707
13249
540
10358
19246
47542
49147
43262
25437
14057
42033
18360
42920
23915
29618
37108
42392
2631
38657
44658
42486
22730
31068
29027
19670
735
28395
12860
32780
34178
4704
32865
19000
39583
20452
25513
46940
19476
42175
26655
17715
22533
33537
28749
35643
24592
31869
25883
12980
29560
40869
20336
2940
1925
43213
42885
29565
79
27032
2862
7453
26942
34551
28224
34534
49384
30836
4874
3104
26138
19733
11944
49323
38970
7821
31193
2952
33745
36897
24717
3055
26098
18043
24999
14692
39612
1963
9913
1963
33991
33095
38856
3552
25348
19302
23480
9628
29203
35563
3689
14152
19989
49658
39613
29991
16649
17307
48685
22860
28232
37205
45485
3376
9019
20996
20577
36665
42558
32841
37006
5780
3725
8266
18122
11787
23806
28334
18818
40939
10614
9721
19588
38697
7487
39016
1314
195
13544
25088
15665
8928
12789
3411
43945
27946
49660
7405
2811
33357
26943
19553
13301
29630
6282
26553
46196
22635
19390
41975
49358
13955
35590
47309
10226
17940
17045
45563
6856
20612
37847
19732
43832
27523
28511
4417
2908
47432
39434
25696
13692
19108
16219
28732
20759
4782
21299
43483
24308
49307
22898
3196
15521
28794
28529
42009
18840
26897
28752
39783
16158
12262
22058
26157
21502
3727
18400
13812
36105
45383
3760
1017
1225
40079
24126
15974
4424
5071
39889
7518
45141
23644
22613
25231
27184
41993
40923
26097
8436
20134
42471
14325
8751
2761
18232
28572
36468
9540
18139
37461
3408
44527
48627
5092
27521
6255
17673
17763
8333
28857
12403
49531
32544
24379
6625
8249
20099
12204
35867
13496
36433
35911
41803
20444
8021
12862
43665
24670
15
16810
35721
8533
37939
36912
7557
27518
28292
13249
13074
45732
34369
13017
31551
19240
2913
42679
16670
3013
30946
36516
49578
17376
49440
22740
7970
27597
23747
40623
32925
24771
49078
16455
5657
32017
12088
37860
47661
38577
5308
26149
43028
7853
14964
3524
48790
24485
5705
16097
22583
483
25482
22997
38417
37306
30222
35124
3522
49289
34670
13740
38662
3572
13430
33646
35173
33739
8442
39789
14437
23012
34686
24852
39874
3841
34123
15291
30529
21600
29008
19022
20056
21697
7307
24585
26186
24737
14688
42930
12379
47494
19077
123
11277
2449
17121
1016
43356
32197
13849
9
839
13407
735
4201
33352
29762
1381
27960
29423
19301
8076
1353
43244
18043
40771
15509
44212
19688
40234
34345
36219
35229
41085
44080
46530
36253
7642
3894
17921
27245
48850
38373
49309
17232
22093
17664
7450
12271
38707
12451
3897
43867
14536
7685
17936
14809
19959
20843
48304
12134
15787
17095
21970
19596
44131
35733
13806
49158
6169
41147
46732
44963
13177
15050
7836
1026
13307
15941
19763
2508
18246
36051
45828
34738
27002
25231
40323
26140
29098
279
22531
11106
8597
31542
27895
35336
36603
41256
7515
45171
28788
31945
33266
2488
6653
22452
31402
35090
16147
17774
31185
29444
13403
29506
34433
24462
48994
32422
29627
46488
329
28692
37472
28574
13284
21175
37585
31390
28382
42221
6236
38254
43691
2577
29877
20242
16388
25618
7072
27284
37046
35783
18206
38877
6556
49628
22661
23178
12088
44399
12847
23293
34747
38542
23453
12505
30752
16230
2445
31957
27489
43512
42966
9636
15541
22546
2031
12574
40553
17402
25430
25144
6184
45022
29032
17360
39527
36916
23991
19511
30380
48834
2341
24353
33633
47644
11464
44832
2448
15605
35419
24609
37758
25948
22184
22636
10333
44219
45009
43034
21006
6466
3904
43185
9983
12991
40271
46284
40366
22804
40423
45634
5882
9823
47190
48880
2228
38918
13334
18697
37155
48127
47099
18750
16574
66
18630
44921
17758
44219
18388
25963
4032
40847
33048
25496
35581
6044
46009
447
35660
27759
8980
32527
15672
2962
31099
31173
21621
9499
14429
26148
43523
45154
46251
11053
34487
7024
34196
822
10451
4172
8301
967
10325
40132
48391
33711
18099
49023
19165
45294
44624
25718
797
23640
11238
19196
27403
4120
37523
30949
18988
47110
1102
42039
38841
14521
49177
23764
31374
4582
43842
2428
39968
31612
756
3970
25338
21184
1815
24618
2770
1989
40775
30731
3521
3903
41814
12605
20365
32926
48885
24573
2878
18532
6384
37027
36035
11994
19670
35386
19774
35591
47685
12142
34666
42387
24815
22011
5130
38088
20416
36834
30778
13191
29100
22340
43589
9560
39739
41801
41728
29243
12368
10347
6759
41029
11371
25572
30709
26592
8877
24812
3152
17633
10657
31440
26828
34129
32729
886
225
14582
19954
2067
38500
4164
42824
48797
31440
34499
25025
18248
190
9971
367
49818
18368
12239
10782
15645
36603
47517
36687
34890
39021
11027
1367
24978
45765
9556
16922
2580
45309
12717
40074
7363
12150
33410
38655
35294
10433
23618
41425
30274
1493
22925
40228
32488
11698
26997
15089
15530
9826
44998
20866
19841
11238
11638
22113
11556
37794
7886
7897
15934
13859
18802
366
37252
19789
15155
33392
16558
13645
34700
42370
33071
10204
22337
17147
15500
13670
27135
46830
42159
23504
31162
5158
22599
26030
23920
7516
6654
20429
31697
47555
21823
13532
20653
20837
13440
28111
6726
10703
13639
47168
10035
33040
20451
5966
5027
11526
38952
4919
31860
25539
44066
35572
49710
6456
25370
6111
1969
10054
29503
36487
48469
49516
9139
34611
2167
40636
22095
48007
5087
44424
40066
7287
30996
10370
31458
23454
40512
33320
1652
12420
18704
42448
36663
49245
41028
29269
46878
39136
1201
27327
23347
32523
29512
1519
9923
28396
30035
25816
22562
19489
11366
19871
14367
43548
8389
37211
35530
15384
15895
30170
29095
13952
10419
35108
35305
21489
40745
13322
34634
21000
26782
19301
10705
40820
27561
3640
18194
36820
25569
1776
40819
2854
41138
27626
7596
24932
36242
49071
2142
40125
22415
18460
11731
27586
26135
5193
19171
29899
46023
4210
8616
31434
41012
49920
7434
12466
23178
20191
22003
13567
16709
27270
19435
8451
5795
16196
39554
6745
37921
12333
34572
28939
882
15967
48077
31179
1479
4374
24550
41786
40887
6757
12300
28369
38808
2929
38080
43279
37292
24935
16296
29023
40746
41218
7180
43517
2137
10866
30314
12756
34797
25279
31950
48370
8538
38224
47543
21946
4761
25585
20731
4994
26559
3596
44401
29561
28812
19424
43500
5361
12679
5420
11502
24541
8725
45547
5354
13984
11418
46079
47341
36478
30483
13737
30207
8856
20511
33457
31979
8263
33972
20427
33049
22287
38829
11652
23719
20887
2807
37141
16130
35761
37067
13440
25724
15066
17393
15824
26998
31915
15951
48299
31004
30409
20461
965
42296
41234
14387
10213
42850
40033
18590
37823
40566
45890
41189
11669
16819
20469
27506
2913
33015
13911
48685
5308
2252
27209
13436
22771
48112
42851
47978
21605
5794
43694
49734
22858
20204
7629
44397
45888
39277
22244
9736
19749
49066
30606
44324
49687
18817
1891
12863
32684
47385
41320
48166
35386
46480
42453
16433
34616
19947
27711
2602
41555
24248
46284
32018
40939
45967
3554
39435
27695
15179
27723
8333
3377
28099
31998
38489
29055
40957
49559
37907
13526
21423
34345
22973
5356
3274
43555
28798
21877
13339
42846
21845
10286
2428
13562
31126
23238
8568
44750
46632
3183
16624
24389
5931
24107
13610
20527
12127
45245
1338
49394
17701
1207
18269
40970
40835
5950
35783
1243
15375
30661
10156
7755
42142
30620
15049
11317
19373
21641
14294
29177
13030
22760
21573
35213
6079
23315
8629
12310
32493
16310
3874
43804
3842
14009
29219
46576
42231
29793
3097
5711
18394
3776
32732
13343
43445
11942
30214
22912
23183
44218
25258
17398
33136
14925
23939
5445
42585
17631
45124
28388
18787
567
39070
38477
32733
1697
38802
10882
44347
36930
3904
20068
21507
22717
15386
7821
35904
8462
29206
3445
41229
821
40338
18840
48732
28287
26534
41647
31924
17586
16721
26484
42130
47390
11538
38570
11299
24155
9757
47081
12800
9165
49502
2076
13134
13867
11096
577
21946
37333
43853
8190
8403
33757
17742
45818
49016
25756
49452
30692
30178
24528
33248
4542
28404
39904
34868
29346
43923
26579
48008
43707
26081
24510
44498
43410
49384
11373
35408
32727
48714
38298
17357
34708
9841
18082
8546
13183
19581
44378
25740
9444
8784
13442
9020
44718
40389
45038
32952
7369
750
29223
20889
43712
43959
24009
13683
1371
4225
37135
23361
45602
9325
3977
22269
17063
45194
44498
37209
28667
36318
13377
15819
24896
11709
10619
33946
5615
45025
20079
43909
23084
47831
7164
35868
14456
32579
34590
5709
43046
22008
6010
11589
7766
30514
44063
21689
378
14827
46214
6823
40723
45995
49375
17857
40613
10366
28339
4691
6838
48058
25553
31477
46305
32964
7624
4548
6622
23607
36511
16114
30661
29681
18474
39763
8787
48211
48072
11822
11107
15928
49784
7648
5950
24150
11656
32953
35381
27262
18011
34040
596
21597
49925
36161
43434
2783
12230
9030
49086
13259
18895
31862
18278
20535
49965
46775
35446
48917
24032
21046
14472
19449
41366
2779
25088
25496
27857
39990
23952
33570
34070
12924
15262
43994
38313
38849
28324
46533
33304
22988
16962
2604
5267
47726
3234
8575
48865
26176
29018
12953
36432
31286
37867
36796
35618
15585
25810
38871
28055
14113
26589
21919
28470
21760
20569
35667
7553
24365
12368
4054
21076
22680
44990
49481
18092
38482
43714
9682
15503
35778
11821
23817
19209
2196
27207
22295
1196
41620
10338
39387
133
15525
36312
41955
21419
25492
5987
49609
46373
14968
28213
17263
10409
24125
48480
34954
30412
6354
34233
42782
1080
1823
30183
7734
37828
6045
37352
30301
38292
45026
45939
2581
18870
37251
12875
31742
44179
27188
44534
37632
20476
24102
26113
6276
9172
14619
31697
31540
22525
14139
19095
7832
42815
15597
7257
12186
26065
6664
23205
27762
24692
34610
41884
40142
41437
3268
24957
14826
35321
43412
29793
15363
47439
22699
14193
5275
30587
18118
18518
33239
13928
41329
8857
5405
38890
6868
17770
5710
8255
2475
47448
20597
37493
4728
36602
1799
34411
20931
6863
49128
7602
25492
43856
43488
35577
30226
3294
17468
43017
34520
41583
44001
4860
26071
9413
45210
9558
46118
11515
12796
32177
1030
37064
13873
10176
39695
41491
44778
29367
8571
20411
44489
23097
26437
19887
9272
40589
23480
26745
45356
16569
43824
23099
20066
29081
11976
15367
4311
47935
40817
47359
37575
39200
26511
45932
11871
3950
11969
9659
31770
8016
5717
12771
3856
23835
13394
12783
26313
911
4476
45470
26293
23159
6900
21494
16978
10123
33901
38366
352
21329
36928
20966
41647
11540
46628
42212
49897
43399
49395
40807
2516
22303
28239
9377
6867
35473
6793
31448
49473
43845
12245
44634
43353
7708
17187
48276
37092
16711
3194
47983
41313
46916
42426
36573
43838
41983
41230
32186
16177
37450
44104
32993
30608
32729
5004
40522
19893
25217
35047
38786
9385
39728
34879
6707
7192
27402
15153
25094
9945
20061
4152
8512
7145
48363
4520
25275
30161
32916
29479
36394
15271
16034
30697
48714
18737
11903
37716
21409
46310
14753
2155
2868
11352
32965
11354
19709
30373
48600
8075
47648
45533
8808
9609
28100
15253
49497
14804
43943
49586
33109
507
18108
24972
37057
9072
21090
34313
27405
29605
28085
10679
20025
48343
8481
42109
38374
11594
39999
21848
35529
16873
38420
4562
27719
48465
24599
20388
42740
25350
37640
26105
28897
17584
46879
19041
40211
41012
9670
10668
16071
18054
24895
39011
19568
45928
43932
47456
14662
24734
11286
22316
36819
26195
35015
44994
17621
28346
11044
19776
10468
24604
26797
43889
27233
44342
42222
46366
648
636
46818
39992
48553
33928
28987
391
33334
41958
12337
46074
4681
46144
24526
32322
45421
7869
35360
19239
28970
31111
1667
42164
14995
34580
8172
3882
36101
21166
40372
35878
16376
28646
16110
2351
38699
5347
48382
20631
26685
21004
32187
35739
42544
22217
31715
43892
38927
27621
25901
32696
49589
8735
28786
30703
13577
21176
9222
3405
41465
46505
32480
28275
36323
44257
26639
31056
36625
32481
43369
227
14915
35012
7445
36182
10856
40928
1495
34497
2721
24639
32883
8156
31628
21246
38283
28442
22712
29875
14360
44661
15612
642
17844
45069
40618
48968
6171
40723
11171
29576
49871
17156
13693
23872
44670
18402
22109
15185
40128
20659
18487
27309
19421
25202
11175
12895
8825
24780
25435
13021
474
40794
39832
43164
43196
42261
41801
33531
31317
37161
47169
5193
37234
34626
21239
26719
35304
45771
41684
20427
24791
18531
1600
6052
42846
15996
14150
28454
16413
36291
48151
26408
6123
11658
4189
49495
28998
44131
3277
7104
23354
42741
49523
6662
19787
19298
8009
3377
31385
1747
31351
27731
4849
33145
30469
31484
31096
11668
46394
21177
25801
7706
354
33402
4
14611
49134
22678
26260
6741
10126
38873
35011
43433
10379
29069
15646
37171
43617
36884
24009
11358
2096
26783
26787
18142
28312
18104
28747
39059
37668
18667
41444
36577
48253
42688
40065
35707
36729
26150
34812
43154
18652
41641
11489
20874
42301
41688
26651
12982
9235
37619
26121
33811
31786
41007
14360
4168
15357
47001
13424
21247
49326
14362
41563
6503
8196
35115
24247
3929
7145
30106
360
20514
38930
4796
18970
38358
20575
38951
14773
22087
14857
28234
44033
21128
41018
3929
13894
25157
36560
47473
3658
7305
2799
21066
28968
9153
8001
7480
9097
8671
43432
49128
2236
3722
35857
27026
2743
3281
6171
12963
27170
20274
10312
11696
19639
43261
45216
48198
18542
38053
29605
40277
9917
22830
5006
3187
35269
34042
5250
20163
38386
25264
47707
14731
12449
5004
17290
43149
14201
26034
19005
38174
8176
35410
30003
22227
24103
5917
36107
17733
6379
32986
43267
4190
19052
41351
4951
27191
21432
43292
45797
17448
32525
15837
21836
10361
10135
8995
34077
3434
95
33276
16002
9239
32012
30820
20039
16109
37485
23713
24961
26751
36647
47582
27103
37087
28855
30979
34341
36791
36579
13178
46827
25333
7218
37538
5561
15871
36478
44522
2678
37301
23536
41182
36525
9326
24283
41244
16998
14543
44732
37568
31940
40771
41400
1839
49144
32178
27759
14306
43758
49654
3491
46119
17744
44909
32426
13707
38180
27389
32411
15565
25798
6312
3340
40374
10171
1127
19253
1505
17483
35179
14513
14416
3396
13623
15523
30629
39933
42380
24229
14754
45623
27563
22751
19132
46964
15182
3088
27015
45909
11864
8297
21239
49132
34238
16542
41700
452
43740
49312
32312
21294
16062
26173
5908
11177
43503
13395
9881
2503
9029
39484
8915
2491
17834
21674
43127
2963
37831
38976
17636
42426
20357
27177
1566
32647
2492
45421
37965
45997
21855
33763
27558
28620
41520
43355
33326
33344
43353
23538
27596
28711
19674
5903
24765
12411
31613
11142
36501
20240
28606
9792
19400
38883
48515
1679
40592
6358
18382
39438
15703
30285
35891
29234
6765
14582
5083
24251
8917
47218
27870
12326
33959
16744
45433
6677
2821
13700
3570
4762
7570
12602
33538
19136
49640
40823
33205
9815
25165
34270
5906
21480
19902
14615
7646
35823
13530
28041
3672
19597
43188
43126
23207
36619
49494
12477
48307
21267
3521
4238
20020
28882
39219
10505
26171
37443
43124
41247
12585
49652
33098
29287
38928
23612
11363
45921
10366
17557
5280
36024
48985
2110
25783
11311
27185
8799
4046
31325
4061
22709
7789
43067
16534
38627
13929
41649
28278
8867
30418
596
42024
22728
1354
10786
24291
19256
876
45673
47807
48757
39968
14797
37105
16650
21686
17545
49615
3585
48427
23010
11918
49992
49531
16976
41290
37841
13459
8859
17047
44831
29773
548
1718
599
8264
19853
38852
10916
20988
38591
23184
8256
36346
32702
14113
48745
23406
7744
9276
36350
39967
45867
13418
14195
28198
6215
9944
44887
45370
8822
17105
5179
11887
42623
24009
15551
39824
10240
34596
39140
47351
10002
38493
20717
19664
26937
48745
37408
8675
47825
4954
16528
44350
34821
42685
7253
46518
16198
122
12178
2118
36739
48299
8744
28123
5109
49442
46259
34363
24712
32150
7975
14204
17941
21377
1853
35952
29085
21197
31212
21508
15402
22739
4465
6790
11912
16840
3474
18793
4434
32343
3014
42031
42037
48888
21044
3707
7863
48093
34442
33074
16797
9035
40546
17028
30464
1863
8042
49493
49437
13039
19981
22477
1566
26194
4698
18558
6946
21159
37797
43692
44795
22271
14697
6706
13195
31062
5332
35313
39965
13721
14820
28649
46423
41974
25092
40942
18712
13850
20742
30689
7224
23859
10687
20234
11274
5364
14735
42631
31475
37861
7321
7245
30443
39904
18195
45920
9220
1450
1899
17548
16720
44046
28715
30499
35151
6439
38346
11542
39131
45407
10991
26650
5423
31176
5451
31710
45141
11882
7102
37128
38652
7246
907
20379
4231
25658
22501
11996
39920
22309
49740
12404
44813
48413
5560
43206
36598
17202
16503
11024
181
33592
34135
8970
48037
13603
35993
40103
25581
12477
26379
640
35795
47766
35401
44591
49269
11282
7699
9069
42878
10210
11369
23695
39247
41178
40978
20017
9836
33750
8319
3274
5718
48128
5568
24384
21682
12141
23088
30770
31061
2223
48222
47056
27077
43309
27955
39003
26651
5273
1404
20156
3549
47752
31118
3534
24441
43139
23885
10975
44781
10931
28342
49089
39673
3623
17099
3467
28212
21719
3333
188
21938
32585
1155
43846
49850
25808
30748
24387
10602
20796
33943
38901
11168
38082
38501
29076
17778
39646
32844
10759
1628
18144
1884
30560
36702
27482
43113
748
5029
32449
2679
4012
3534
23905
15513
35532
4731
25759
13318
47021
18389
8346
34120
15021
40228
42847
15704
48732
42691
1077
17650
48566
8681
18518
10217
1520
11545
33777
36831
45890
21123
38859
14275
38274
38314
14844
48258
34047
27808
6790
22552
29067
5982
48483
6683
36148
32290
21080
7931
36209
12146
14831
38329
17404
11599
46684
30534
18560
23339
45
29195
31254
44593
44317
45830
7816
9837
15440
26166
23397
20857
39487
18847
33132
1942
37344
19941
14454
20422
23075
24294
16130
17730
46303
37405
42257
43476
27802
3192
16003
43368
8021
35151
26111
26961
12533
7671
36353
42261
39285
35275
27843
13740
9554
1174
22414
9129
37946
25903
10212
38619
36482
37933
8163
21411
12409
28730
9968
33728
49711
38232
38295
42811
811
8454
32217
9422
39600
29881
44142
13558
14209
21946
13193
16806
21652
49582
46503
33116
43632
44727
49149
5355
40043
26144
44707
41135
9984
47340
5341
34116
30407
7594
11126
12739
17760
33831
8615
18264
34167
31728
28996
17625
17916
954
40285
658
15867
40806
44444
21605
40748
22770
7064
10254
30677
46517
18617
6130
48112
12204
44228
2063
34771
6840
30098
39809
38390
12722
49552
26141
11203
42348
8119
11652
29087
45706
14088
9044
49762
18515
24930
19891
45849
21352
36321
9518
9746
42656
28737
18026
11527
47589
32252
42340
3140
29177
44006
21194
39280
5174
2441
46968
15400
39933
18355
7868
44733
48416
19734
12797
41418
3636
16055
7184
27254
27012
21274
18408
21154
11570
32833
46898
382
15838
46331
4103
11881
29332
13578
38328
1579
8557
44698
4742
30567
9036
15433
35263
46759
44891
48680
43590
15444
49564
6652
37560
5227
35454
33112
1063
40737
14356
10313
720
6249
46075
5754
19863
32808
23271
23958
44169
41113
39367
12739
43860
18298
16925
24811
1297
22655
14427
3082
40370
46119
34750
5036
7321
36430
26047
19319
41666
6763
13156
14365
20979
41770
44667
47616
32440
32378
35530
11148
47329
305
25171
30139
48569
35208
31578
31845
262
47965
14149
40508
28946
1402
16821
43799
18797
44629
35258
49626
25660
48838
33830
45502
41804
22381
34508
14460
47064
24564
18668
1844
14192
37182
19189
893
30176
48560
36392
22486
14861
47730
33798
46184
46949
36592
49602
42781
49950
49882
31532
13066
15831
36601
26775
20639
29924
15662
37876
8146
16571
27332
38494
45342
12758
18310
641
19989
46376
46654
47185
22618
26560
39303
23127
16184
31304
42531
14317
5191
48118
20100
10686
34103
8623
21918
31593
15170
15402
47621
33126
3788
48244
39859
31716
16123
41322
5593
36797
38939
17744
20728
18479
31175
9407
14332
29733
40315
25897
7970
2389
26747
2261
25309
34057
12869
16262
20599
47609
45071
31980
46276
47754
30099
372
39080
5502
28092
43727
21622
37920
6285
19294
39798
9633
16981
43220
43086
23453
43063
7673
37888
43931
3631
18386
47781
40289
16302
42792
3737
22383
6966
13915
26409
32429
49564
20571
17895
10505
31205
25984
47874
13372
26170
13773
4649
22562
13986
9004
45694
9926
30370
41737
38880
38711
3209
43263
25923
44403
1412
17762
30926
47812
11831
21468
18942
41336
15432
44162
23654
14769
4161
7244
10882
14701
32366
44437
5071
18584
39366
17475
14077
1806
27508
45086
40032
17098
5692
9504
27496
9485
17994
2435
45055
9431
45103
25235
37830
15355
36074
29799
15702
30984
13138
23354
3350
43038
19250
5592
22114
18891
17437
43114
20393
31321
786
24427
49848
38478
46587
20365
23036
24068
40371
29605
30458
14827
8574
42344
49517
10
43229
25119
45889
46228
29211
10492
5252
20757
43458
48461
6150
12431
33789
8452
16151
19144
31745
40195
27951
3960
42637
40201
49531
10387
33869
1479
48709
27220
19723
1876
29090
15424
32894
43563
23218
43679
28126
34373
17844
22113
31945
18207
12683
27536
14532
43888
7542
3932
24704
5023
32379
36776
7044
3657
28063
29613
15399
9101
18010
45075
3271
15923
48921
25835
46229
11558
13630
23139
25348
27298
48135
19384
21932
10755
17066
20836
22937
21541
43674
46562
48695
11539
7695
21866
45512
12905
17783
30045
41649
4264
17936
18505
25342
35757
30146
49844
16914
33338
27331
4727
37482
40051
19763
1339
5330
20337
6499
4628
22191
47319
8642
19038
29832
20796
20857
20975
12457
32331
38812
40368
19934
36322
294
30590
10
7761
20924
25964
13642
2678
18498
13945
13129
30550
16670
15675
6075
28917
40782
22154
27413
29327
16370
8324
5907
38868
46040
18910
40316
23180
43426
2317
47901
10807
41770
37486
2336
24810
29694
12264
46252
5918
36829
46637
19210
21571
10150
37982
28513
3766
48479
30381
25166
47175
28859
35595
43964
2136
10051
49471
46646
26505
28840
23112
38089
23031
9246
36951
41908
4989
42872
12578
12276
9196
33352
1136
40826
33657
36630
46158
45417
18301
26062
24781
14023
8319
33198
15124
35582
23183
690
23341
43086
40074
26019
8444
43883
3973
8654
14616
21907
49753
49537
1461
33753
9985
14847
8520
48534
20361
32270
33776
26413
17493
30442
42102
21080
4426
3165
14286
42303
11667
46959
36557
34784
2916
40931
33160
13795
35701
30988
44363
25491
46106
38099
17881
9825
4055
22080
40137
40367
11968
14637
16606
27466
29493
22584
38682
43836
45465
38869
10748
7931
1679
48897
2519
8955
4522
3886
18147
9994
28213
19009
4014
3289
18138
22219
13762
38588
41165
18068
27023
37959
47675
30485
40733
18855
4149
37854
19312
18089
48272
48803
46391
7033
33732
30240
24506
5754
26870
44456
27784
46007
37725
20229
48576
36957
21338
4412
31293
4587
42085
21030
27372
9212
45511
22004
21965
40286
34590
42630
33410
4102
10553
244
39085
19233
30396
27887
8059
4974
45814
13804
7969
16977
49284
18455
33215
11759
3181
29716
46540
14919
7199
39959
11725
640
20051
486
38547
47075
42024
44285
25613
102
16938
39340
33435
9560
9598
38143
49106
26835
28371
47467
11738
13158
3116
42378
21179
36526
4267
47143
39349
25597
43856
38929
27248
23033
45674
21035
18661
40221
963
22850
28022
38475
3075
7229
36247
24101
2940
45433
10290
4086
42141
7086
4043
33478
25433
44308
24980
8062
3382
2705
38381
47426
49500
47300
15385
30133
1446
37580
26519
26777
2750
14298
25332
9223
39134
3738
6886
44413
15329
19170
22941
48507
8961
47476
3934
28147
47960
9932
32050
6308
11126
1891
41140
27893
20737
5376
7512
40318
40192
32655
26879
38498
49827
33684
21363
45378
32212
10574
3610
38513
19640
48092
12253
18645
41361
42524
39495
46264
16205
44803
2760
17468
9875
43134
10987
41103
4189
35355
18706
33363
20598
17407
39430
4695
36624
21077
4351
31134
883
30360
529
46882
49509
17159
17297
2632
42560
10401
10557
46619
14381
29643
38621
22734
13584
33084
21173
37519
35591
40760
3669
43724
1854
2099
23833
38660
43579
22452
32806
2535
13919
10123
7121
40418
34650
182
31
21423
46902
32168
3730
36796
731
31138
47020
19599
7180
47422
12166
30276
17485
26227
10161
27090
14726
23396
11306
808
13443
20802
17737
3858
20886
38874
28221
9291
42369
18020
4827
30536
6120
37266
14848
915
36669
14940
30443
22996
13256
10914
46499
5609
27012
34713
4123
46191
28340
48933
9821
15656
38161
47786
31008
736
1530
15193
22549
12590
38376
25736
34063
530
10979
26397
19336
22538
30809
48660
1848
40768
39476
28925
14907
29571
39295
11133
44023
30787
48633
20939
34991
17042
25298
9343
34911
38318
38054
31288
11058
13277
3309
1323
18521
4615
36913
37790
46469
46837
29496
17859
5247
24272
42213
20351
186
21095
23286
27280
43635
43197
12490
11590
14384
29264
21857
36720
17416
3733
9462
11865
43036
48224
6081
31191
12142
19701
21486
26759
17858
1674
13129
35151
48172
9
43195
45904
6097
25804
26200
1871
29859
8606
27035
25986
36110
42936
21245
49537
6419
33997
27439
36007
36990
47913
49628
1628
32673
23696
37436
39377
10400
26173
23805
23479
3104
9936
34728
29997
31981
39618
8289
48157
28024
32895
3927
5190
48884
14713
28450
26790
30794
37567
4189
7400
24363
28960
41552
15755
3256
27138
38516
6510
25004
19912
17305
16750
32530
24723
43349
22608
20138
6337
19423
24750
39862
22918
49762
8385
42062
20206
38624
2835
6903
22524
43626
10381
17087
3916
26009
18248
35568
29236
17004
1050
7372
47442
12580
30439
23303
6727
24745
3648
1264
35981
48304
16545
37404
28437
37980
48095
28760
45187
9966
47707
17633
45329
9581
16903
16873
25412
22785
12039
5904
13745
9909
45747
18241
24194
24229
48847
30696
6670
42778
35632
18531
507
2496
47871
30388
10140
29692
37912
45945
34479
31310
22501
46905
44237
34816
6125
49858
3100
10312
49526
46909
13768
41784
9949
32636
34028
20828
39925
44250
44695
1014
6487
20788
33916
47895
13667
19998
31586
41387
6111
15198
19376
40337
14688
23975
9031
43591
36010
66
24236
11376
2312
11933
32421
9947
44058
28531
26508
39085
18815
45359
47713
21211
34126
40842
842
48847
27125
37996
25807
36693
1222
24787
8594
20745
23078
33497
48643
19284
3243
7
32622
14255
13986
34996
24587
41986
14614
22204
33094
465
47291
45901
32322
7884
38429
46012
24187
24167
32377
36379
12587
5518
6488
26970
36896
46439
49554
44926
13676
28456
48508
7228
21796
220
48885
7738
23331
2247
48825
18933
15741
5789
1788
10710
41474
8908
26273
5473
43495
49259
8776
43183
4946
22327
12496
45511
22133
25272
1360
39188
13634
2132
33245
42909
46682
4329
27809
671
11506
6892
21900
47526
25383
22621
11441
47170
35749
26648
49158
9057
12333
34020
46577
27217
11020
41695
14251
42222
2307
14348
13414
28673
18050
8929
36131
22351
1229
2430
31506
16914
28323
2784
41248
6620
9263
1790
39215
21237
25408
8280
32513
3810
32090
8033
5389
46140
383
16198
8048
32870
49480
33915
27606
47683
3083
37291
6754
25734
43003
7065
45786
43912
25572
44853
44187
33398
45402
4541
14509
46975
49656
37636
8032
26112
1367
14280
19331
7497
6297
45657
25990
10399
48248
35573
37530
136
18091
28476
40533
15508
13353
28046
20614
28745
18569
10142
40569
3645
48924
12008
27110
23400
2442
43827
24666
43045
47655
20975
12758
8334
5084
46320
29523
31886
48685
923
26364
46588
35437
17126
35046
43543
40896
5214
7303
17401
39045
29214
29036
38573
26080
43341
36914
33439
4508
28353
13262
4506
27067
46828
35502
20726
4528
33730
18391
47189
49661
18040
26325
8138
625
10807
25153
24061
17136
30922
40644
14952
39596
20464
45684
28258
32590
10130
30479
44719
33497
48847
34162
46457
40462
21603
23029
21603
15036
14762
19777
33921
30153
41206
18681
37667
41439
44170
23978
25039
16831
37474
25616
7939
27119
41382
32178
48348
11023
4548
39627
18131
26325
32595
19281
32971
41114
35563
2282
24837
3625
18034
36183
45255
27657
36840
34043
47581
5133
21588
21039
23157
3841
6588
37996
44316
26467
9173
20075
22097
1321
33284
44174
38204
41282
10246
41088
24132
11960
48537
48210
42871
2844
21913
10415
8606
39596
13084
19517
590
8445
8747
26312
20855
25647
41271
37925
44921
10986
39903
21148
29341
1214
3440
29636
39945
45487
1019
7665
39670
22915
119
25704
39760
5027
16396
47847
40111
16964
32070
27587
40453
27105
38916
15634
47142
3428
22855
2293
37979
8369
6909
38219
15877
524
46202
19577
45851
46854
34099
11728
27181
15881
44287
31661
1310
32720
49811
27879
9226
24577
32014
2021
21784
44303
15728
16822
135
16705
47355
9748
25733
23256
11267
43473
8203
18260
14099
2499
16863
15534
42407
4577
6591
37180
11279
23001
25239
44022
31891
24224
41447
7440
28009
22408
11811
39670
27138
23736
30277
24657
49243
35367
22890
26813
49969
18764
13469
21670
42223
23574
33461
24619
20418
19196
4940
49832
41802
32399
28247
38166
33897
37296
18991
7397
46979
36656
19428
41181
47168
49666
31520
23060
32109
10087
17374
36481
46577
14621
12174
31643
28200
23338
49551
694
749
13006
43001
14489
1921
39522
31179
2662
13934
11812
28496
1105
21339
28169
330
45257
6111
2871
48274
48839
11090
23516
11670
12416
3209
18388
14995
35024
11717
22883
43699
16223
22018
33811
2773
3301
17606
48432
41081
31301
42163
40894
48016
20507
47839
21240
22792
16825
36398
30479
4716
42967
13025
6254
43583
46875
17501
43314
37478
7329
37682
38668
24438
34512
24867
38580
45536
38328
25920
44154
7292
22299
34506
9938
28522
738
14885
17320
36179
39820
20226
40140
6801
13784
13937
35893
20269
5513
11908
6731
16738
23442
18470
5358
4638
19484
41863
29253
31741
13216
16762
3428
32181
9697
23280
25124
16023
16388
7539
43870
30569
41860
36466
120
36599
21368
28504
10549
30715
11407
23400
20987
5818
43251
44064
5759
46997
29552
8520
34038
14562
3729
29490
42722
10399
6198
5979
34268
8494
43000
4420
41425
3380
27058
17265
14136
21281
14357
49004
30073
2559
42452
20490
38863
1590
35827
14033
2308
33558
19984
9093
39237
28080
27323
10450
10695
7910
39333
48372
15898
33563
47085
49683
37951
30381
10189
40231
1426
27773
28399
15434
45520
22131
41784
45575
23180
40669
19254
3361
49906
26378
20585
3377
13594
45230
17024
10634
41538
17583
47444
19699
41735
42022
25993
20205
7272
18995
49632
1894
5612
20463
46305
34065
24532
36415
42423
29128
20031
37998
43142
15901
28553
42387
46923
4733
28561
23547
25537
15476
3538
10610
34193
35358
32018
15876
39297
13446
31156
41009
36507
25987
27853
40543
28652
17085
39165
144
13599
21151
1123
40067
14942
37787
8071
11922
40006
27939
22735
21319
46379
25467
22924
21593
6741
18592
11783
36254
43601
48625
43485
41917
14489
38088
8638
34700
46720
16136
33076
25081
42483
35683
39796
28323
15856
10669
33541
6053
39885
49633
39318
4506
18220
38118
48514
20397
14538
41528
47316
45847
18433
37468
783
28930
24614
36410
49260
24368
3406
13078
48635
37199
35951
7976
35160
47530
6477
12025
9306
22983
15347
36155
38720
24595
34647
2323
46884
15589
42451
24154
22282
20491
40667
11405
33728
27808
7731
42223
33639
30175
14312
38402
9068
48978
23442
9278
4505
29159
12386
30003
7867
21700
43269
43347
20830
45075
42582
8862
2148
20262
24660
42909
7665
43926
17750
12566
5372
39694
35907
30282
47862
13533
17634
11664
43671
3568
21143
23780
10241
39900
5950
21599
4900
31911
5667
41735
12598
12510
37228
4529
15686
22806
29760
41253
1903
35165
31164
2406
21135
36099
34611
22589
49476
46322
27026
38650
28070
44626
4024
14349
14110
44655
336
30167
45807
3437
28204
19375
26918
34371
45761
33340
20084
6233
39376
1908
17945
9652
10465
16020
45867
35459
6054
17483
24881
22069
5092
26336
18743
31482
43250
8688
38049
20627
42689
41406
36552
9997
23552
4328
25761
32020
9725
19601
11161
30369
15008
20440
24501
14657
498
28306
5806
3593
15777
12633
21787
49850
3976
2082
23111
1433
11938
41176
5369
42120
18738
35139
41526
16129
45371
5112
33290
43738
16376
2998
44953
35343
33918
26418
12405
33405
43678
33999
48226
8198
43266
10081
21332
28601
16142
25601
46015
37884
31364
7049
11622
30498
29994
8639
12145
37590
12755
16486
28112
27994
18031
32712
38169
46430
21510
27212
24143
46621
30428
14261
14147
25602
16788
6619
22797
22158
5958
6930
40193
38724
11026
16278
29156
43396
38283
39256
30920
20088
33764
30911
33462
44147
28690
17684
39525
6665
24849
35880
48685
42998
1164
35325
15672
24887
19686
6777
36520
17850
393
44343
25497
46239
26886
6471
27256
40213
2859
34563
45170
37990
4651
33620
15393
42736
49937
25879
12780
18857
25848
11291
9878
34755
47333
649
47368
9543
3672
25856
44468
44803
22610
23034
2142
47706
26533
21879
3727
27321
10668
22114
20237
3805
16478
7217
17422
41748
19491
43892
35935
2175
6203
16340
35446
15092
49109
37972
5812
3548
32663
16424
14603
27826
40198
10605
43149
26394
45505
43120
44166
12082
37189
36483
23919
38881
18606
13404
31744
17265
31595
10702
15287
49293
5385
25022
18844
20367
29503
39158
31090
40228
16491
27523
26982
26795
25219
23104
13317
43281
13912
25658
27952
31540
4042
15855
2158
39707
18776
10079
25663
48380
30187
24432
5910
12658
48801
42748
17235
31471
29375
9659
35569
24810
41304
38389
25238
24532
34001
35101
40829
26946
28307
39913
29129
30136
4
24331
43441
22110
23381
42146
26872
11044
19208
45589
46078
11006
11345
24236
37129
37084
18821
42749
43364
49111
42174
12093
6123
13276
27871
44426
4506
21411
17471
21298
38603
36452
24402
16889
39898
28545
17427
47051
48829
25880
14500
11473
14297
43825
23681
31784
48396
14843
13753
12559
18371
6609
46651
34310
41366
23568
2362
15830
24517
24883
28552
22203
1078
17828
3607
38698
48030
42831
21828
38253
44702
1523
13093
40058
49504
30027
10131
37889
47902
23525
36561
40276
25039
49965
15761
16458
21294
48654
4745
2917
44513
21147
36864
30523
13014
48342
13560
22974
6981
47643
35873
13809
23599
10847
32173
8882
41860
38356
32603
36394
291
25676
33445
32069
19903
45660
46677
871
22544
7689
611
5496
34398
41524
3877
41543
35503
24492
24525
17293
17390
31583
15288
30562
28500
26407
42238
13202
41318
24095
18195
5819
39996
45429
32612
11722
48852
15245
27865
17218
14120
25332
28352
41024
40781
39120
47973
48368
6767
43684
26049
7970
2174
8996
27853
35954
10574
44249
47611
7066
32971
19989
43256
17402
19121
17168
38284
2193
19117
5460
16561
21052
39840
679
12369
9459
42702
22494
33330
15792
31577
20410
16794
43221
10874
33206
39992
598
33661
38134
10650
49696
7723
21810
4679
38117
20559
23788
6677
22514
35496
28793
2648
28704
2654
39004
27816
45882
4244
23680
7298
10862
36474
47804
20654
10707
21304
18461
29222
40317
36145
11277
3961
40725
1640
17749
8753
48520
41898
14588
7320
22291
41872
5981
14691
14479
23948
48491
12274
23445
26349
10916
5303
26069
14822
36416
44269
21207
15781
17967
40539
10272
44924
17110
32519
13963
19527
18752
22014
34394
30682
23548
32271
24336
30679
15360
10201
12982
26064
33713
22485
21001
28657
12319
631
2116
44658
5986
8686
19148
45676
46439
46854
49927
34077
49658
49819
30622
34951
4732
25283
20807
14116
43061
26360
6591
23831
3769
14619
39076
25017
26744
5453
30244
7214
40589
20907
42504
48716
38620
14962
35516
15554
46203
45687
14684
26814
8311
11801
33659
27160
32038
41131
12484
16128
3119
48287
47531
38158
45515
3615
14594
16149
47059
28508
16364
30744
19460
28321
4427
16197
36401
21492
22724
35977
37025
23135
34021
43533
2062
11325
33778
21675
3388
24016
40896
9865
9420
27746
33581
49102
39294
37394
40953
14022
48880
46332
29104
20383
48575
47514
37797
37932
19107
40152
43057
43883
18615
30567
11496
20101
40122
15075
33003
12154
49644
25323
1950
14407
30032
4573
48679
48134
49040
34793
10124
21725
21848
30883
30262
14076
13167
40686
48817
12711
18506
44590
22577
11328
1445
12346
19707
35597
42781
14015
22417
33749
48555
29709
38058
36097
24234
44302
4944
15123
5686
11737
3592
15469
658
34755
2729
11530
18076
17993
45462
20763
495
28872
6451
35457
2255
1883
34294
9685
24510
32572
14799
38688
11373
42353
9876
6132
15654
23521
5255
1739
36128
10611
12933
11301
34131
29536
37932
18724
9994
35322
36335
16783
608
1221
31071
38179
39390
30549
35542
44233
32185
38171
43964
9604
44146
8735
41564
22074
40313
22856
124
42972
34819
30139
38749
596
11241
29421
12731
22943
4928
48018
9365
14465
15178
13183
14586
10622
25793
28744
5789
33040
32299
23597
46269
9063
22817
24618
8677
11961
10279
41862
11097
43510
34864
30614
7602
29006
49578
45914
8712
44410
7246
28239
8323
14428
31996
18817
45088
25735
14186
33356
19414
37856
44321
20170
7222
5485
35912
7491
1742
18472
16465
48302
27459
2469
21663
21430
7642
7771
14879
13447
25153
28827
14645
24270
26361
38233
19466
7424
8494
7028
13941
2801
42335
11066
3613
33403
19130
4133
7450
3515
41993
17502
13114
26171
31852
10747
6020
46335
20633
7793
22765
1848
23423
45427
15556
37887
21203
43747
30820
26849
29430
8743
1710
18228
40085
41734
33994
1230
4073
13684
10082
11148
7837
36673
34382
48130
17370
1349
15729
6709
34196
13136
49949
1616
17464
30083
8393
44472
31068
27018
47365
7048
9703
12965
20572
5992
14513
19665
42579
3210
12294
46060
41536
49947
41321
36555
49939
16635
43521
16255
9355
16044
32692
40923
4581
46817
22238
23008
43278
45558
19577
29833
39352
19686
23071
7794
16001
45783
18796
15349
26914
27046
11552
24174
8976
4462
11217
35668
22619
20581
11712
13131
2582
13017
40649
48439
23635
270
17885
42815
13005
29711
10908
21396
31592
48266
27128
10812
14774
46703
7731
18985
4448
46813
32081
41867
8082
27094
9770
18257
21830
14979
29261
21980
27147
3516
41293
17863
25693
30662
47801
42715
1872
12498
38989
33300
49438
3333
8785
41267
13955
46033
18291
131
16824
24708
7680
6196
11088
3069
17856
39822
47540
6520
623
49001
9535
21773
31114
37786
5474
45399
17547
30045
20566
45452
17275
22327
47718
14605
23193
2667
30996
29979
596
7685
23200
14957
39592
3257
16243
22140
27471
7117
13384
10717
27581
24194
34887
49335
5655
20432
5522
40574
25783
8208
19169
17610
11981
16870
32570
29221
36660
43763
42119
40243
34955
35964
15544
49814
42475
13876
47851
36110
29138
3359
31237
22914
19522
38861
48047
25187
13489
26185
23041
7724
13019
48300
49426
47760
20203
7748
25205
39576
36979
40216
33117
8937
681
35499
1826
33698
10161
1494
32129
46726
45353
4901
49703
24380
10080
9883
23385
24426
18258
44095
27201
9656
36887
38466
18690
39821
21614
23407
9764
47592
31812
44536
36110
6173
42046
20244
44029
39370
15749
21788
47504
32079
44812
417
7790
30778
9757
34262
22135
29052
6353
29519
1986
24070
21344
44806
36349
47306
26323
33858
8393
47230
18227
23015
47169
15637
48758
26013
38302
22086
44753
12846
45950
45464
6078
45496
15078
33789
34644
9420
35990
23961
42330
26270
20348
23419
40258
34478
8842
21941
20067
44652
30350
49169
19872
15362
5927
44781
11467
34333
28509
30101
42888
39023
21810
24898
25295
19485
49131
12442
44981
38971
3321
3049
14521
45152
29034
16998
6015
49473
36549
10258
3653
14948
49946
7157
39116
39839
24124
22191
38910
46793
7673
37759
44724
38758
35456
13787
35903
31548
26522
35571
33183
1738
36000
6015
30827
37307
40023
17665
2889
43886
25184
40281
1257
23238
30607
5846
25179
15214
29784
25567
14129
26581
45131
40772
30965
9406
21038
43990
7261
1963
27325
44802
3992
1900
14375
48073
10786
19921
44330
45005
6631
41156
49414
48791
26129
47082
47747
7682
24497
21706
26505
32744
32954
8670
21290
18964
39898
33634
29170
624
14638
29635
49924
527
42538
37522
21883
45977
29137
37061
36230
10126
44987
3909
29366
38333
37297
42692
16447
5271
47648
48910
19601
43668
26659
10671
24397
15094
901
45558
5963
40581
31719
3802
20855
47187
48012
30456
25776
14003
23941
48595
2993
4554
12783
5568
45528
1394
32333
32999
48542
14499
9575
18953
46885
27984
13745
35743
45930
36640
4125
26922
48140
49752
24277
29855
10372
42385
27066
27451
40415
44544
48551
41029
48473
5822
43995
7986
46706
21518
49672
40371
23257
15813
27448
46849
24239
38987
43247
22463
36807
28239
16250
17764
8670
12863
12389
21063
33159
21141
39100
17235
13266
31257
19673
459
2200
34774
33180
38286
42915
13149
42001
28964
739
48765
47347
25466
46226
47487
23689
14951
48128
49963
43399
28246
3706
29850
12299
9886
26309
24267
30015
31624
8748
37176
23500
48078
19779
2472
49950
19336
35341
38302
18745
40618
36899
28171
41767
32359
30607
15448
19450
29481
38509
1247
29735
47844
47491
3189
21531
54
14607
44662
37506
22721
39268
29772
33461
17976
27401
29423
17858
44187
33719
9141
32777
48991
9227
22471
13462
43113
32745
22552
47434
12805
36009
48454
5208
14252
5518
42913
8668
44223
11801
7798
545
21529
29222
6330
12645
40817
31618
11378
6810
13955
6720
48464
33301
5463
132
11728
14224
4412
32224
27310
21316
12110
19510
39413
42484
8816
48132
45741
16930
17334
16645
29627
6408
47727
48677
5350
42592
44343
14461
17367
35268
27875
34881
39901
47492
30716
9339
45335
5655
20110
38857
20272
38885
16270
6665
109
37785
45078
35950
16532
10357
17279
8649
10329
1810
22084
28318
30455
35083
17806
30945
17165
43102
9976
35736
7513
25152
8794
16569
685
18128
21378
35261
34946
23238
4995
33260
39534
31031
25581
19780
17517
17148
36803
30246
34268
40873
10081
41254
40675
40911
32740
40206
45815
44594
34533
35308
6190
45253
31071
32817
26439
9996
29102
38290
35056
49416
41378
4504
33495
38676
41905
34477
27087
25559
17860
19539
42042
45429
8211
2142
26041
23685
33398
49346
38190
34132
16103
28290
30329
3588
11446
43093
43441
39267
23073
10716
28448
20728
3565
38710
13717
7705
38903
5148
2108
25527
15686
7719
9342
46230
28631
29418
31666
24067
24036
27506
41231
37628
46808
23224
30904
40683
14485
13227
26005
12679
2168
35719
10461
43098
7059
45396
49857
48277
19221
13706
42319
39403
9038
35071
46964
1216
43370
36071
24163
41273
49199
25148
28723
48076
41565
43561
10815
4702
3348
48622
44333
8488
36816
353
15748
3735
30280
23601
38595
21947
1767
11006
44506
38192
16089
23623
33759
11924
16603
6556
26891
11026
42564
42072
33069
26695
38648
39807
38504
6981
25985
48247
46117
808
1417
27378
42693
30131
37825
34679
17109
23821
46759
31700
27441
41324
49621
4878
19297
42673
19306
24978
2234
34579
35584
5130
32124
10021
5123
39263
15789
26295
32438
16537
43406
37181
43409
30298
13187
5784
39794
13068
21348
4658
1952
23148
9304
25856
42551
45508
47462
27946
11335
16070
5236
44273
8826
33601
28111
25961
46961
14343
25485
9426
48831
35984
31659
33969
39718
15180
27678
18984
40069
29154
49896
33556
14365
43878
36367
49664
40788
33254
4414
43643
23763
15493
45399
2847
38727
24921
27907
4606
30986
9796
18757
110
3043
13778
46020
42634
40062
15707
35668
24639
21231
9640
44191
20518
6994
32497
24169
23672
42122
8367
25100
280
11219
46762
26033
11362
28740
41740
21308
44330
42429
45030
49014
36517
40944
41117
4185
37245
12464
5036
2965
27533
40836
5791
4062
36329
32998
21044
42917
20227
36324
28025
45031
23175
18234
3197
21903
29094
49877
47132
18894
49890
44418
22456
3811
21709
47847
33692
13673
18821
47475
5094
49441
33270
14242
28673
36123
571
46883
45814
27312
18945
33438
29070
45413
45023
7700
490
16689
28647
1865
46832
24033
11381
23032
2302
27408
4394
31031
28893
39024
22260
28130
9559
37533
4931
32881
617
37388
23911
5139
36598
37328
18622
42174
16059
38111
43578
17042
38503
31051
19253
12692
32252
23260
43173
25907
3565
7460
36912
40126
18125
16587
42002
1455
14651
25355
12486
9790
29940
30963
44211
47333
36679
27898
3931
39810
36194
10973
5151
47894
3815
11743
38486
47406
34365
45241
33021
12180
49433
27658
34242
22177
7201
30090
4649
43658
16355
7480
27088
39952
35143
33535
47825
7900
34255
13895
22326
49420
33575
1330
11636
3299
35740
33804
3047
38372
16169
453
33623
32993
33415
34138
31337
13287
46879
38248
36214
40094
18779
34999
18008
48291
17796
5707
7740
31421
31489
10929
46669
12001
49182
5424
8106
24382
37147
8352
41649
38594
2912
34043
28644
9624
21371
46893
39095
38161
4742
3310
26591
35896
9587
39351
43396
38430
40110
10503
17985
38687
13265
43131
9746
30380
11192
38959
41552
6394
31234
41171
5877
38268
26631
18972
10509
28070
10898
49386
18513
12236
39868
47696
2528
47291
14947
6313
36301
27470
49795
46971
3898
37778
40901
45589
49087
20211
7524
44433
8656
10818
27375
48093
29882
30324
35273
12643
39766
29432
39351
6050
26084
40715
2528
34263
36006
43911
13894
2472
39826
47532
36756
30444
21652
35451
25728
43948
18578
4025
46539
36530
42366
38520
48471
42196
18872
9286
14218
27051
26783
28554
6839
20292
35036
22009
26581
18362
4616
15779
287
10898
22946
6765
3895
9837
40612
25386
8208
36176
827
8752
540
39036
45428
35099
40493
18435
11808
34223
19346
17877
38637
24968
14710
28300
195
34894
35625
24201
25311
18549
37331
19149
34739
32145
10851
3141
41003
39348
21311
47038
30785
21214
40007
30627
12034
27109
31583
39750
40068
13835
45227
40528
27000
38231
18576
34940
34410
4862
31765
5062
1797
18607
35124
4975
15756
35918
30643
2205
31351
11071
24465
10076
1322
40053
3095
46778
44219
31457
17875
5875
24114
26492
12490
33725
7428
14413
30200
6460
27389
38733
40884
42668
1514
4280
4932
4968
20463
20632
33069
86
27361
44023
47293
7843
36318
13498
17439
46882
11300
48476
21069
17773
3178
4039
6757
43010
42863
47213
44287
29203
36802
28220
28402
25807
18467
32568
26340
20236
16139
44305
2735
27703
12295
1464
6872
38838
16790
29188
23203
26197
35267
9819
18414
6516
2285
49134
3794
27441
578
21154
19090
38508
9470
7807
10419
16013
24114
21332
5048
19267
38632
47588
29783
12702
13641
27706
42989
10819
30497
44957
45386
25095
22554
7060
10066
46791
46303
7670
46828
20509
31681
45902
77
32863
28397
4066
48174
21988
28438
36556
41339
22154
27801
1825
43162
43247
42422
32375
24267
13770
19081
27483
13469
42360
48119
40296
6639
33594
48915
28780
7321
37210
20236
40827
48724
4654
21573
46668
27380
32847
3960
32683
25787
9130
33532
38586
13515
40188
16482
8023
8897
12714
18432
21032
47071
44632
15475
6391
32140
1943
25247
47927
40615
49945
19974
13230
12861
39084
26166
597
43660
42257
47651
44150
36778
29962
37736
38030
26092
38898
43179
32158
41626
1193
1553
28102
34024
40359
31123
10018
36635
32068
41395
8424
47107
22827
21080
22891
25314
49350
1850
19562
27300
3204
46046
39288
44029
32677
8751
28499
20463
31425
31875
22690
20867
29624
31414
34051
36578
90
24553
18422
46402
19926
4723
30170
27576
773
34087
23972
34862
27912
3722
19691
6214
39411
34078
20920
3555
22293
49203
45309
16459
31712
655
13425
5668
28969
38820
41482
45052
31381
38866
22164
11352
45127
22595
31093
29898
6360
36852
11656
4114
17707
25029
18665
25727
43533
44278
36203
15736
30312
14277
45873
40695
5801
9702
38616
44929
14354
9126
15179
15451
13029
25680
14631
41490
45568
6966
12090
30726
15229
5761
4602
20822
34492
13927
38977
36140
24695
47089
37256
36812
15196
7979
27757
20833
12658
14479
7718
19609
6619
3291
18068
22579
33317
14432
24180
35782
43683
40628
34564
29067
2119
30693
7372
22817
8991
21800
1881
25937
37310
15939
27178
1652
37997
26138
44750
16284
2631
36781
23455
26621
3554
30613
33989
13886
33563
45638
801
8957
13268
27591
40964
39741
16109
3459
31524
12691
48559
20151
1763
10107
6540
6837
7597
10365
19824
25803
40586
21913
1531
18431
10217
34207
43516
18998
48302
22227
28307
46814
21663
7374
2484
37961
33909
879
34060
43852
19904
43456
45440
31677
24149
34631
21090
1685
16774
6681
29106
29474
46357
4980
26611
33655
18687
31726
47724
9910
6896
13500
11447
44367
45301
45530
11161
43730
12659
41702
22396
44580
2737
458
39027
20387
40326
31471
4149
11347
43829
7050
27031
17207
7737
2651
25573
43570
33011
31652
8483
20183
1655
23875
41123
17464
164
41037
47195
6497
39757
523
23336
29279
9941
44875
25349
30892
4495
29738
35080
30467
19894
24543
20536
43572
16540
37306
33715
21642
38076
15765
26072
6280
37979
26036
4234
36880
33708
48281
40707
44406
15609
7391
31620
36980
4098
1922
37008
25008
41812
6127
1721
5162
46811
1491
31958
19973
8980
35741
39774
23770
13304
10778
41978
18943
18125
13515
34796
31040
2911
21390
421
37644
25682
6460
18606
18253
43651
21987
25052
11531
9612
37533
12393
3790
18176
40266
25313
32895
26947
13113
33988
41800
10071
31823
21477
39097
16582
24878
6599
45269
40406
18702
21461
26074
48959
44172
49426
18359
36687
47801
37307
14969
32050
43051
23878
16449
40158
23439
1189
49610
3335
11217
12527
9263
38838
9331
36068
8379
1470
30349
5884
6088
1522
35970
13438
34191
32288
15344
40852
7950
13445
2955
44085
11448
17380
30398
17833
4261
6691
42505
48287
36781
21408
2228
39292
19979
36946
1871
13855
25167
20306
27848
48198
13469
40929
43268
33266
5894
24452
44678
49560
12243
38891
38209
29930
443
28307
40222
33806
2209
26430
37824
47926
49722
39580
38524
20194
16884
16368
28825
40148
24030
4146
17716
24939
46450
2304
18864
39348
2845
37556
44731
15425
16646
35765
16926
5744
19778
39813
22229
22959
46175
46597
300
13976
38287
42638
35859
2314
48818
12404
29201
47453
49294
15194
35726
41896
9954
19269
22733
1981
28863
27144
45268
25452
17714
41306
30342
3674
7138
25831
41798
36554
21
371
42426
8997
12055
14806
32626
31142
18382
36726
13703
43731
1162
48198
10462
22202
18018
12480
2242
6739
31101
4250
9854
39038
47470
16816
17941
39835
49399
6712
44655
14794
30326
7346
25870
40785
25893
41769
725
9921
44951
37474
9702
10335
36711
43075
34524
13706
20262
9563
15249
26711
27033
26023
37758
29781
1488
48127
44642
43603
14827
39190
48217
38454
13912
45430
22203
25456
48921
14046
3798
1774
3356
15424
13916
31428
26899
34826
25688
48099
28433
27883
31059
39931
27396
28856
29886
41528
48572
29848
2991
37559
4776
48306
8185
12330
120
49098
1929
48240
39791
30143
45219
1224
5310
30193
28116
2602
49104
32793
2902
10600
40496
28352
43580
40921
3225
24816
12431
40644
15848
6800
36422
25107
25996
45184
28434
43626
12308
25765
9469
49693
15748
17458
12601
34484
19807
49715
47465
15546
47812
42850
22587
42623
39771
1906
17214
44411
47365
46612
10258
7496
40402
39703
27388
23056
2771
19054
28069
21421
34662
36307
6882
15056
16350
19244
36871
2436
42537
28212
28868
44992
38886
6898
46148
20249
6797
21098
7639
32685
26372
12639
11019
28979
29734
47142
26664
40082
486
779
19676
12569
2752
11867
17464
8624
27910
12925
42571
18834
31841
44344
41571
14511
19028
35528
11539
21289
1303
49312
42782
37266
20610
11480
40339
3333
40984
18234
41918
42262
19760
38389
7047
43072
31656
2640
24330
12033
31421
38409
22306
48704
32497
13493
22375
24394
44046
47404
45245
4586
16455
12366
28983
32618
13431
48560
24452
41972
32159
10333
34811
41270
17449
39709
49227
6243
42684
32174
34197
8107
36444
10323
46139
17159
16198
21977
41127
20828
29903
19560
24468
19429
21866
40135
22483
10770
43981
31039
35229
17703
27520
35766
24271
17679
49328
131
38850
41464
30969
38193
48575
12468
28447
17841
2445
28276
35294
24553
36371
9559
15801
36572
38696
40256
46438
23652
36734
4945
36452
25958
19945
18905
22321
9064
16196
20165
31160
20915
11314
27907
5926
19531
21825
32196
25915
22081
7163
29998
35077
34681
43336
10888
11276
3433
16091
8570
11805
1953
14274
38501
38537
40056
34791
35518
37288
29147
36714
21812
7006
776
29856
14553
42394
21360
11546
42656
4546
29249
19722
1777
48411
47566
49991
2021
32935
49421
16739
7092
5128
9923
15263
11931
5235
46900
32914
5998
44680
4946
48585
20234
27185
4219
26489
18354
27457
38558
18603
41824
31206
46557
40857
17937
42997
3523
36780
4490
28691
8435
2143
13898
29712
31242
1559
18715
20976
5858
28212
16440
42776
8343
10410
16916
15740
7090
5366
32711
13622
49058
39159
30990
2801
44167
45250
37454
49134
34266
31480
725
16843
35597
16611
13626
3101
11660
5120
31689
384
33026
877
2537
11180
43354
28128
7626
15586
31904
20201
15820
7389
42627
47208
3972
43510
19720
39391
45341
13717
12757
36634
9190
34119
41718
2266
40961
8513
24610
1212
15876
40799
5327
7305
47275
42527
40755
36871
12610
21562
18796
1092
13391
11677
42902
36596
26937
41047
11138
12032
6600
18614
34647
26407
2424
45516
42866
27977
29954
25552
15455
28476
10575
38162
49623
8836
23929
44886
17086
36549
35486
15954
12041
43866
7853
19940
46956
434
16392
16350
5630
27711
44416
47583
26784
16952
7665
44477
46018
5203
39732
28780
27480
33856
4743
22655
29178
33764
29780
34659
34634
46058
41344
36782
37155
1897
11228
30434
20915
3906
28109
32809
29533
21542
24275
24338
590
24475
48833
19111
9312
34407
30847
16792
5003
13604
37255
43984
25629
40132
42833
1995
38389
48952
722
7881
8281
21318
27989
7724
12131
1585
32312
36955
32242
32101
24631
10363
2580
45720
19756
20101
9156
18881
12795
49619
41838
37969
15556
45857
12284
2358
44200
25339
30710
8612
32993
33147
36081
43376
39777
46534
11520
10380
18003
37313
49841
24325
30803
15057
11223
8784
39487
2408
31079
13920
26741
20427
46528
8687
10239
44409
23655
11243
18548
42367
1790
4804
35671
1750
25028
40485
14452
28798
26155
33722
44464
49644
26370
17298
13117
14937
492
49493
17369
10449
43550
17265
22106
25459
36777
45949
30398
9657
35843
48047
48266
34269
1832
11077
37240
34249
14201
17899
250
30936
2013
25583
3270
49718
26868
16634
363
47608
30507
22813
49493
37669
30896
17176
43612
22561
12001
30996
16677
6164
18221
38401
31350
32647
22120
29212
21716
36448
6845
25912
27396
30373
4048
11892
43439
4180
19822
10420
19952
36267
32444
18421
19424
22043
46958
1198
9611
35533
13259
23825
34800
16099
9053
17594
22396
21450
2188
9019
27489
31939
37175
10711
36536
35538
6273
15923
33075
28109
46433
48700
5825
27220
25485
19149
39641
44779
9792
44115
4178
20725
41119
518
3256
33199
