3390 1762 2
8492 4664
9933 9405 3
9092 4007 8872
4288 6080 9
5639 3571 5111 3843 7254 4857 4990 4077 3594
0158 7971 4
5687 5528 0315 3515
1613 0058 10
4794 8550 6293 1080 4307 9967 0172 4666 5192 4460
0746 6280 3
4318 7743 0295
1572 2600 8
2001 2546 1795 6324 4221 3834 8205 0889
3701 9818 8
5330 0965 5849 7975 2045 0156 7942 2217
4823 3134 10
1921 5767 5833 6239 3510 2480 4163 2463 0469 6165
1361 2264 2
5583 2450
7046 6472 2
3217 3771
7833 4182 1
5808
2579 6128 4
1148 7303 9589 0529
9225 5356 4
1816 5219 5195 5980
7682 5665 8
5395 4281 7338 7330 6732 0737 3802 2883
3954 3925 8
8136 9897 2877 0715 6026 2980 1863 9681
8922 2392 7
4278 5107 7075 9497 0303 3055 3531
5968 7904 8
0249 5242 6257 3333 5979 6412 6217 6285
6689 3286 2
6587 2515
1488 2613 9
9703 2294 0770 8448 7553 5048 3555 4628 0898
0210 4035 10
6178 1939 9708 2780 3533 2318 6113 5865 5082 8682
2150 1771 1
2924
8358 7188 3
7323 5388 4116
5970 6158 7
3523 7558 2471 4503 4808 2682 8538
5590 5212 8
5298 4344 4010 3968 6810 6227 5402 1844
8378 7174 8
1302 1884 3705 5714 9208 9093 6182 5178
1603 5098 4
5513 3922 9556 0322
2956 8094 3
4520 4923 7562
8865 5285 2
2027 1513
6933 3871 2
0459 0388
7545 2344 6
9611 7904 5890 5794 9434 7493
7244 4487 10
7518 0395 9681 0474 4841 5593 1347 6116 3155 0212
1401 1038 10
9266 7972 2462 5509 4783 9203 3054 3479 9648 2666
1383 1891 3
7169 5736 8408
1656 5095 8
8403 4776 2753 3244 0369 4100 9360 9877
0664 7114 6
9255 6380 5239 1718 8242 0023
7273 7648 3
6921 6666 1238
5164 1478 8
0901 6239 6416 5996 8518 4819 7125 7623
4416 3846 7
3776 3723 8740 7242 4639 4348 9975
6230 6066 8
6253 3339 5865 6108 6612 2532 7346 1777
0362 2105 1
2953
8521 1378 2
9693 8503
9095 4109 3
7171 4237 2425
2263 1480 7
6611 1455 9647 9029 6024 2252 8720
8241 8360 6
7125 5706 9814 3840 7812 8844
6793 2685 5
8265 2378 5078 3712 2839
0132 7235 10
2557 5850 1261 2326 2462 2716 1973 7843 5092 4225
2916 3333 7
4601 0459 4644 4415 4299 8808 9611
1092 1494 8
5709 0224 3967 5773 9416 4099 9360 2845
6657 5211 7
5335 4025 3174 7308 1868 8266 7885
1136 1599 4
5737 8410 7820 6504
9061 6628 8
0154 8122 5005 2215 4699 8972 4341 4115
3072 3701 1
6081
5264 1066 7
9289 0592 5076 7510 8858 9313 8646
6809 6137 7
1572 3957 7240 0633 6937 6060 7139
1412 1065 6
6111 6389 0048 0226 9461 3749
7186 5542 5
4604 3310 4655 1548 8386
2165 0406 1
7164
3567 0189 1
5139
0498 1492 6
7435 7552 9264 8847 4969 4971
4958 1359 10
5184 7172 5121 8722 9067 0487 9678 2377 5142 1226
0764 3660 5
4816 0824 7904 5005 5076
3043 5503 1
5168
2938 0473 6
8138 1794 5756 3096 9505 7128
4633 6678 10
9707 5745 2736 9386 4474 4230 6964 1590 7890 4949
6406 5066 4
1411 6494 2248 3266
9415 3769 8
6240 4554 0695 8034 0310 0143 7540 7438
1128 0570 10
0836 2667 5127 6574 7141 9358 3538 8732 3600 8487
5138 5019 3
2902 1513 9941
2520 0928 1
5077
7168 8264 5
1555 4926 8620 9095 8717
9748 6017 9
6936 8684 6236 3510 5825 1946 7049 4557 5546
1888 6048 8
9581 5302 8431 9522 7822 5711 9584 9252
9232 4200 7
0787 9126 9996 9882 4195 6097 5899
5304 3033 6
7892 6544 6760 9838 9945 7670
1736 1833 1
5006
7766 5372 8
7288 9546 5500 3224 8798 4732 7424 6527
5519 6551 4
1753 7098 2620 4004
8754 2006 10
6646 4902 1700 2836 4847 5722 0925 3032 5792 5931
0799 7516 1
4439
7062 1220 5
2213 5953 5088 8740 7824
7991 5263 9
1442 4236 3582 0196 2594 4874 3195 7496 6574
2383 8695 7
3308 1727 4440 9239 8878 1956 1311
9670 9018 3
7334 7583 4837
8774 6323 4
3118 7939 8591 4560
2175 8526 9
1121 3400 4303 8617 6326 6687 7312 4974 6347
5391 9414 10
4270 7722 3250 3940 3092 2134 7626 0676 3323 2752
6999 2337 1
4938
0928 0430 6
5806 1539 4586 5558 2194 9555
1884 5233 10
3210 1581 8611 2624 3520 9233 6698 3122 9525 9791
5257 3503 8
8580 6255 7466 0917 8478 8757 8198 8908
2222 4004 10
3161 5915 5346 2716 7799 0579 2288 7362 8512 7251
9986 2032 7
3037 5155 2361 2828 6764 2216 9647
5344 4823 4
6262 3301 2222 0812
8562 0797 9
1713 3958 7083 7059 3026 1235 3991 5314 8597
2503 8917 6
0888 1753 7972 2395 0466 0800
9159 2682 8
0855 7506 3913 3469 7159 2487 4281 5721
3284 5450 8
7242 8885 0846 6621 0120 1189 8287 8717
0045 7205 6
0933 8958 7977 9680 9425 5130
5191 8459 10
6046 5965 2194 9516 9477 4682 0149 1550 7966 1951
0 0 0
